nBuses=13;
max_busses=25;
cap_B=[102 102 115 129 126 137 139 109 136 126 101 130 120];
euros_min_B=[11.78615688453637 11.63939709983752 8.886045289603729 14.489169797835755 6.450128869534993 12.486875938923113 6.889648724589265 12.23492759702739 6.037205680585954 13.596928170067267 6.073100369606378 2.6037176413914302 13.174015186893012];
euros_km_B=[23.180222897176268 26.930036044660834 22.560200261956062 22.036595093606543 14.4833403808986 1.3324833078331195 2.466358908816323 3.2132681057611805 18.938727703368905 27.87379527957386 23.38993936833964 29.101562437331896 11.512352106975067];


nDrivers=13;
max_D=[126 217 131 148 193 209 200 170 175 172 207 148 158];
        

nServices=16;
S_starting_time=[4914 3255 3190 2322 856 4756 1952 1935 4332 1776 2643 4107 1491 4266 958 4782];
duration_s_min=[113 102 102 112 92 84 87 105 82 97 67 111 69 106 86 67];
duration_s_km=[44 49 51 60 53 37 30 36 49 34 52 46 45 48 37 30];
num_passangers=[56 36 67 74 69 94 99 88 56 39 84 97 72 32 21 27];
BM=250;
CBM=0.500000;
CEM=0.800000;    