nBuses=21;
max_busses=25;
cap_B=[112 122 119 129 124 131 101 139 115 129 117 112 123 139 124 109 133 139 110 117 110];
euros_min_B=[14.910426517933614 3.2840120870137546 8.954008599410347 2.5360929378959813 9.970507876046195 14.175559544661024 5.800844840448102 5.445684312857546 10.200061166251553 5.5241040476472705 1.1224337003625484 5.154664564694634 13.48722800369275 5.253238275366203 3.0075395165234466 14.70382035382517 10.06253193321233 1.2339185221875395 2.309559828650948 9.789465553384069 9.765742709377749];
euros_km_B=[5.010755241158258 15.092001138142475 4.599870873057103 9.120375688166835 1.7033502732936632 20.63082183030923 12.350714672520372 13.940795214444536 4.25122805044926 6.006640500189825 23.35552303579789 29.409178260045643 23.402819180688233 1.322742307737756 8.1810917451295 17.17793478567908 16.173219616269932 1.324085165095318 14.226675415590792 6.368934961254824 8.562258846482525];


nDrivers=21;
max_D=[202 185 188 239 123 209 180 143 183 191 134 213 181 133 199 164 229 238 219 240 148];
        

nServices=24;
S_starting_time=[1624 2697 1963 3552 4009 1424 4794 1753 4271 4192 4528 2297 3480 2993 855 4058 4619 584 227 612 1180 4949 2689 3892];
duration_s_min=[97 89 120 114 64 117 94 82 87 91 108 105 119 89 71 68 110 81 109 106 67 96 98 76];
duration_s_km=[39 31 32 43 54 34 31 54 55 38 43 40 46 43 42 56 41 45 57 52 43 31 34 47];
num_passangers=[56 38 53 87 80 24 55 50 98 47 28 27 70 54 84 20 48 90 25 82 65 67 57 89];
BM=250;
CBM=0.500000;
CEM=0.800000;    