nBuses=22;
max_busses=25;
cap_B=[117 100 132 135 119 104 117 122 117 103 129 114 101 107 115 132 103 108 116 110 124 121];
euros_min_B=[12.98046724970832 11.005362647723624 12.917573830465638 7.80331207300806 14.554429998872248 7.595555035339058 3.513512739423249 1.0002297677543117 10.394894426783226 2.609356084727164 10.4220985278178 6.647212210520759 1.8278873692204511 8.652683586481803 5.361392036303988 4.648358949838363 5.030235570048582 5.232140990214164 4.28947028505258 7.762116183518156 2.531261087096558 10.427893005872187];
euros_km_B=[16.20614724438503 9.634611011723551 23.11849041981928 17.383013050707913 16.313242814712904 8.194992049849962 24.465528516394905 19.90340040742763 8.376178561834717 6.249617952609163 18.38175909564611 27.594951752126867 15.239855612902149 29.393237616395563 21.424381038550788 1.3301465589458443 21.790916305827427 25.04529390031319 8.567559667748515 20.32164946008198 6.906353149920283 10.146801616792073];


nDrivers=22;
max_D=[211 167 124 177 120 175 239 151 157 134 121 231 134 193 177 228 130 153 131 136 234 214];
        

nServices=25;
S_starting_time=[2918 4470 1942 4732 4876 2217 2236 2630 1646 2764 3153 3507 4709 2212 3588 4151 113 3277 3267 1205 4950 3674 3571 3424 391];
duration_s_min=[105 110 108 98 89 119 94 76 101 94 91 64 61 65 94 93 89 87 88 107 61 64 84 88 91];
duration_s_km=[35 40 48 53 58 46 50 47 42 42 60 36 52 40 35 35 47 30 58 34 55 46 45 35 40];
num_passangers=[30 68 48 81 89 86 72 55 93 32 88 79 52 37 63 31 50 77 57 71 20 43 48 29 56];
BM=250;
CBM=0.500000;
CEM=0.800000;    