nBuses=9;
max_busses=25;
cap_B=[117 132 116 124 117 104 105 101 139];
euros_min_B=[2.67222577422472 4.799241127219758 3.190708445125739 13.102956951008288 6.02843591460482 8.991334738130414 3.9382181832714647 10.490035732102188 4.255998442055045];
euros_km_B=[22.851402769566285 2.6304666214618444 8.246824958824416 19.74918132309845 14.650835050444972 28.68667286528648 9.84795729086594 9.351241859700984 20.10333931467389];


nDrivers=9;
max_D=[154 217 189 214 166 175 211 221 214];
        

nServices=12;
S_starting_time=[4923 2712 1829 4157 1935 216 2118 4117 3806 1540 4310 3856];
duration_s_min=[61 80 114 77 62 89 107 68 81 103 113 68];
duration_s_km=[37 35 54 60 53 34 50 53 49 49 50 32];
num_passangers=[56 98 24 26 53 45 62 25 76 90 84 64];
BM=250;
CBM=0.500000;
CEM=0.800000;    