nBuses=24;
max_busses=25;
cap_B=[122 103 115 132 125 101 114 112 130 127 104 104 122 105 127 128 133 102 134 119 103 108 121 111];
euros_min_B=[13.863235416254671 2.5043511473340248 10.38533691958461 6.036984816329037 4.044502389649505 6.834791413758445 12.187095754152512 14.405564053582882 2.515649381915375 7.1399590954255565 7.481072964461738 12.297460192338072 8.700452281667893 2.430773280457995 13.029996367165921 13.409415566735381 2.953177183366905 6.477285787402876 8.145801364329477 10.599460435776294 3.713299726834791 8.14083697456771 5.654145671829399 8.590579633680363];
euros_km_B=[7.071177916982304 24.56265282030745 27.544420933777428 25.87107109430579 19.09828379850254 5.6653800911415235 24.28639422013151 7.285270356426813 19.540253851275818 14.610643522770639 28.681816954846628 7.479137903048435 9.174498061869146 14.54041543295053 5.624518835534336 19.707635489225527 14.298588547748334 21.04349522219442 19.52154616718246 26.003078895084005 29.210240169768063 10.830689515089196 5.108894910064274 11.276952661756047];


nDrivers=24;
max_D=[185 163 127 236 163 217 212 138 183 124 122 207 164 160 172 170 168 187 194 178 160 233 191 155];
        

nServices=27;
S_starting_time=[2944 875 4873 307 407 2108 1902 2243 3598 2393 742 1488 4958 1004 3930 672 2572 3192 2136 1333 2006 1355 278 239 2255 1056 4096];
duration_s_min=[76 89 112 71 97 85 111 116 79 81 98 79 79 97 74 115 110 74 113 85 71 63 108 91 110 98 73];
duration_s_km=[56 36 32 32 36 31 37 55 55 55 42 47 58 32 57 55 47 41 57 50 46 59 32 34 37 32 43];
num_passangers=[32 28 61 78 82 66 92 75 99 68 50 100 86 88 94 73 94 84 63 88 89 47 56 33 27 66 98];
BM=250;
CBM=0.500000;
CEM=0.800000;    