nBuses=23;
max_busses=25;
cap_B=[120 115 133 110 118 101 109 104 101 118 102 131 131 108 118 134 118 122 101 126 126 110 110];
euros_min_B=[2.0167333668354486 4.376762700067452 4.640863306359508 1.1856251667311597 5.595646168906935 8.16613732524803 6.344935815993182 8.812300900639265 9.974190857374905 10.780636477719032 14.40368564135552 11.233166492116716 5.92156568389196 7.391638222697974 3.7410858069427264 1.4398357605827319 9.95297085159812 3.911307103383952 10.05230167446787 9.980198711871507 11.700788400095657 6.448660592461281 7.538650840688816];
euros_km_B=[15.721846126734912 3.023606345503251 27.93191876310124 3.8011155211500687 26.7254890864593 9.179813427009208 16.93258632883535 12.723323303117475 24.388816297397053 4.238449836236677 18.975783643745938 5.413020329100611 19.944464063584146 8.9376752230859 25.740164827839067 25.157733630560827 20.224143148953505 15.85771282880879 14.70392050941567 27.52474139927484 26.59455874129163 25.463509160472338 7.812445153189388];


nDrivers=23;
max_D=[152 191 177 217 134 145 240 199 121 161 131 134 185 160 168 190 133 195 195 186 134 181 203];
        

nServices=26;
S_starting_time=[1374 3426 2564 2783 2037 238 3942 4031 14 573 546 3128 102 4030 1688 519 3001 4144 4774 44 1342 1478 4030 982 4740 4742];
duration_s_min=[97 117 95 89 99 112 118 102 83 74 106 114 60 73 75 92 62 95 95 119 119 112 68 93 71 80];
duration_s_km=[41 46 53 53 33 55 55 48 31 45 34 31 46 51 30 39 51 35 33 52 45 40 38 45 48 55];
num_passangers=[26 64 85 80 85 76 81 78 23 56 48 34 45 26 96 46 80 66 74 89 65 23 70 39 32 81];
BM=250;
CBM=0.500000;
CEM=0.800000;    