nBuses=12;
max_busses=25;
cap_B=[114 103 108 119 103 117 106 118 108 136 120 127];
euros_min_B=[11.043612975203946 4.911597694403165 12.613927204154404 12.940460976353428 9.263693929658839 7.82264792361557 1.592408056236634 14.488408433272532 8.642079824102822 7.400987473402325 10.21672772587534 6.6383841062279085];
euros_km_B=[26.353448296446352 26.135817593440688 12.133209565931587 26.336309310212332 5.882863073335106 9.96797782189238 22.853248230328678 6.651800729599221 8.738273415470378 20.235074705315817 24.71149017788171 4.689657180833632];


nDrivers=12;
max_D=[175 175 218 170 160 178 159 220 202 128 196 125];
        

nServices=15;
S_starting_time=[782 1694 3570 4519 3731 1076 1098 1617 4869 3917 2075 1489 1116 3376 2305];
duration_s_min=[106 112 102 82 114 99 91 62 115 77 66 109 79 91 113];
duration_s_km=[48 36 57 51 46 59 40 31 52 30 57 56 35 34 35];
num_passangers=[89 21 75 70 22 65 30 77 22 82 72 65 99 58 94];
BM=250;
CBM=0.500000;
CEM=0.800000;    