nBuses=25;
max_busses=25;
cap_B=[117 115 105 135 132 137 124 128 100 101 103 114 125 103 105 137 133 108 117 140 126 117 133 135 122];
euros_min_B=[10.945246127083822 6.06575626966829 3.7066000430110786 6.128264116446455 14.123637865232745 13.40982268560504 8.069682385719998 7.956135535218905 8.917001876427811 8.217285042415273 9.553564496250564 3.938080435436677 13.498972617768263 14.570581633445661 14.321644366781772 12.778142732010508 12.626006279379569 14.772387847952812 10.924119708752782 6.173514921331015 2.2563521008052247 3.5808546940715917 6.8392112961421905 7.720193315351084 13.252437353125991];
euros_km_B=[6.5650549028717995 7.7699800760400395 21.956683347071774 1.86957109531506 21.196762167850036 15.098134331748046 25.174704547469176 17.98555554095082 25.545226999958935 2.8052112080579064 5.154875022060477 2.795829585160733 20.94642763603327 18.660591825148025 11.262109433335585 22.39981278229318 25.530763663063997 28.26787713047229 3.9882314444730222 14.795062060073933 26.576753527588675 24.20801580257668 28.475371141518128 13.892446490568645 12.732739588681852];


nDrivers=25;
max_D=[132 227 130 147 189 197 138 180 208 182 143 176 216 186 216 150 159 221 124 191 222 168 177 230 179];
        

nServices=28;
S_starting_time=[4399 3706 3821 4751 4746 3070 4101 4252 173 3063 3365 4336 3239 107 2967 3505 1129 2718 4952 1478 188 4493 4332 2483 3589 295 4268 8];
duration_s_min=[90 84 100 115 63 110 92 74 113 95 88 86 110 86 79 115 87 101 76 107 108 103 92 117 119 70 95 65];
duration_s_km=[43 59 52 38 40 59 31 40 37 42 55 41 42 47 44 41 48 31 30 48 60 59 47 50 48 52 55 49];
num_passangers=[59 88 63 25 20 77 79 95 72 56 41 85 56 61 100 57 61 71 70 34 66 77 20 39 77 68 51 81];
BM=250;
CBM=0.500000;
CEM=0.800000;    