nBuses=27;
max_busses=25;
cap_B=[111 129 103 138 129 126 117 116 124 140 130 102 103 130 129 108 104 134 109 111 112 111 106 114 124 120 132];
euros_min_B=[13.324412958226464 9.60566045373868 11.584082587997695 6.262006552696464 5.670505085954499 5.0205208911983625 1.9086672711896466 13.71642063651225 3.7174634729552523 9.202301949905758 2.0211265841519115 13.59042964162403 3.6967529401471344 5.933081434237722 9.385754995031894 10.527504724660078 4.698402213471101 3.476348566814594 9.72207629987857 11.323153312930504 7.221690811939057 5.141215820660576 14.002965852341932 3.7025948888433557 14.391325010205794 14.625289604936984 6.505194280542596];
euros_km_B=[8.526584534709853 8.239795522058214 6.748108348522995 16.568999612461898 27.88477296441208 17.04403882199955 11.226982123549835 14.872443817969254 18.89881374724207 20.428166067890363 28.319794246011153 21.162125146083493 1.119974040910718 29.136468452211332 28.46877593356261 21.036638610979175 22.871341422573014 2.0503376687624977 18.307938141606737 3.9070602641713092 29.374750509979357 5.305142683075345 22.051982329706593 29.150741419642994 20.04697258728184 12.173634669260055 8.653832572965413];


nDrivers=27;
max_D=[197 201 227 183 216 127 209 156 182 179 183 196 191 124 123 166 164 123 203 125 131 188 177 208 143 165 170];
        

nServices=30;
S_starting_time=[1103 1410 2724 1985 1425 1445 1578 4671 3670 3508 2645 3854 4956 678 2098 3911 4336 4411 233 4504 3500 629 4534 4905 3430 3615 4613 561 231 3309];
duration_s_min=[93 93 87 93 70 66 101 71 95 62 83 83 66 82 94 100 71 97 80 60 98 113 102 103 93 82 90 64 116 86];
duration_s_km=[46 44 50 60 59 41 39 53 34 53 52 49 53 59 58 43 60 35 32 49 59 32 40 50 39 46 34 58 41 44];
num_passangers=[41 63 77 73 28 98 28 75 55 55 90 98 51 63 45 69 70 44 90 39 79 70 58 91 83 93 100 48 24 94];
BM=250;
CBM=0.500000;
CEM=0.800000;    