nBuses=8;
max_busses=25;
cap_B=[130 100 100 103 123 137 106 101];
euros_min_B=[3.4028949347588853 4.8118992542361525 7.355903612936692 1.3186441791436845 7.071093130597511 13.830726394665781 13.29499525050172 11.404746773777267];
euros_km_B=[18.304936754346162 3.9133202493782493 8.128743333796036 22.148256538233447 5.386424339162171 28.16785063148917 24.30182290430309 27.46364805240172];


nDrivers=8;
max_D=[197 198 169 169 182 163 144 197];
        

nServices=11;
S_starting_time=[3178 298 1643 2364 3601 4478 2350 2045 2817 2671 2701];
duration_s_min=[92 95 98 84 66 74 67 104 79 86 96];
duration_s_km=[45 49 42 40 52 56 36 51 56 32 30];
num_passangers=[50 37 88 35 84 75 22 33 46 84 62];
BM=250;
CBM=0.500000;
CEM=0.800000;    