nBuses=10;
max_busses=25;
cap_B=[110 117 134 126 135 124 120 140 125 125];
euros_min_B=[6.9074817623609235 12.382167736911349 12.504627960935386 7.360334023809657 3.2576398410808807 2.0324300102949273 6.873901135145569 10.267435936600197 2.6575967081038376 12.232022733144802];
euros_km_B=[26.94280569672095 14.067308217889567 27.63731755194121 1.091810478597392 22.471584385553474 12.465665073439224 27.213962025094883 2.521117147483962 6.374942257259497 26.002358472727];


nDrivers=10;
max_D=[129 202 135 128 233 206 150 123 204 192];
        

nServices=13;
S_starting_time=[1337 3963 1989 4672 210 3067 3622 3014 4979 99 614 1116 3482];
duration_s_min=[60 62 73 65 87 84 92 86 73 74 65 78 62];
duration_s_km=[52 42 53 52 42 53 38 38 30 47 46 57 60];
num_passangers=[27 61 97 77 60 78 78 75 81 62 74 79 75];
BM=250;
CBM=0.500000;
CEM=0.800000;    