nBuses=20;
max_busses=25;
cap_B=[126 134 114 118 105 105 127 103 104 113 107 114 131 135 123 133 110 131 111 104];
euros_min_B=[13.938681911984231 3.734473807586383 12.842165389770713 7.744746200054525 2.5163542083788766 4.825782141130272 5.138024919177184 4.160945779294643 10.998263038229487 8.816568369485353 12.637002353251148 4.417215656689349 9.801812106184482 5.613921030028388 14.472080052116528 14.556140525672248 8.26276928342113 4.852815139669765 14.355413841543527 2.2613997942525677];
euros_km_B=[6.991241958292868 8.510848839918921 22.96440135881925 20.619088276373795 29.436086730176495 26.683416011116584 22.751262932592006 20.839490587438227 16.18366465993751 9.68965073292655 21.56465649550873 7.549323417600057 6.213755841118908 28.39237967841509 15.328915216803864 20.02050143700713 24.034901597082435 26.11331515020757 4.033029620615465 21.009792778154306];


nDrivers=20;
max_D=[191 222 237 154 212 144 123 122 179 212 159 195 154 191 126 227 218 165 146 135];
        

nServices=23;
S_starting_time=[4594 2709 2753 4890 1927 3073 1097 1844 512 197 1760 4185 3899 2766 242 4296 1892 322 473 4644 4716 4110 4367];
duration_s_min=[71 116 108 117 105 106 113 94 117 67 100 104 113 83 100 61 73 91 91 120 72 99 83];
duration_s_km=[31 56 52 47 51 49 47 56 52 46 30 43 44 41 48 34 37 45 43 52 55 31 40];
num_passangers=[38 74 98 89 69 69 60 93 50 95 29 86 55 20 94 41 100 66 62 63 100 51 43];
BM=250;
CBM=0.500000;
CEM=0.800000;    