nBuses=26;
max_busses=25;
cap_B=[124 124 122 125 121 111 126 111 109 106 129 116 129 100 112 100 120 140 116 130 101 124 110 125 131 108];
euros_min_B=[14.322133588182782 8.840352943608481 3.308360946176689 1.8034311685904136 12.597756759735418 5.195648743655829 9.567966520318127 4.025582691296177 6.1816298179676785 12.507054534697682 4.017311353268145 12.355680010864772 2.6806198648388997 13.103595063584443 6.800651859766097 12.907649974099595 14.20431399045051 10.409473224141205 9.320722186089322 11.488153982928136 12.647251778469286 4.052725527943155 13.866990762392918 6.581840387060873 8.815881097650745 4.762462198366496];
euros_km_B=[2.600013620177509 13.905194153021048 4.7649001089136584 2.8936900866771658 14.363774876787765 14.99501438255659 10.794657818696088 26.860314749266344 19.418561103103215 18.811402352464693 24.00703553261065 17.542511808366484 27.334074101822047 19.90343449595973 26.20053647162283 7.04787103440213 3.3059874807661336 19.11317485004297 10.141900387183915 11.061379666821246 10.056581802458153 18.623718515694193 12.231591574838887 9.459080719558846 29.048680885058232 1.7284957255907076];


nDrivers=26;
max_D=[168 229 148 192 237 222 234 178 154 125 227 133 220 169 226 202 232 198 173 129 233 225 135 131 131 162];
        

nServices=29;
S_starting_time=[64 4821 4988 4691 1862 4021 4920 3632 4003 3736 2593 3476 4073 2898 4253 416 3353 4992 696 2829 2325 2177 813 2799 1521 467 1171 4931 4489];
duration_s_min=[67 97 79 96 96 86 60 97 106 73 113 96 118 76 73 82 74 74 119 108 114 110 87 77 111 96 111 109 92];
duration_s_km=[52 47 34 44 34 60 54 52 46 56 60 30 32 37 36 53 56 52 33 51 50 57 36 42 45 38 58 37 54];
num_passangers=[48 100 78 52 53 60 100 50 48 60 54 43 73 72 65 56 43 90 22 87 66 94 49 74 66 78 36 23 82];
BM=250;
CBM=0.500000;
CEM=0.800000;    