nBuses=14;
max_busses=25;
cap_B=[122 138 138 131 117 110 126 135 115 130 102 111 111 111];
euros_min_B=[2.6913030376367075 5.144444025904211 12.654925660353433 12.717358963082262 7.711747516358267 4.085248026229861 13.13689383994762 6.467067487137465 7.993218798460358 13.005706351747417 4.861287846883088 4.6087434597508725 7.7637715593602605 12.999741076095543];
euros_km_B=[29.481282590455358 11.34721811355637 24.487258763690736 1.5574071747486462 23.407431808604795 2.3607418352383376 13.801039329847438 22.601484021249522 26.508188053952058 29.465283532639553 3.7262730748053765 14.420067758768942 19.85152362779945 10.975037672972487];


nDrivers=14;
max_D=[136 146 122 189 166 209 160 213 147 143 198 173 222 216];
        

nServices=17;
S_starting_time=[2720 4635 712 3709 2999 4962 634 2655 4321 2945 2736 3163 1902 4067 1627 1156 1413];
duration_s_min=[101 81 108 119 89 119 82 112 92 69 100 103 60 115 120 67 104];
duration_s_km=[60 40 56 31 33 52 34 38 44 45 38 37 37 33 53 57 44];
num_passangers=[43 34 85 30 85 79 92 21 67 77 87 65 27 92 41 82 40];
BM=250;
CBM=0.500000;
CEM=0.800000;    