nBuses=16;
max_busses=25;
cap_B=[120 133 134 107 102 112 136 136 102 125 123 129 112 128 109 137];
euros_min_B=[11.7424480643648 4.824336249228477 8.243152676312034 1.2190241075125718 13.416256397278136 4.714188835937303 13.410485062756111 13.240830937569799 6.402025558874105 10.132494831651623 6.848813591431933 5.987347163481668 13.940067157178252 1.7392134229463194 6.0068742516789495 3.155547594502872];
euros_km_B=[22.073575234226013 9.334711615426448 7.747339066804453 14.636161042695257 6.1034179972812135 22.015557881858438 4.733415593200714 19.55278907864503 9.530930976575323 2.250509001484111 15.755310426186513 15.97946782281174 16.2687545892555 15.744341962888353 26.118174703801323 16.543914354823215];


nDrivers=16;
max_D=[152 217 160 193 129 133 197 155 173 228 165 173 126 205 152 161];
        

nServices=19;
S_starting_time=[659 4646 624 2098 2681 2366 629 4763 1651 2304 3184 3542 654 3654 941 2500 1477 2348 495];
duration_s_min=[94 87 72 76 91 97 115 103 106 87 99 111 107 102 84 104 69 119 112];
duration_s_km=[52 40 36 45 59 51 34 36 39 40 41 40 47 46 36 56 51 55 50];
num_passangers=[67 67 49 93 79 26 68 72 80 95 21 91 79 60 87 39 43 56 70];
BM=250;
CBM=0.500000;
CEM=0.800000;    