nBuses=18;
max_busses=25;
cap_B=[102 134 131 117 133 120 137 122 113 102 116 127 124 112 107 113 129 139];
euros_min_B=[10.148468971801663 11.086461299482538 7.816513487893569 9.118925448888618 1.6016269211839549 4.4959541872974365 11.94273600683949 11.19563077741169 4.990706905024624 9.767209658767218 10.426952557174461 8.388815813187954 5.439395329214104 1.9204132576249886 3.8329495584966624 1.1105729194590284 11.430086755635456 9.815947204488943];
euros_km_B=[17.431524811715658 12.806886176191869 28.85709276769316 14.745908791372504 27.50214813279232 26.615136551055592 4.1978169453753615 11.848240998855136 9.149111673009683 4.547356935995435 29.086615341540774 14.86752937406258 7.85722008296768 13.211987205797552 7.322455713826516 26.588592495522896 4.20765360949836 19.93139583192062];


nDrivers=18;
max_D=[159 147 177 188 202 133 129 226 122 180 171 219 168 157 127 169 167 174];
        

nServices=21;
S_starting_time=[2491 1389 1866 936 2014 737 3782 4529 436 3207 332 2992 2110 4818 4017 4359 1068 166 3913 438 2711];
duration_s_min=[114 96 75 60 110 113 110 85 62 61 108 78 98 92 87 118 91 66 117 104 104];
duration_s_km=[48 54 52 42 52 40 43 56 53 56 34 43 42 45 37 56 47 30 41 31 50];
num_passangers=[59 38 47 54 77 93 85 33 43 87 38 73 85 24 61 72 20 87 90 48 77];
BM=250;
CBM=0.500000;
CEM=0.800000;    