nBuses=11;
max_busses=25;
cap_B=[109 129 101 122 139 128 103 108 104 120 114];
euros_min_B=[7.71705722331103 1.456982704449018 10.276608677267225 12.45285006287498 11.865632779464196 1.4650984463006658 3.474078872474002 8.175471256833632 10.513813595404457 3.221991644165544 13.801790739936232];
euros_km_B=[29.89999925692158 13.261902701935423 21.71908132908914 26.392834580909845 11.925498676657856 23.4434234420428 13.79186788380844 28.971535016576397 22.459767783251955 20.579609048240734 12.498395062471683];


nDrivers=11;
max_D=[175 218 194 181 135 201 128 188 215 189 132];
        

nServices=14;
S_starting_time=[3219 1181 1843 1945 4296 340 648 1435 4422 1833 3335 1640 1467 951];
duration_s_min=[87 66 67 72 90 109 115 72 112 65 64 66 73 77];
duration_s_km=[54 36 57 30 34 37 53 50 41 39 60 30 52 39];
num_passangers=[73 23 55 92 81 60 88 32 76 99 55 46 58 52];
BM=250;
CBM=0.500000;
CEM=0.800000;    