nBuses=15;
max_busses=25;
cap_B=[118 139 108 101 128 134 131 105 140 132 110 110 139 100 104];
euros_min_B=[3.1934248923760755 10.497930579674742 11.10128434656819 14.438319502508596 2.9771009436118416 2.99574717255767 9.277356769890185 8.840847007017793 1.594815109154871 5.610288886936983 14.51738212023236 5.375761564432865 9.196143987989199 14.240607642227506 6.253803456434357];
euros_km_B=[2.96083745396942 29.068680404458586 15.734420490570749 16.51897097893847 14.681497384738742 14.374541072213177 17.423119386482124 19.025965195509393 21.857512289915725 8.266957044295387 19.609624182639525 6.9914626208318325 20.485243880154105 28.629356162003166 3.3442799744346208];


nDrivers=15;
max_D=[227 202 202 182 142 183 214 184 143 166 203 229 168 133 148];
        

nServices=18;
S_starting_time=[4771 2596 3593 4614 4471 904 2975 3595 4467 1071 814 4647 165 1661 3182 2390 3462 98];
duration_s_min=[94 105 88 117 69 61 116 112 113 120 108 66 69 72 64 108 102 91];
duration_s_km=[34 40 51 53 46 48 39 44 51 50 34 31 57 46 38 53 43 53];
num_passangers=[80 55 84 57 58 22 85 77 48 32 46 31 39 70 92 75 93 26];
BM=250;
CBM=0.500000;
CEM=0.800000;    