nBuses=19;
max_busses=25;
cap_B=[129 116 108 114 126 113 116 118 108 132 124 117 115 112 103 130 139 130 122];
euros_min_B=[3.830550556802197 9.801098355150124 13.772822200249847 13.166588143298158 3.745709371246652 10.333133703442364 8.31081444726624 5.173033629931896 3.2801952505060417 3.0753660423189615 5.021014412539948 5.719623357484919 12.720869301162352 9.883046821930275 13.317617302959958 3.3533061956896435 4.326002723818567 14.367115296628596 3.538780139737238];
euros_km_B=[23.655662404041664 7.114617373276373 1.7120568825381273 27.282701757316737 5.7031451379382165 13.19457866349434 9.231596640246867 21.33760841834296 9.621143049693076 9.841771653489543 22.072966475643756 12.10513547554299 9.673189118314824 17.942776351156613 21.97898446656651 18.45577621902302 5.678697781397304 25.532069161495855 19.514591900464023];


nDrivers=19;
max_D=[197 128 206 238 221 221 208 210 147 229 211 156 130 141 164 216 176 131 167];
        

nServices=22;
S_starting_time=[3290 917 2302 4477 3870 3253 2901 4291 3747 2981 641 1934 2723 3747 3122 3048 4150 3150 61 2464 2600 63];
duration_s_min=[68 112 86 120 112 65 85 73 95 118 111 118 115 114 114 96 90 69 88 70 84 70];
duration_s_km=[32 51 52 35 58 57 35 37 35 46 43 60 50 49 44 44 32 53 53 50 53 49];
num_passangers=[81 94 20 86 23 93 89 30 74 30 58 20 91 47 69 67 92 65 61 72 39 80];
BM=250;
CBM=0.500000;
CEM=0.800000;    