nBuses=17;
max_busses=25;
cap_B=[128 119 109 125 104 132 115 136 107 117 125 121 133 103 104 102 114];
euros_min_B=[10.053960044456602 12.831099241511833 2.2932922940077143 1.8197611250807268 6.148107406268727 2.1970115599323474 14.479089066683757 13.106685595805738 4.786735463916736 11.032971439463955 13.909152594140405 14.038559594136455 8.358578374259652 12.65260275389268 9.05689713442687 10.294596964508234 12.928650365479369];
euros_km_B=[27.799162058553772 25.310961967202577 23.036699484545803 25.254589524873005 11.372555515029326 28.871284561812896 8.101719676393126 2.718198266035743 26.206278639638235 21.874490215265677 16.52266338868217 13.330511776457826 26.47450402923218 22.80758944300859 9.795655227999479 23.94639498588679 18.001807265648967];


nDrivers=17;
max_D=[193 212 141 155 232 239 210 206 188 234 135 126 224 173 197 228 209];
        

nServices=20;
S_starting_time=[1669 4740 4798 4112 4125 3267 3056 201 1085 1549 1514 2540 1822 2349 812 4596 2249 3831 1123 3740];
duration_s_min=[70 103 112 70 85 69 83 63 104 87 81 80 68 70 117 88 96 107 79 118];
duration_s_km=[34 44 56 47 53 31 48 51 46 50 39 58 39 46 56 42 44 45 33 34];
num_passangers=[39 83 74 35 58 28 28 41 79 30 35 73 59 51 56 30 46 46 86 95];
BM=250;
CBM=0.500000;
CEM=0.800000;    