nBuses=61;
max_busses=65;
cap_B=[103 60 84 40 50 107 44 80 26 101 62 121 63 28 123 127 24 49 101 47 36 21 70 101 40 44 99 60 126 58 108 47 118 135 98 33 135 47 124 50 24 63 111 72 22 132 135 103 59 103 105 115 68 23 112 87 120 84 128 117 140];
euros_min_B=[9.754320232945926 6.521531156491402 3.8718481800484232 5.370380762458852 3.3944274810166126 14.087285787029087 11.947754618889903 2.343152340665417 9.992405389110333 6.062587910313532 14.676539739385037 10.012098671464072 13.92003740753294 13.723978843057616 5.076470700550502 12.574721942274138 9.52781196382148 10.064760448927185 7.9590616704432655 8.72286464460035 4.29885324203159 4.348766961754829 9.23409968775143 7.013292846240942 10.466846992898493 8.339851051432824 1.3385687160568207 8.218465288354338 3.5531676632992157 13.209551451985943 7.903709819363503 5.849862023832118 3.334216021316694 14.523132442946478 1.9476772408648604 8.907346404245708 11.058453873550057 1.9457910599453592 14.556287306627237 5.003776189332618 11.472223575992198 1.2248104924564753 10.804395262046251 8.412975190210119 5.672053532800216 7.281088246119823 3.3830274520082018 10.698811012923409 12.448662907522197 4.154380109073702 9.235891892843117 7.050427905280405 12.631333714629177 13.883079757984353 14.725379154274403 8.491127549799138 9.8329498516948 12.723263310306617 12.933709156175887 10.912056354992343 1.2301507457884573];
euros_km_B=[2.9795790333736756 25.07923255548062 1.7585015696579078 16.382253451011117 21.798257607594955 2.5265669684881704 27.897613179959407 6.308155356904521 10.178883928775306 23.15392512064369 15.204975844054362 4.050897425282678 16.841490772008846 11.384746159266061 27.25848216852599 2.687488931575933 1.912324414259047 29.294663652007813 28.743804466470326 2.7653396552228804 21.797345360713777 7.744763808134508 3.7449643707457083 18.80783419516958 2.658705420438895 7.2593091806884615 6.143233320112791 5.179110806615616 18.855946509615993 22.71906332726238 8.664933971883869 12.146104370858858 21.81032080269312 8.569691779065254 6.279408514166948 10.777909608342243 18.202903994804945 23.01014042976547 18.95371943951706 16.55764891179093 5.734742775358205 26.27524673361693 4.037324031872551 24.469860932212733 29.836120358589987 1.314585173840996 27.604252906636788 25.181254007937277 3.6276719709557987 18.639207386222477 25.517028730095582 17.483576725430783 13.928510728347579 17.07312434238599 21.008647162789178 18.755277744765948 21.01777336799062 20.433551286306407 29.568391137966138 21.582368168198663 10.215872387768197];


nDrivers=60;
max_D=[178 159 185 195 230 124 229 129 138 230 214 137 239 220 186 182 170 236 190 189 121 156 177 197 196 144 239 161 210 194 217 189 215 173 124 177 137 124 167 196 181 199 191 232 203 160 149 240 170 235 204 209 183 209 132 189 203 171 123 132];
        

nServices=66;
S_starting_time=[405 671 255 295 320 119 97 583 132 233 520 42 661 629 293 45 234 31 247 117 602 289 180 497 659 419 548 249 50 629 481 184 11 407 256 612 128 207 493 577 376 499 182 293 645 481 369 399 437 542 237 424 242 82 493 282 519 30 270 162 0 87 637 165 347 619];
duration_s_min=[70 100 80 92 60 105 65 116 97 87 70 72 110 60 71 88 95 107 95 66 70 120 119 120 65 71 98 80 90 84 62 109 82 99 86 104 115 95 66 89 105 80 71 78 117 84 109 109 90 111 74 119 96 91 75 84 86 78 100 75 112 95 82 97 108 84];
duration_s_km=[39 33 32 57 46 33 58 46 56 60 35 36 41 36 30 30 58 37 50 30 46 58 56 39 40 57 47 40 58 43 42 51 59 55 52 36 38 55 31 42 59 59 38 39 57 56 50 56 37 30 33 57 59 32 53 49 55 38 59 33 40 50 55 30 36 36];
num_passangers=[96 22 35 46 48 48 23 64 57 88 48 91 80 42 100 79 99 93 38 98 55 60 75 30 97 52 72 33 82 76 82 22 48 30 69 58 27 61 28 38 85 44 55 31 65 94 27 65 99 68 95 63 72 42 31 27 88 89 76 21 93 76 54 68 42 52];
BM=250;
CBM=0.500000;
CEM=0.800000;    