nBuses=29;
max_busses=27;
cap_B=[108 86 61 110 38 78 128 37 78 114 83 63 99 84 73 119 25 86 21 121 128 77 96 136 80 124 33 54 27];
euros_min_B=[13.649303093880967 9.719037516241821 6.818680679588299 2.2137929633748215 13.853619232213289 7.662694405680828 2.3714293612016357 7.040506513011243 9.994567376286769 10.769236287905569 13.022902150362288 2.233325576595224 11.313679002078992 5.81482532084868 2.725027690249164 8.804034236195967 10.220253162485278 6.777947822297589 13.66483097547189 1.9109601008052595 1.9045824211654352 9.24610005603409 4.682822451383883 14.954403492732311 12.3237147060171 12.791374141969492 3.7050603958566253 12.757980313585383 9.289978978036439];
euros_km_B=[23.492146936512572 17.64080598350417 9.31182432671569 18.138669034355893 7.740701971444377 2.4519133520028844 13.38310601152269 25.528521083822504 7.962964264343238 28.493951140622823 11.901747240068392 12.445972281061133 21.387621935928383 9.732223223091617 21.057048037953557 17.089985497851316 14.51553295448975 7.414259283285206 9.178163759986568 12.674772784066262 20.701616313389245 27.139751065996464 4.349676971104323 16.53795378897186 11.365477278967878 14.954967392224622 26.76045648750237 4.644848517485584 22.446337193188068];


nDrivers=25;
max_D=[153 198 154 142 239 218 217 201 137 237 191 137 169 159 167 170 135 228 145 200 193 198 148 213 164];
        

nServices=30;
S_starting_time=[96 458 555 611 517 335 568 427 175 143 493 117 401 373 466 59 526 634 660 695 333 71 275 481 625 572 360 633 584 283];
duration_s_min=[64 88 74 114 85 79 62 72 89 75 94 117 96 70 68 71 70 91 97 84 79 103 104 97 82 85 86 90 112 93];
duration_s_km=[42 32 31 54 59 33 52 44 60 60 35 35 30 36 44 38 45 60 55 45 31 56 37 54 54 53 45 41 33 60];
num_passangers=[55 55 22 31 36 47 98 97 87 79 25 32 45 71 90 93 77 99 24 92 72 79 50 38 24 23 38 61 37 24];
BM=250;
CBM=0.500000;
CEM=0.800000;    