nBuses=42;
max_busses=36;
cap_B=[53 121 83 58 96 125 39 91 98 124 91 54 116 63 27 96 61 136 52 28 69 87 135 82 78 35 73 111 56 20 37 42 53 138 100 32 57 51 84 29 39 57];
euros_min_B=[2.751237300639196 6.340603816945571 13.064157265935151 9.377867133651772 3.710181688952571 1.0461803887611092 13.485169688114027 14.472299137541707 8.987598401584984 6.953169245649235 6.706684549743645 5.628831905768591 1.685476071983255 11.621975064319683 5.024943767969044 13.548051516330608 12.086587892126094 1.495263839018027 11.334976971632285 11.041460426355432 9.037186762633603 11.881871712815725 2.136485630572053 10.696890155770134 9.138536321353492 3.378311138465749 4.861642827594772 5.091050602077143 12.103324639125203 13.808062053521702 13.776172991241088 2.250496546441046 13.641773203099017 12.356409186396293 3.308934484283781 13.746571905382188 10.460412910247884 3.5747459656894374 9.378467728502944 8.102241504731172 14.093464218559436 8.91538235686641];
euros_km_B=[21.68293460823492 2.835981662182757 28.86507461897124 25.17871475728014 2.6826947674600348 28.615908601472196 14.240357079691817 26.839110234805894 21.81778120372429 29.7340335088318 28.283791790879405 27.954022455532634 5.474566392682088 18.623880235693942 2.813892326202999 18.25117056073426 22.943945797551507 29.43205095916119 15.401668771267058 15.50217457853849 17.84296150957452 8.320250814773617 15.485884359438666 14.974810806003731 22.481452029078543 8.343550653552265 15.495708690368936 17.119882751143862 22.24196191554182 11.543585284653943 17.04485414548966 29.16789032523135 8.193712171687427 5.81196005615627 9.622371050176717 8.358819275330944 11.149748298687843 24.912317618983824 24.27828336184133 2.753323023684721 14.697895633389688 8.853341483258303];


nDrivers=46;
max_D=[228 146 162 136 124 201 212 197 176 165 228 232 156 186 157 149 177 120 224 127 182 122 196 206 166 157 167 229 126 155 190 139 165 136 124 165 169 183 175 187 162 154 122 197 164 220];
        

nServices=47;
S_starting_time=[647 375 209 140 412 498 553 620 708 171 190 297 717 612 705 352 569 130 10 581 246 580 196 17 416 318 294 244 305 499 384 375 676 106 377 547 403 325 380 34 215 223 628 196 279 199 188];
duration_s_min=[67 75 106 68 69 63 116 68 101 79 81 95 107 77 105 66 120 103 80 76 80 84 111 103 98 105 103 97 105 81 114 84 117 116 91 116 102 111 70 82 77 114 108 84 80 61 80];
duration_s_km=[35 58 34 57 47 44 55 37 37 57 59 34 56 31 55 43 50 37 32 43 50 42 56 57 50 42 35 49 56 57 52 32 40 50 35 40 38 44 37 35 51 60 47 34 47 40 50];
num_passangers=[47 57 99 70 53 20 20 96 24 74 68 57 20 27 45 72 40 69 44 79 91 94 48 96 86 49 82 40 26 73 41 78 66 80 61 63 64 22 48 72 88 97 66 30 26 40 51];
BM=250;
CBM=0.500000;
CEM=0.800000;    