nBuses=30;
max_busses=34;
cap_B=[24 127 131 49 21 87 45 44 88 118 132 132 57 131 47 20 119 85 52 57 53 54 24 133 97 82 92 82 82 94];
euros_min_B=[6.649105129227635 13.540530077393708 3.183734685351511 1.5021233543160695 3.4735561146719256 3.072961797884229 1.2042512983454212 12.642550462740017 2.2367808330258443 7.6549965258768164 1.3167631137359501 6.06698635533111 5.660644254828139 3.6047243318219033 14.506167387889844 5.624890470222326 14.239607602142463 13.338879043782029 6.399906391545899 11.243868471237395 5.592224751287116 3.5175793473500905 13.57307838497243 3.8965906453548653 6.991631642139551 5.532940552683396 14.720097668815885 5.362899660585238 1.8473418778002957 9.070986048550143];
euros_km_B=[28.78757708081041 1.8428636719493237 6.91365011219934 9.544386872653803 18.687885328054175 9.499314881260364 15.660131895211425 25.80019630566279 21.0658760605457 3.7398411772399522 17.01720345077139 29.23271305403071 10.35960205154279 29.397046531165014 12.46236532825959 6.480883492462318 29.1911403008412 25.927909310628948 2.6613473566389296 17.037801843397293 2.5386649103920633 12.57172921166771 12.4150210092727 6.619315772415017 5.549888580513109 21.824508720553823 12.388408714693615 20.18501384056421 23.617202122259712 25.05140798879533];


nDrivers=32;
max_D=[189 232 140 185 140 165 126 206 215 126 133 225 153 148 222 161 170 214 212 158 135 160 187 180 164 222 122 154 192 186 214 226];
        

nServices=35;
S_starting_time=[410 409 4 378 141 306 183 241 279 476 209 710 238 552 716 3 644 539 186 113 73 636 134 427 120 327 282 576 671 477 564 14 9 438 91];
duration_s_min=[112 120 110 100 110 112 99 83 92 87 112 71 76 95 68 63 90 108 72 90 85 75 93 79 63 65 79 77 109 66 93 110 64 105 70];
duration_s_km=[58 31 41 46 41 51 37 59 45 57 50 55 35 41 45 41 35 47 39 40 35 52 58 33 37 33 40 60 30 33 52 33 40 45 49];
num_passangers=[79 68 97 54 46 63 88 86 100 60 70 44 84 80 80 71 69 21 51 59 59 20 84 38 74 36 94 97 57 79 93 86 43 48 62];
BM=250;
CBM=0.500000;
CEM=0.800000;    