nBuses=27;
max_busses=28;
cap_B=[90 42 127 136 41 83 80 35 98 42 105 130 68 42 76 123 32 34 72 102 123 69 96 22 39 118 29];
euros_min_B=[4.198871576363617 6.510185214383457 10.154918253001021 6.9527971800896555 14.520699871576598 5.211010943260355 8.334289017942847 1.6310954315760822 12.043280911358147 7.417705061621152 12.736800005398344 6.6973784908175045 3.5409442607771533 13.92019919938282 2.5135634718467887 12.056855029330773 9.203322522235236 1.8936796734175037 9.489082157922045 3.3559423919083566 3.89320581464741 4.257767825531074 11.162528253470683 2.2431535527645856 2.117083732929326 8.369946599017917 2.7697857076410255];
euros_km_B=[29.2895931600497 26.041916620396197 3.1677788660487374 20.87274669408196 1.877628040923625 12.788712053002183 20.388294627619747 6.945303121648724 5.818424262111098 3.746114886700449 9.33415233476591 12.170404521798329 28.444844363565608 10.752058205620415 14.18748806072988 28.35457021759004 8.84960536990376 27.077454495794253 14.670312272959668 17.115993852995604 17.551835449638556 19.13955583420218 13.065408702057685 7.489575257013701 27.662151618818783 18.97278376133669 24.736714517160735];


nDrivers=30;
max_D=[224 129 174 221 157 196 205 184 140 180 173 169 240 145 216 176 133 123 217 195 171 186 240 177 133 173 178 239 237 124];
        

nServices=31;
S_starting_time=[293 34 26 268 179 677 602 351 705 142 589 293 148 600 57 358 470 356 534 466 271 459 90 536 597 540 704 416 482 391 514];
duration_s_min=[109 118 96 81 100 64 111 69 63 102 77 78 84 97 79 78 83 91 85 81 111 74 103 116 109 89 95 60 67 107 92];
duration_s_km=[56 35 42 55 39 52 44 53 34 50 55 56 36 34 49 54 60 33 57 38 37 31 43 51 31 37 39 58 35 56 32];
num_passangers=[65 94 35 78 30 27 65 28 76 42 82 55 93 70 67 67 59 22 86 81 89 63 42 52 73 76 72 59 91 96 81];
BM=250;
CBM=0.500000;
CEM=0.800000;    