nBuses=30;
max_busses=32;
cap_B=[69 82 91 110 128 23 43 137 86 22 37 88 105 25 41 24 62 124 130 107 128 78 96 107 49 84 99 88 93 46];
euros_min_B=[7.9717594552089865 11.1331088034664 12.83761060068669 4.975486617589532 6.855634325313359 3.9547980171438066 10.826437063944123 4.379848620170112 8.013074747833063 7.9507054371016155 5.7014632020832785 1.0652365036099254 3.2000643201725785 8.596080029899527 10.619055430763746 5.532840804028405 13.399810341486715 11.673611744683534 14.360050937976418 1.5169812196529 7.081614344891984 11.216365555189938 9.30205550736732 12.53261569520509 3.510045463788849 9.149958794897849 6.112512879185094 8.130005881074784 6.429903701369708 9.109775198431898];
euros_km_B=[19.623808340457373 29.378967072812127 29.552624156081574 18.241164032260862 21.69193750484385 9.61195341148247 8.84333380011331 4.174244913903552 3.089882460618159 27.571120212498244 1.6973705054957382 27.11404353755349 14.607685620024643 11.408075066405365 13.66618420441255 27.4980797894989 22.16175311759727 29.416359008772645 24.461679080941124 14.800813695449092 21.12929699935557 17.347101304215272 8.69682100297903 1.1059122116185762 3.4573850618557946 4.042755206318319 6.501197591243924 3.9286211525952295 28.233170563482172 27.384528701386934];


nDrivers=32;
max_D=[216 224 136 167 206 147 221 152 197 167 154 239 136 168 149 157 185 158 196 230 216 125 216 201 155 144 169 164 161 204 123 132];
        

nServices=34;
S_starting_time=[431 110 556 128 425 585 458 337 118 168 676 389 217 81 50 444 389 257 338 180 489 491 440 199 247 178 529 599 320 492 526 348 399 275];
duration_s_min=[119 85 105 117 96 62 80 108 105 110 110 105 79 100 80 60 75 84 92 116 88 107 82 98 76 80 93 108 75 106 115 73 78 99];
duration_s_km=[55 43 47 38 54 59 40 42 55 33 39 40 30 47 33 50 59 38 43 36 60 42 32 50 37 35 55 43 56 38 31 45 30 35];
num_passangers=[57 34 44 49 31 54 43 57 56 91 97 50 20 33 87 83 24 94 85 39 58 21 82 42 74 67 46 38 42 32 36 67 31 95];
BM=250;
CBM=0.500000;
CEM=0.800000;    