nBuses=59;
max_busses=59;
cap_B=[118 119 106 104 137 75 38 39 95 83 48 62 74 40 105 56 117 140 87 129 105 120 54 81 28 128 115 43 22 83 47 86 52 43 64 137 115 26 63 135 107 64 62 21 26 82 51 32 76 44 54 129 106 69 61 130 67 103 81];
euros_min_B=[6.224722340152715 10.681555374454906 5.037870668311816 5.0576981801702585 9.030221529696432 11.08078469148617 1.6524242220628196 2.0034502441010344 4.755123614800672 11.959957077584237 8.450635607890895 11.245746720960396 2.0744788085362362 12.84270782392717 3.6393569999127706 7.785531144342324 13.737360196879083 10.342870684801238 12.309796559237538 8.034674606174557 8.6849518823383 12.494805316526746 11.675042411444895 12.149067337401842 3.5890331835758404 8.733466409008445 3.422457607542607 13.080965708505326 14.090665005915833 4.387497413713483 2.1642213727317703 14.53223553298575 4.412768948702473 6.86607220282834 2.7351720518406877 13.267371010475944 4.610109727537303 9.218955671494514 10.977135210645901 5.264221046452731 8.030907593571362 12.469293563701493 9.949372113962124 2.5996259484197863 13.91176091021969 6.032540878635699 10.472961619425467 4.704113637777633 1.637931106250505 3.977899939220378 12.7244268233254 1.798475475316247 2.9370955424966794 4.44742119251851 3.668961699945287 7.933526120602149 3.2285196551257305 7.401200126758269 11.575923296651444];
euros_km_B=[2.012499283317896 21.021392796654432 27.692175165142277 16.89222070009083 24.999611154163002 25.350512281562484 19.270563274779487 13.07590986127436 3.373497827058376 16.706155064214645 17.56225285055461 29.069872411546218 10.516977247440568 27.651295663775215 11.014382323568974 29.48676242870387 28.12465157818113 21.99196454995027 13.400228096243922 7.286488502996976 10.841000647477602 7.76315516437494 25.41084433535088 1.8247047203559874 7.922791082852018 20.849326735958417 29.876782885750448 6.034299318885193 8.605155896095493 1.8854758131361673 26.07374461594172 2.5479584062699185 4.494865095110278 16.822987896525724 15.20481420458849 19.016765178422038 2.507891874301643 13.870013062326201 13.844829232936277 17.157918699941604 13.2150266796028 24.256821083265194 6.102780427375848 16.897263803607984 12.729437261801458 11.759777838395 13.17395184506204 19.06186267240721 29.73190464610257 13.932580995552591 1.5904238925437462 9.671317152748925 15.1075497846765 10.542282800208525 12.151293881605536 9.022591347576666 25.960448660001653 3.9546947457469237 7.74460495005807];


nDrivers=63;
max_D=[128 158 195 124 121 208 127 140 123 219 207 209 157 184 189 172 149 235 185 205 177 168 158 221 190 135 238 153 156 127 153 233 133 204 186 123 171 149 204 145 240 139 226 177 210 160 133 227 207 235 215 127 135 132 189 182 151 137 236 230 196 168 131];
        

nServices=65;
S_starting_time=[363 542 624 87 539 75 636 427 216 575 592 399 654 473 467 45 155 39 495 532 85 88 519 573 466 175 201 387 502 99 504 663 679 446 565 268 550 696 386 123 251 268 485 634 566 68 145 138 568 186 42 599 571 496 709 577 141 50 201 449 567 480 364 491 262];
duration_s_min=[96 94 113 116 84 111 74 97 87 79 114 108 113 119 110 98 61 65 82 65 82 74 65 95 113 119 93 90 91 116 98 109 101 95 61 86 87 89 89 68 106 81 69 90 63 113 60 68 113 72 119 113 77 108 106 66 65 114 90 84 93 114 112 69 86];
duration_s_km=[32 51 38 42 53 58 52 31 60 43 49 43 33 45 33 45 46 50 37 52 35 46 57 50 60 57 33 31 51 31 49 40 56 32 45 33 43 57 30 55 44 47 31 57 34 56 39 46 30 36 56 33 52 42 57 57 32 39 36 59 55 34 55 35 44];
num_passangers=[26 72 64 34 71 23 76 37 88 70 25 21 72 87 78 44 94 82 65 54 71 61 76 75 85 72 82 43 80 73 45 78 89 32 46 64 41 29 92 78 28 47 75 35 75 54 76 46 31 84 93 60 81 86 76 84 71 94 88 63 36 96 71 75 31];
BM=250;
CBM=0.500000;
CEM=0.800000;    