nBuses=64;
max_busses=58;
cap_B=[123 32 99 110 83 131 96 120 89 137 42 37 140 84 22 32 130 92 44 94 30 78 66 49 113 27 94 74 62 80 67 130 25 100 53 132 28 35 26 36 36 139 90 129 108 44 114 41 82 22 42 120 102 80 129 109 46 42 84 20 102 101 116 27];
euros_min_B=[2.3041649419870236 11.62111080600528 1.7614895815792417 7.699759889294187 11.998896953039251 3.679345486287831 10.53723143372258 1.2591755145011934 6.792638422595949 10.937854619710798 2.8592817041370338 8.278732719359272 6.440966878914284 14.5191538129511 6.2168694633684245 14.709895945506608 6.175596773627593 12.344443450360862 5.92018968342941 5.4793338462000305 6.058665114049089 3.7804048171273372 11.67807570671346 4.377199835453253 9.412457494637787 13.894958258001541 14.769037688613 3.4613108679275033 2.2690315733407553 13.726932374657721 3.746887160734083 5.186751079142303 5.89095246933922 5.132057927628968 5.462935175790176 8.464817757195338 10.385122276046978 12.052014610570167 12.072060723368471 8.899810923028756 8.317136733316199 13.392268588030129 12.071932455307268 4.642909496872532 13.82160161187887 4.513966670629078 11.640852321024932 4.629856906977593 7.4158151179047636 1.857072182781735 5.8819731265099815 3.8052398446876037 13.560818027531367 10.468674487182774 6.490200663102073 11.918273512487751 6.40303346221544 13.336368438484541 10.410686152997297 4.88481092956773 4.5629504422321014 10.851330768584777 5.765089108976302 11.03143197371624];
euros_km_B=[9.711861633875625 22.997434594753443 2.1941847815001343 18.103269212005454 9.451248326843599 3.0891613477263498 29.446615372944283 4.323618013774035 1.2914749684957765 20.429779074773133 18.824978687542057 28.61699363189761 29.493974171640616 21.319370554270893 22.539349541267715 28.829081528470695 5.374039348769513 18.071495556331612 2.1232821368711843 1.4497116918297537 15.755611334597194 20.77855439859066 17.531219770704787 21.5958526535672 2.004344015201987 20.329496964898212 24.17838843240412 28.724243153263803 19.762462533249533 12.50436764173661 25.55681264258089 8.256160332050317 17.77279592885808 25.64321199897512 12.577973982930542 28.392735052878503 15.970266056932346 22.396318353631436 9.134787817652668 16.342038274467054 19.94184761251828 28.008672416201982 28.36223164445294 14.14485206705834 16.13030929248325 9.362486682459636 25.683325745491803 26.24250988350427 6.436415971199109 29.624928051616997 8.624116880005133 7.658395332726392 16.920471006184528 22.01315953717098 14.244182766981197 11.344799776784743 4.473347660082389 20.72316841994241 8.842332724470396 28.195884843485565 26.524818705615477 17.100769450771736 18.601512943736726 16.187355692324672];


nDrivers=63;
max_D=[231 170 222 229 230 155 169 137 223 175 171 239 120 131 190 137 133 227 180 157 190 190 208 145 235 188 229 141 129 168 234 166 151 130 200 221 183 153 138 143 237 185 228 140 187 148 204 157 223 172 173 134 166 200 228 218 154 206 136 205 219 141 236];
        

nServices=67;
S_starting_time=[419 142 383 512 94 117 560 576 158 49 346 487 47 190 276 526 65 504 152 82 139 708 210 359 283 288 517 113 493 270 116 150 315 447 569 299 463 526 431 651 84 683 716 46 323 87 223 384 609 226 596 649 280 508 118 485 43 574 151 388 504 106 78 501 487 691 682];
duration_s_min=[102 72 83 97 71 98 81 113 107 104 70 99 104 100 79 73 64 90 72 101 84 72 71 93 80 102 71 90 91 61 90 110 105 100 76 75 71 70 97 100 62 111 78 78 74 91 91 62 81 103 95 104 83 84 106 62 70 110 76 120 109 70 92 115 93 103 115];
duration_s_km=[55 48 50 42 53 40 46 42 34 47 47 47 46 56 37 51 52 38 59 44 59 52 52 48 49 35 55 54 47 50 42 44 51 40 41 43 34 48 34 30 36 46 48 54 45 43 53 42 41 51 58 60 58 38 41 51 53 31 58 31 55 50 43 30 39 53 34];
num_passangers=[91 100 86 69 44 53 65 61 93 39 71 92 96 20 48 89 64 92 46 29 58 26 41 34 79 66 42 92 37 40 81 69 28 47 88 100 39 85 31 20 90 24 61 39 57 27 63 49 43 30 79 42 76 83 27 75 21 56 83 97 84 36 69 83 51 79 31];
BM=250;
CBM=0.500000;
CEM=0.800000;    