nBuses=29;
max_busses=21;
cap_B=[54 138 33 132 79 111 21 71 56 84 75 118 28 136 121 34 107 99 105 96 67 52 56 22 106 111 74 65 106];
euros_min_B=[14.828828986518058 11.281345037235047 6.1743987219119125 7.473577789463784 2.3131914538498775 7.960372067654088 11.501557988606626 1.8863957624177994 10.214443532934808 13.568916228021823 2.4400287003292123 14.279756862349135 6.610546540631196 4.418187091728833 8.209656101946905 11.387114233949601 5.17313178229083 8.075657042086736 3.0162709537163033 2.712556451420718 12.5567292661931 5.059364784427466 6.6696800420246545 13.895791857763244 14.329995665410497 12.749380029864087 7.175162618079939 13.745960152161043 11.429913587927958];
euros_km_B=[22.393241422968583 8.468233236678381 14.507987252416806 12.373870727908809 1.9024614602388457 28.706571177081962 19.338965355428737 29.1313104502825 8.995097562595443 17.033184006815038 15.813428766163902 1.2484508550908333 10.143769172506918 21.459440005065265 11.096133465465021 10.208638220641701 2.1693659329799155 15.528288643614381 29.524227294172835 9.650310484218611 19.48020616005438 18.792299919789887 9.88857533353779 8.958311010609972 18.191739870610288 20.201813080074906 28.69156556929174 28.57344184288829 28.998358591768664];


nDrivers=27;
max_D=[199 230 121 126 199 127 173 186 216 182 210 201 236 183 211 231 145 186 206 208 152 123 228 217 204 175 168];
        

nServices=34;
S_starting_time=[575 576 31 600 361 663 203 290 482 355 107 138 284 22 637 688 435 511 174 428 584 182 206 715 68 171 490 374 465 312 647 584 40 243];
duration_s_min=[79 110 91 89 93 112 94 75 117 93 115 108 90 99 116 86 71 88 76 94 93 76 84 72 75 60 109 65 90 100 81 63 112 74];
duration_s_km=[35 33 47 55 48 36 47 52 48 40 59 37 36 41 39 34 52 49 39 32 55 41 32 53 36 31 31 34 34 34 54 31 42 33];
num_passangers=[43 80 95 62 91 20 88 28 30 73 33 26 98 74 71 70 52 81 69 32 93 36 34 49 36 78 86 53 82 36 50 70 97 54];
BM=250;
CBM=0.500000;
CEM=0.800000;    