nBuses=20;
max_busses=16;
cap_B=[39 27 82 113 71 67 50 101 139 119 64 28 102 40 38 89 45 44 77 43];
euros_min_B=[14.22676419758205 1.6116830173292467 6.471605957967038 4.728303944022516 2.6293404328333745 13.839193698605518 9.474526328927615 11.103313205733684 10.145830296601128 6.1638888704018555 2.827670401480928 7.819017024448173 8.037808904182208 13.947655612890513 6.43350356005134 14.261815506736781 8.605894398683526 14.829409926796144 13.491475014136125 4.45871843497048];
euros_km_B=[23.761559048062214 6.725350873389545 4.28331757517582 13.540303603343279 15.543254051524285 20.959232278283107 29.344170307990268 1.7117713786931303 9.290873605578717 13.396819040216858 15.9966665824544 9.426210638369799 8.589480472796307 2.220974497447741 8.687308077979674 26.69298321833593 5.853348055287107 19.531478726705107 6.964530919259046 23.829121627574743];


nDrivers=21;
max_D=[155 211 174 186 170 164 217 126 134 150 183 146 151 183 139 126 123 198 234 236 216];
        

nServices=22;
S_starting_time=[718 294 180 239 216 378 198 419 246 365 8 129 620 413 261 38 85 554 44 110 545 336];
duration_s_min=[120 76 63 73 114 88 119 108 103 88 98 104 79 94 98 64 78 95 90 68 116 110];
duration_s_km=[51 48 49 49 53 35 47 48 47 53 50 59 32 47 30 54 34 31 31 32 40 49];
num_passangers=[42 52 85 38 29 73 82 32 39 65 54 76 68 30 62 95 26 84 57 46 57 56];
BM=250;
CBM=0.500000;
CEM=0.800000;    