nBuses=52;
max_busses=53;
cap_B=[118 123 75 127 82 136 108 82 120 30 54 80 128 47 105 130 128 111 60 118 92 105 105 109 20 43 60 32 37 134 80 29 126 116 117 113 92 105 126 28 99 32 26 116 82 23 77 59 124 134 58 124];
euros_min_B=[2.8604611170825516 4.370468187279752 11.495418076937503 13.990099805135443 9.59556636798311 11.832736049680422 5.760905344566146 5.515515497514046 6.040327220417694 13.861184408359117 6.708720623083123 6.625000221495159 1.8261061992931757 7.4396839497108145 10.523635393618171 1.003802975165546 8.91227749807613 3.4890250520791914 5.7083357867702516 5.892228401953213 9.261205127176533 14.52339258569323 11.839552298178111 6.7464227244592525 9.98332772882042 7.867212880881697 6.053529331968786 4.808966379660248 10.955656762070742 14.975241418084064 4.688947715477356 8.654762693585763 1.4384367130777893 12.191925010618817 6.225698108117579 2.6809009335543887 11.864169828431145 3.300772270134126 1.0833024795210189 9.67316461824644 9.199528831101004 7.972840754218551 7.4710321944592355 4.040029543141777 6.5898834010490255 12.552326352916966 11.467331342789242 5.519677728663962 6.855982461811803 4.388942054910434 1.3571998439098818 3.6518503192810114];
euros_km_B=[10.682486933206075 3.5572942040110145 17.57016184616316 22.531038583814077 6.229743121858866 26.450652173592122 19.073546401022238 13.644909414657358 17.763144119476635 11.753816330064186 16.051848614300148 9.264974648051819 25.44852700480504 17.88134861811555 10.742434938922157 15.41891045743285 27.761614830792038 10.313684120891365 7.96210729211191 14.71165921851985 25.855295765908945 17.390713980033226 6.04657906193681 28.24057322198308 29.91584550970127 2.367059851076535 16.547500870496975 2.7662743663534872 17.568356949764684 27.649086991859832 3.9682427709473638 26.01673666377718 10.222181553298167 10.33082614659368 6.398945108848544 9.655792726927697 29.6751653203636 19.600513082206895 5.131999667341448 12.253189585171215 25.240658944587377 10.829024138828304 12.82495148868484 2.6025509195140453 8.070376406090201 27.594726349749145 18.30781036742988 16.17726323355673 20.298092171910323 10.696121992335819 4.0395883256372995 9.745641190284214];


nDrivers=51;
max_D=[197 228 186 161 234 166 170 190 149 136 145 167 121 220 230 240 187 175 155 123 186 211 134 132 154 132 232 167 213 144 129 225 152 206 127 189 168 196 183 223 222 211 129 163 205 223 205 206 179 227 199];
        

nServices=58;
S_starting_time=[309 421 355 7 718 382 473 558 291 251 538 281 29 503 563 241 508 51 33 286 511 628 636 595 194 578 128 460 526 444 166 216 506 32 574 229 421 319 181 501 419 423 600 215 565 139 655 548 317 319 40 251 353 583 111 273 587 120];
duration_s_min=[110 88 61 107 74 83 71 103 83 106 114 83 93 65 120 60 100 70 112 82 77 119 79 101 106 98 78 61 84 100 73 113 63 97 92 120 115 76 83 64 78 93 98 74 75 103 71 61 76 114 88 75 69 101 107 65 96 76];
duration_s_km=[31 37 49 35 32 56 36 40 47 34 30 60 59 49 54 34 55 33 34 40 40 47 32 38 54 50 57 55 39 53 42 50 55 39 52 34 46 50 52 59 57 51 48 57 58 44 58 54 45 44 49 60 43 41 56 35 49 57];
num_passangers=[95 85 21 63 79 95 86 61 94 69 70 31 42 58 47 91 29 49 96 28 83 56 65 85 59 80 96 57 46 97 80 71 47 95 44 78 86 62 38 45 22 23 46 80 72 36 43 46 85 81 54 92 36 92 72 35 63 76];
BM=250;
CBM=0.500000;
CEM=0.800000;    