nBuses=23;
max_busses=17;
cap_B=[46 59 75 128 58 118 24 86 131 56 120 70 20 107 138 134 23 54 113 67 110 26 97];
euros_min_B=[14.58593998471159 2.1392667684797653 14.707574742591236 11.906407084983787 5.711381073005037 3.1632644218546595 13.970652026365476 12.201372175197333 11.046738168153098 12.196472595539749 13.934311712869437 3.846556547424779 10.325392926875168 5.066261316243816 12.502356965439736 8.036248336408526 12.642356532723557 14.771576678484136 9.501758816764251 12.247698323115639 4.5663104377042165 11.721991293834039 14.499287317573973];
euros_km_B=[9.144702769609175 11.752462539593164 8.713593740762253 21.780333427758197 21.975037666826978 8.269548629176798 28.78776418434218 16.443872687064825 16.848618495900475 15.10589529249375 3.221572918969306 24.5153549953128 15.01813064719735 11.141520693247328 25.46790429603075 11.301780277418256 26.701955676198196 4.949293873672211 23.684209682034492 14.549908309317969 13.906413860596608 24.918697992571182 26.448634451781427];


nDrivers=20;
max_D=[165 121 237 183 212 233 236 218 223 148 231 201 175 211 131 210 204 166 191 199];
        

nServices=25;
S_starting_time=[7 691 529 562 114 348 625 462 531 357 393 711 469 492 118 649 517 67 435 219 567 152 338 302 135];
duration_s_min=[84 79 109 62 69 114 63 115 104 67 83 103 116 103 95 68 71 116 91 115 105 94 67 116 109];
duration_s_km=[33 49 45 40 47 36 46 60 55 44 36 31 33 40 41 38 42 59 36 45 46 45 37 51 33];
num_passangers=[99 34 95 83 30 58 36 23 47 71 57 62 41 39 64 26 70 37 86 40 80 69 43 67 93];
BM=250;
CBM=0.500000;
CEM=0.800000;    