nBuses=53;
max_busses=54;
cap_B=[111 35 72 129 55 139 23 34 81 127 85 128 73 135 89 124 29 75 84 111 39 39 51 96 48 49 66 38 106 97 135 53 139 20 70 47 69 73 134 66 124 46 36 93 94 129 31 110 101 45 21 81 129];
euros_min_B=[12.482866430795422 7.874052044925307 10.414260924797176 3.9964850669864767 3.786699643072124 5.943595386179194 2.1808766166740483 11.541276088466736 3.2246595320465388 3.5315583365502485 3.862438690641024 3.984706092426374 14.069156034148644 8.042926594147422 10.391182006139958 13.038062152944569 14.457573008379876 2.8232061240530966 7.761955116255065 4.133345414248313 1.9077876797841615 4.611861228632719 1.3017753924322575 14.895410183200061 5.081668619773941 14.761231060831765 11.694518183112525 12.254954008060125 12.33254607311675 11.409515591904583 8.792264844472546 14.28388074496171 12.252540466979475 13.373297036640803 4.943169336858568 5.473578488303478 12.525715339095882 6.290644761360345 1.4716920544273595 14.56790425520009 9.435873292710223 4.785913165114099 14.715089968401777 3.4285287317962467 11.90223065480311 13.088655598458127 13.6379310712878 5.823788991091063 1.9913383289384252 1.0426858508311638 5.745220423524419 4.879885560365239 8.573890996602191];
euros_km_B=[8.13679252860272 6.718634137011553 9.453153295805524 13.952323819511712 16.062638404495907 3.364677253301034 10.352835263111318 2.764572764203062 5.924299665635428 19.273595408647147 17.66835495469109 7.062592465955575 8.145158413872794 21.860193383321427 29.97162750577633 10.486172568727858 7.6443501280934 28.93314835789587 10.104080218710344 8.771419471684641 27.014124275278498 17.213417501628232 27.120440545343406 9.343754448288946 18.840622717870573 27.472760098044734 8.121614441870047 9.482281399049175 10.647903974211724 20.441403081110057 7.637485518819319 15.72576155945982 29.405504132208954 5.847716529228761 18.356661712504202 12.626851119696113 16.70989846257484 27.918450677564195 19.892362362939483 28.918196516428264 17.64208585999563 19.220212786634455 1.9934747191335644 9.722281249456582 18.83819842499711 23.3897084203383 26.064518138423477 25.255307932555326 18.191711374039038 11.07208729025894 17.953488271452734 6.801560663193631 16.858403482684537];


nDrivers=54;
max_D=[163 239 126 151 154 181 130 240 182 185 154 173 152 155 162 169 209 174 212 133 184 120 230 134 235 210 173 165 229 199 185 178 240 204 199 165 183 240 215 135 233 133 125 222 232 132 149 163 136 126 142 214 208 227];
        

nServices=57;
S_starting_time=[32 464 680 106 90 615 116 516 272 261 249 333 155 691 522 359 577 89 214 629 254 649 558 298 14 78 255 696 368 145 328 230 415 232 696 57 553 178 387 74 131 415 35 85 141 618 302 231 53 30 216 90 215 81 94 472 612];
duration_s_min=[82 83 92 97 64 78 90 104 109 73 99 68 111 108 115 103 67 108 69 61 102 66 118 67 79 82 105 81 60 114 73 77 65 67 88 109 93 99 71 80 118 79 120 88 74 60 101 96 83 97 117 67 76 99 95 73 61];
duration_s_km=[50 60 58 55 50 40 33 35 59 42 32 39 53 41 41 55 58 33 39 30 40 49 55 44 41 33 41 60 56 32 39 50 30 51 58 41 34 42 34 42 36 35 52 50 30 39 43 43 32 44 30 47 59 38 39 35 53];
num_passangers=[89 66 45 96 91 27 55 83 47 25 26 44 23 50 71 26 92 75 23 25 80 39 34 84 75 75 100 56 50 79 67 45 86 72 60 89 25 85 82 56 94 99 29 92 26 51 40 63 95 82 22 21 87 24 37 41 28];
BM=250;
CBM=0.500000;
CEM=0.800000;    