nBuses=45;
max_busses=33;
cap_B=[99 137 36 61 70 132 87 42 34 82 29 105 22 27 30 112 76 27 31 100 92 119 21 129 22 31 71 51 87 78 29 132 124 70 37 110 41 92 51 32 135 128 127 108 131];
euros_min_B=[5.480235265875702 14.589371693062574 9.298568909689154 6.912571682533097 4.480583674581949 2.681835543541979 6.28366035241548 2.7626992912654025 11.709031439567498 5.385615915439783 6.545093913875622 1.6859442803481135 14.72908850678064 11.735213557233658 5.350805283567606 6.984863717330833 8.609225468048798 12.214312344101437 8.323686144174687 3.4320122672734543 8.381371694325436 14.35022606541547 6.544192366606093 11.55184745468232 1.3510104629695951 1.9990254285913494 13.891135835343372 8.349332558388529 12.295380951087335 1.6921992481424093 11.712870499869172 2.0213622263127897 7.13218187265367 12.76448324800986 6.07046204108404 6.016359400474377 8.203168220963287 9.973491959167237 12.43007441625017 2.8489211701231705 7.197329049338951 1.4438799571473668 11.237853585874443 12.487757812355504 5.827368555096877];
euros_km_B=[14.007571963101748 10.75170997195684 20.026057532186616 27.847280748076958 4.034153815712477 11.961471392861236 4.655205500851577 22.517174683121077 15.090265877425747 22.23513132653995 16.119554943668902 28.33509558363684 17.218412787555945 20.773218901252463 20.25509249235221 27.983712598223725 29.435564073098064 10.191825843706155 24.445934596627957 10.013725709195274 7.768514961826468 16.880261856032018 25.38666813716647 24.71621563982821 1.063469626143887 15.904980642919528 12.642510408568203 6.1359578833313435 2.1490740525821233 16.84845648194385 11.664341361608722 27.778174184292237 27.341391739895585 25.796092886064308 14.14345402548512 18.30759511168527 29.735511515650934 13.834796264837228 14.676752431881297 18.21170138310774 19.47284489896576 4.475728029974923 15.372897447892393 24.419672561911547 10.288292388028049];


nDrivers=41;
max_D=[130 167 168 222 143 148 191 174 123 196 198 152 125 231 178 191 171 121 201 205 215 197 200 238 130 240 152 128 134 158 184 165 180 211 128 164 197 190 139 125 139];
        

nServices=46;
S_starting_time=[255 119 357 596 591 596 32 183 278 487 434 379 614 219 677 213 605 687 71 47 325 41 152 121 255 537 239 607 587 522 541 571 637 609 525 410 650 159 713 634 129 705 257 397 511 481];
duration_s_min=[100 69 61 63 68 81 117 106 60 75 77 64 88 99 118 70 73 72 111 66 60 69 107 89 96 77 87 77 113 77 89 61 106 66 84 100 72 114 118 89 115 80 108 97 83 102];
duration_s_km=[51 58 38 55 38 32 58 52 55 37 39 52 38 43 60 32 58 40 43 45 36 44 38 44 51 37 46 60 49 57 56 55 53 38 48 41 33 41 31 43 45 51 38 41 52 36];
num_passangers=[76 24 85 100 26 84 91 70 60 58 82 70 23 61 78 71 59 69 91 97 39 46 29 49 22 35 36 61 67 49 60 96 48 43 50 50 96 22 21 63 77 51 55 36 78 99];
BM=250;
CBM=0.500000;
CEM=0.800000;    