nBuses=61;
max_busses=50;
cap_B=[119 64 32 78 76 86 99 118 26 30 135 96 107 132 69 87 99 89 85 130 130 96 68 85 115 95 138 45 51 97 37 95 128 140 59 139 90 127 73 75 140 38 83 115 43 94 126 72 89 31 50 100 78 117 116 37 93 89 22 30 24];
euros_min_B=[1.6586941540636189 4.448035284992809 7.226125317853441 5.95791858448786 10.937836675903371 11.426488946518582 14.577286631051718 7.223738180400393 9.736829795658135 14.213263372656366 6.303454344863966 3.7435903366000103 12.481573205014406 14.05326810056554 6.920711295211196 14.29722780405471 3.4780326163664514 14.822929330504572 9.936653803023368 2.0718194385868762 6.855726936982752 2.9521316487560263 4.792787922459832 13.17028414023737 10.434309232525813 10.26257958458943 11.394721873172317 8.352516676812428 3.353578627733137 2.9847935327088404 1.2146941381567038 10.598511365273444 3.890271663458762 4.394802425336577 7.752941050287607 12.902840960027175 5.722707776130487 13.4746789582023 5.750636613145481 4.54465536316734 7.9101712126037915 4.35619650369259 14.590600382785528 7.980064976761492 14.038901585769668 8.13968195235244 2.148892561962393 8.589757299431174 8.916120881309308 7.841952499330878 12.72455078121016 1.6296602484009184 12.711535347384793 12.056991886543653 12.762849934590463 1.7646218747650713 14.6526842595059 8.152427050690605 13.337509816049897 11.013825112308751 5.9756077736534845];
euros_km_B=[22.92595446552844 11.894593033778165 20.015439427313506 8.960475647596791 17.619765160660542 3.1221623139543335 2.254002647789627 26.73513795027602 8.565135693333204 14.231267286413626 4.376755486783034 9.65775546753685 8.225252395569129 14.414211795913905 7.040498323011892 17.00877640457246 27.533602489607976 10.248881102468761 14.575833240510477 17.027032197458684 7.3193611721660465 25.45204143075292 9.476564846030854 12.933417850291043 25.20354460253156 6.62701620984231 3.0532738698768496 22.713473106255908 5.51852631868519 26.836446113519752 5.974188836625797 9.053862559401122 4.549110978083961 26.320621887320097 21.748937434692742 17.903670054232784 2.2014225382218267 16.272830719025908 3.934823232388699 6.599777697382907 9.517710585266322 10.756408235619 4.931015293248956 16.625395935586937 4.111198643106193 14.264297603230796 17.504800551772426 22.34696558590189 6.251817073767447 4.114135370060192 7.20900295286839 20.39524855609351 10.467121034390635 21.383572448432876 2.14244038641685 24.92142840883404 14.743361777562871 8.922806932968541 15.125656690320145 15.557245368664363 2.050760491606154];


nDrivers=57;
max_D=[144 229 219 154 131 202 132 155 185 217 206 148 181 121 132 170 182 146 131 224 208 219 215 133 209 125 183 121 184 179 186 235 231 155 239 203 228 204 208 223 170 232 169 128 125 180 148 228 135 184 123 216 212 136 223 189 138];
        

nServices=64;
S_starting_time=[646 301 45 349 237 679 259 261 586 538 557 138 610 20 325 619 480 120 464 235 79 594 58 521 324 28 530 275 599 680 641 683 548 581 512 79 279 652 65 612 524 6 631 18 126 85 175 658 530 622 523 585 702 237 6 539 597 555 212 314 164 228 49 143];
duration_s_min=[98 87 90 63 61 91 90 119 115 83 66 69 88 71 68 67 112 84 93 81 78 111 90 101 99 93 64 106 76 113 68 108 92 90 103 116 120 120 106 112 60 60 64 97 84 96 120 62 85 103 101 120 107 101 61 60 66 80 105 116 78 114 114 117];
duration_s_km=[36 30 55 54 46 35 53 55 44 50 37 45 55 52 47 44 51 58 58 32 33 49 39 36 44 59 38 49 45 47 49 41 60 45 59 32 35 34 41 38 43 40 40 43 53 41 56 59 40 32 52 59 38 35 50 39 36 57 30 34 32 41 42 58];
num_passangers=[30 35 96 31 81 41 79 55 28 95 74 37 38 32 61 96 57 36 60 95 62 21 91 71 77 62 38 81 83 20 79 31 87 65 70 74 36 34 58 88 70 38 99 27 38 49 34 96 63 26 22 54 64 66 97 99 100 65 85 66 61 25 67 21];
BM=250;
CBM=0.500000;
CEM=0.800000;    