nBuses=45;
max_busses=42;
cap_B=[74 91 73 140 50 139 76 50 49 64 109 52 62 133 131 67 70 138 120 33 87 68 81 98 44 122 106 54 128 94 34 46 66 123 116 51 55 95 132 42 83 56 138 35 44];
euros_min_B=[6.682131942254443 13.618211714615205 7.556327258842559 12.607666596714191 8.194153179327763 11.689118122979231 11.76030834852476 7.961319923098753 2.245565547308975 2.355581991591425 6.598187549316384 12.136892616331593 5.829841810420612 9.299889708562814 7.555692969427359 5.419023660997267 10.414465716324335 7.470789973776934 14.086987891990372 6.863112532410351 10.380208484939429 4.482746456042807 4.998696132167337 14.808836135228029 11.59905370805285 3.593955836272402 2.501680713699616 10.245453479925848 1.4804440778412629 2.9078036123567217 8.441512264421307 11.34972844552598 12.428062473676912 7.436947331355694 12.370141580241972 5.660808595551604 8.511815152346845 8.781060990820622 1.474766768403392 4.006717251602842 12.158104899268718 5.0224366031269 7.3928973940610145 7.069081859900085 5.971600618396982];
euros_km_B=[27.52491405152343 10.930874227301484 23.583188924839718 4.377305513712738 16.44570011056856 22.30352428007976 14.852069170339723 25.159027380086226 22.793235760979023 13.332427738882249 4.93951359334757 1.5769812783988526 16.40575548431599 2.8730026586936894 11.369938168696166 5.2348101122360875 26.527080476961252 4.598053325847474 6.856956999915837 24.783179922119555 13.589623098717485 24.051896792237844 14.80077658776583 13.34640213032092 4.705125015610335 8.752919419533036 28.52470748238465 28.018523775771577 9.40796596098808 8.346645421938026 14.628983208193569 11.51217064644436 21.781775527874174 2.834719133482404 28.033164880226984 17.59925419851309 2.4328499529838123 21.399167024964637 26.826762103938137 13.847932723102339 24.496784560602634 14.989463676340199 6.288014572760904 15.653668318352661 12.573370694035388];


nDrivers=42;
max_D=[238 121 194 191 193 131 228 207 127 198 135 137 133 141 214 211 158 163 161 138 167 239 205 127 168 190 159 220 207 143 230 191 194 126 224 200 146 200 164 123 151 152];
        

nServices=48;
S_starting_time=[43 38 8 8 166 699 20 490 553 136 285 1 564 421 131 473 116 692 669 710 273 63 326 715 532 78 679 661 335 658 202 133 21 122 598 67 673 316 445 106 74 282 202 115 627 287 533 419];
duration_s_min=[89 100 109 119 88 81 117 71 86 63 88 77 111 66 113 108 71 90 89 107 94 108 91 74 102 108 88 83 89 70 106 85 75 104 61 75 71 100 63 72 115 69 120 112 66 91 82 86];
duration_s_km=[41 48 48 38 41 43 54 54 57 35 54 46 59 44 50 44 53 38 31 43 54 43 47 54 42 58 31 60 47 54 53 48 55 36 58 56 34 55 45 31 48 36 31 58 31 31 44 49];
num_passangers=[43 98 91 71 75 100 69 58 89 23 69 88 40 79 84 57 33 68 27 85 38 57 57 34 84 53 73 80 99 20 57 31 28 72 76 31 24 77 97 98 27 49 88 94 23 59 97 92];
BM=250;
CBM=0.500000;
CEM=0.800000;    