nBuses=38;
max_busses=39;
cap_B=[75 24 132 34 97 21 62 37 28 140 60 83 104 34 55 43 42 21 31 103 49 29 111 47 135 51 49 58 83 111 123 77 122 55 109 114 53 121];
euros_min_B=[13.561393350788695 12.408591926612683 1.8650672116676836 8.319404311437584 11.76087424893507 11.781674446661349 3.9190503948840982 6.073023216993577 11.83579313388344 2.7880967624380038 4.24902910434063 13.57111261040606 2.898547389837729 10.10994246158027 14.12719666456757 2.5169346632511074 2.556536379362431 2.6864706463779813 2.657542191423907 14.597145416097636 4.349336495881802 3.4486984345226133 5.862392870514158 8.067067628435382 10.104290780376326 12.534366222217637 9.906346992681565 7.505965073488847 12.067615363295872 2.4949840292688577 3.9608834317037895 5.2199444263250445 7.098768377990628 5.891305105132922 9.37934466299959 4.183404129046025 6.704016410370872 14.798134778525387];
euros_km_B=[23.126062187495283 25.754591500552547 14.483966008066174 25.860417394015727 28.365054940648985 16.739101316543653 7.08852866156348 29.105120897939997 5.328148665395198 5.85814035520236 12.302893889322384 8.327349575234608 7.330207748115344 10.151710288230825 1.2092864594717967 17.63355706237484 7.397146085553496 22.405055840234255 7.710104604489214 1.1318126045417247 15.864364423608173 19.275343433232976 20.018120893122543 4.496435106712548 29.97577315804533 13.7660138586468 12.908260734565292 27.953459958974 7.914950885926359 9.259365836683042 3.361676398786092 5.485350007688947 16.859211045386964 13.53594495982716 2.6460353441913895 24.14056436271433 26.34522654274734 10.853536615658205];


nDrivers=39;
max_D=[213 226 146 165 164 156 198 153 140 197 147 196 146 138 208 171 140 132 199 172 122 224 151 229 145 172 222 207 179 122 186 231 121 188 228 208 231 230 216];
        

nServices=42;
S_starting_time=[455 506 345 392 132 199 172 416 322 359 372 258 610 551 254 549 274 515 535 134 649 602 504 609 674 410 674 468 475 228 110 369 297 622 371 74 186 552 574 441 544 123];
duration_s_min=[81 120 78 105 76 102 64 60 113 119 70 75 112 96 107 120 112 73 106 101 82 98 75 119 61 103 85 73 114 119 75 68 93 94 75 93 115 112 120 73 81 98];
duration_s_km=[54 38 60 41 39 43 40 60 39 35 31 60 54 42 40 46 40 39 44 38 52 60 32 48 58 31 31 31 30 53 30 38 55 36 41 35 47 55 56 46 38 37];
num_passangers=[76 83 28 34 70 57 84 41 81 92 42 45 38 55 57 71 56 46 95 45 72 52 60 83 79 26 44 25 82 76 24 55 26 28 23 56 47 66 24 57 45 84];
BM=250;
CBM=0.500000;
CEM=0.800000;    