nBuses=37;
max_busses=36;
cap_B=[100 100 40 112 23 106 103 127 89 58 86 49 108 23 33 137 104 109 34 63 37 50 24 53 139 44 93 33 140 49 32 36 101 27 71 55 37];
euros_min_B=[11.750309895903426 9.988800706582833 14.945935826979275 8.267052816030615 4.326432587988837 13.717759427237162 8.174934543195153 2.2641616733466163 10.921487181415994 11.929958243086562 6.95975947631544 13.885322373478264 5.881112869442492 13.299186166772115 8.963498189770595 3.8054131371022892 11.867172381189155 1.7958954643384641 14.023262828053818 1.7936420308034582 9.701925248231602 9.998127018539275 13.685583161780514 12.789000370360672 6.191166245918613 6.3590640792958535 2.70189279054616 8.817689966075978 10.55854823278603 12.012668192794173 13.242217400535186 11.714013117547033 4.971269998051528 14.198544984532655 7.14896456150199 11.978447917394437 6.216738220519933];
euros_km_B=[17.52881295548137 5.120535256593036 20.834751725368324 13.445330848954729 10.24345935591696 8.310472355176437 22.72572960446397 7.009704789199378 26.01008804468924 7.840905898657395 16.36530059714972 14.359991410651407 9.894790905002415 10.618149083694552 9.625164189248197 27.638254188576152 9.850298628936276 6.314819085177029 5.32958900926844 6.417796197981353 29.79260837532092 16.225208957918284 9.394696279618593 5.2767879389246835 22.442940052385193 6.559947928292552 7.081048524188688 7.993714816812637 18.411853365782036 10.008645687083627 10.579424263749898 18.399381986447725 26.45486581272122 22.633268534911174 10.106766991200887 4.451579495834878 8.823039158121272];


nDrivers=40;
max_D=[193 230 183 227 195 191 176 203 239 146 196 239 158 201 142 138 191 233 127 166 170 212 136 146 219 146 225 220 181 185 210 211 176 128 186 154 231 132 182 199];
        

nServices=43;
S_starting_time=[280 438 1 225 337 330 491 565 108 133 586 71 26 128 537 12 595 578 230 374 12 457 398 38 299 646 560 586 228 121 348 379 123 373 144 132 89 574 29 117 127 38 655];
duration_s_min=[62 69 96 104 96 114 112 95 91 99 103 109 97 61 90 87 117 103 111 111 116 81 86 70 110 84 94 82 87 71 78 95 74 106 113 62 81 65 78 115 111 119 92];
duration_s_km=[44 31 48 43 40 55 58 30 30 41 54 55 39 55 30 38 34 38 36 44 47 31 36 57 46 44 40 34 30 31 36 35 50 38 39 34 38 58 38 54 47 49 46];
num_passangers=[70 35 65 36 89 39 37 21 35 83 49 40 83 45 49 27 42 74 75 48 83 70 90 90 63 83 66 29 89 38 70 76 97 73 75 41 85 86 97 51 93 25 87];
BM=250;
CBM=0.500000;
CEM=0.800000;    