nBuses=23;
max_busses=18;
cap_B=[51 36 75 83 88 131 95 52 43 100 81 65 31 105 68 119 35 125 104 90 58 115 42];
euros_min_B=[7.578811806354375 11.521933308405613 1.32297269165102 4.010818554270225 3.233754152317716 3.220190310333231 6.165383125904905 8.514570663462285 3.9565202981616867 10.056768895379362 10.03415761567437 10.146290928517192 12.941035359414057 8.944065218293234 11.84404263406665 2.3141493447232455 7.637660142534234 9.104453775355333 10.990476406634631 11.478543838478778 14.616238789504555 12.53544854340741 2.7493073915930557];
euros_km_B=[2.9587858794123445 29.08604157012245 20.85351901442579 6.488251079141714 13.522844298916858 24.35990739443019 25.893485064408125 26.130785292299084 11.35377540978268 13.453444122840985 20.959430101123306 27.187690368033483 16.63024396723117 3.6701060810230963 4.7475220304312336 26.147504512777036 21.12724292743416 24.763518528870677 17.054384674158314 14.60965906853685 12.62141760682194 16.968484720852892 24.037643629350466];


nDrivers=23;
max_D=[164 177 213 137 220 124 181 212 166 127 231 202 131 168 220 128 167 238 147 149 137 180 212];
        

nServices=30;
S_starting_time=[354 646 688 478 274 700 654 372 189 604 669 714 186 77 85 76 587 191 298 403 638 486 360 700 87 652 426 179 385 18];
duration_s_min=[98 97 97 60 68 90 61 60 111 85 107 116 75 90 74 62 60 110 65 85 79 114 80 72 106 97 69 85 105 94];
duration_s_km=[52 31 37 57 49 32 40 40 46 36 30 39 38 47 39 51 50 56 41 36 47 56 37 38 43 58 53 39 58 42];
num_passangers=[29 23 40 65 72 73 44 37 39 75 36 41 84 86 22 78 59 82 53 44 28 82 33 55 82 91 58 44 20 72];
BM=250;
CBM=0.500000;
CEM=0.800000;    