nBuses=17;
max_busses=21;
cap_B=[50 58 27 56 115 76 84 93 47 64 51 49 75 118 122 51 90];
euros_min_B=[12.204687387433458 1.438774961147532 6.590666916094532 4.4358604108972 14.42854642462726 2.094931073374864 5.571825316541058 3.4698791551747457 4.460119008125303 13.25883590715047 4.077914324938269 11.108766520032304 13.089649144831006 10.905112704543749 10.686114790005004 4.555760408387206 2.5792944937396727];
euros_km_B=[23.960655796607643 7.793183193320319 5.061884339063177 18.245669126509437 9.104326183779932 16.948532856441922 15.154935452534295 5.743920182904583 20.329924965796533 1.3513147176325444 23.039985178001256 2.0216333881289805 9.137397294085224 3.7176126908641742 3.063463731290428 1.260038236865721 21.032988801803448];


nDrivers=18;
max_D=[164 209 235 169 204 151 169 146 211 154 187 153 142 180 226 158 198 178];
        

nServices=23;
S_starting_time=[5 535 295 61 175 300 525 234 517 186 504 655 575 561 480 678 37 335 393 190 683 547 559];
duration_s_min=[92 80 114 69 61 108 98 69 87 116 78 73 95 83 87 69 119 109 64 100 67 116 92];
duration_s_km=[50 52 51 32 38 34 47 37 45 34 51 56 46 33 39 48 41 36 55 50 57 50 51];
num_passangers=[48 59 47 95 25 91 23 77 65 80 51 55 46 99 20 94 33 98 24 89 73 27 87];
BM=250;
CBM=0.500000;
CEM=0.800000;    