nBuses=35;
max_busses=35;
cap_B=[103 55 52 72 66 54 111 116 100 99 116 27 81 69 26 34 126 123 58 54 69 113 82 90 121 80 42 23 74 92 39 35 31 24 28];
euros_min_B=[4.826408833467428 2.620892621845691 11.71216089399609 5.8758963536774225 5.118410097005789 1.3997383856142849 13.343818388101722 10.889092206875674 10.364243245283774 5.1308085926930405 6.173618658387978 12.470088927550687 14.93500759610695 5.380382674366781 12.311562311736356 9.448131413283358 14.140428026898578 4.014860299890134 2.7836961886128972 10.794845092875244 4.882071816151872 3.828414346067876 4.424389944994556 5.854185757945391 9.251521141705172 6.184833483949621 14.815734319184648 2.325657529563469 8.027680258835822 11.451501240829861 5.430513709551981 11.085237907850484 12.282516250504862 5.994139326942614 12.346517806470528];
euros_km_B=[26.083355508214304 9.61038506205175 17.773465220341972 27.65696387150682 15.04036200414498 15.39931842106039 2.831619380892908 12.304440307903901 25.846205025976158 22.71665843779023 13.462245252706708 29.4232411901044 24.6802125582228 15.221407481892367 21.008859699568013 12.688375488597265 20.90758308268664 17.24401958638497 24.341449585743998 20.38690473394138 25.067158754372606 5.8542560079204975 12.497234456068583 28.669850991783655 24.704849579074565 25.22756851510669 29.207989238103053 26.16723788274491 22.33116023640786 12.689877436307336 20.341871347680488 26.531712335461293 20.422982261020117 4.969041379493593 23.690802682420365];


nDrivers=31;
max_D=[197 127 204 188 209 156 158 229 135 135 211 132 129 240 125 216 183 125 144 187 199 215 158 120 140 217 170 220 175 177 182];
        

nServices=36;
S_starting_time=[399 12 544 455 273 549 584 406 359 67 325 631 161 696 187 672 146 241 136 14 351 568 217 677 239 360 669 178 237 188 92 103 108 294 533 712];
duration_s_min=[71 63 105 105 120 73 74 118 83 73 68 98 62 101 99 98 116 88 106 85 111 99 69 81 113 108 92 68 63 62 100 74 71 115 111 85];
duration_s_km=[44 31 48 44 35 55 50 33 44 44 41 31 52 59 31 58 33 36 50 55 51 54 30 48 47 32 41 45 54 60 38 49 45 46 38 58];
num_passangers=[37 100 53 30 69 72 73 56 92 87 83 30 92 63 95 22 81 87 47 31 35 74 22 98 32 41 61 97 73 91 100 87 28 56 33 75];
BM=250;
CBM=0.500000;
CEM=0.800000;    