nBuses=31;
max_busses=25;
cap_B=[38 27 45 115 87 34 130 39 109 56 106 117 79 65 40 87 21 58 52 22 132 131 96 38 63 120 55 43 44 30 134];
euros_min_B=[6.339063293984922 6.229019043567652 6.8850128147172285 8.150994065025058 4.0029617026429145 12.326511967152475 6.613036339691788 6.35938596744656 8.919401140682957 4.3110590903083885 12.458080758454038 13.869787349420154 3.024631048015416 8.566776404207673 3.377235428685573 3.1015730553760377 12.67148223541442 7.637485927604224 2.5184953206012146 3.2440619065905656 8.721626810761318 11.934528396064968 5.609444100297793 1.6424208129583386 7.368579900536589 6.504514348359798 2.295502991825356 13.883877452179021 5.505503158152128 4.0152791982287726 12.47146857001573];
euros_km_B=[22.90758811617781 4.200104253646719 8.176546105065142 6.1287039506272745 4.243899939653245 4.419105967887164 23.99137581677945 19.779311419631874 23.138651914155968 10.745360818368944 28.82492707129144 5.8011683947814205 16.008283101046587 22.354955736857924 13.696860232778903 3.9665183375171775 27.346420038127643 2.637091832971553 20.41647286538502 8.565575010867459 9.178967898815882 28.282091255003103 13.585993870947727 5.24597284525743 16.798666971690306 12.019162592055475 21.79250343487587 8.549855576503518 5.799571839494696 25.27108188415805 26.860597300423752];


nDrivers=33;
max_D=[221 133 120 133 232 236 157 202 173 234 212 239 235 204 126 222 164 125 181 238 175 222 194 206 205 200 141 209 215 128 225 201 132];
        

nServices=34;
S_starting_time=[70 210 443 406 60 89 644 541 506 593 613 370 186 230 697 616 542 598 397 116 530 580 104 649 371 489 54 516 112 389 467 134 155 20];
duration_s_min=[97 102 116 101 94 97 94 92 102 113 60 113 73 98 118 68 109 93 69 83 107 63 87 74 98 72 113 86 70 118 94 96 74 108];
duration_s_km=[39 60 51 33 37 38 30 47 39 51 36 35 55 56 54 41 42 51 45 48 52 31 43 53 60 58 59 47 38 55 60 48 32 37];
num_passangers=[27 21 86 57 93 28 69 36 60 40 25 20 82 66 21 45 75 85 24 24 39 43 70 27 23 23 40 39 33 23 97 85 60 98];
BM=250;
CBM=0.500000;
CEM=0.800000;    