nBuses=21;
max_busses=16;
cap_B=[55 129 96 92 112 98 110 26 120 137 121 87 78 121 123 52 84 32 32 74 57];
euros_min_B=[10.965584267402086 9.466572473048485 14.569062329799278 13.41954586213339 13.322396126955026 14.507668129555313 1.5502394011435785 12.719103037974579 14.005058154715133 8.044489991063253 9.57336196232822 7.676619732338575 2.126968216375963 14.428264044858645 10.525147625610439 8.247461920803666 12.000816747190889 12.83317423679955 8.22563584376639 9.908889072413823 14.1875451914235];
euros_km_B=[8.690958841942987 18.000146441975676 7.3774854124292695 17.23854797752171 6.241156147595109 23.21394486970728 22.922590891083342 1.520041875042315 29.442047450164264 19.742742491926105 1.0403942909865593 2.218495258717386 15.684865782560166 19.41360124940593 6.7619026384695555 14.835693128928877 19.70919910452767 21.72062732039601 12.046542140636856 6.009472458163167 11.436164581507969];


nDrivers=16;
max_D=[231 125 202 237 211 226 142 222 167 134 233 145 128 189 155 181];
        

nServices=23;
S_starting_time=[97 181 560 146 179 489 684 556 573 687 258 414 431 217 231 690 648 604 234 389 514 305 200];
duration_s_min=[62 70 83 87 108 103 104 97 72 66 102 66 64 109 114 100 116 83 114 111 68 107 75];
duration_s_km=[54 33 49 36 41 38 54 32 44 40 38 41 41 35 41 41 44 38 42 58 56 50 39];
num_passangers=[40 71 94 23 62 67 81 53 47 50 50 68 36 51 59 73 20 27 32 97 95 69 79];
BM=250;
CBM=0.500000;
CEM=0.800000;    