nBuses=18;
max_busses=10;
cap_B=[39 60 79 107 34 82 128 20 78 51 54 53 105 90 97 43 79 75];
euros_min_B=[4.32896654179523 10.150275854245828 1.5676769338301624 11.613626143381577 9.984910564102849 4.157842338616311 11.955782856039962 14.554070424501978 12.867246786871645 3.6109095517885663 7.348097451086012 12.379762142494487 2.440544202512842 6.103173219783455 11.027573189475229 14.556277068788408 2.5384787347411644 4.133101850473691];
euros_km_B=[17.667819366543068 2.8219303134454545 18.787082487767705 1.837888764051327 22.420266165806215 16.479295058179567 2.8774334407624065 14.663252811727421 27.513548799341073 10.865058627431788 25.484018048063376 3.9266717291728375 19.40892164427672 24.660426772198612 7.860304970603911 15.145411077858093 27.996376581690583 17.67595154689818];


nDrivers=23;
max_D=[191 137 125 128 180 153 233 212 230 151 203 141 206 190 185 147 217 210 206 155 121 139 137];
        

nServices=24;
S_starting_time=[70 679 720 242 45 483 59 3 337 32 530 519 164 366 62 706 140 77 201 623 572 252 420 403];
duration_s_min=[100 96 72 83 63 84 85 116 72 106 75 87 112 91 91 102 72 72 109 94 64 109 117 116];
duration_s_km=[52 59 42 46 55 51 33 37 32 42 54 47 59 33 58 49 42 37 60 59 40 45 49 32];
num_passangers=[39 84 89 42 92 85 65 91 61 60 70 67 61 90 90 94 23 65 28 43 83 44 82 77];
BM=250;
CBM=0.500000;
CEM=0.800000;    