nBuses=29;
max_busses=28;
cap_B=[25 131 54 47 103 107 122 21 135 129 137 67 54 103 41 123 41 128 69 116 140 126 98 106 53 70 118 90 44];
euros_min_B=[9.022438825826757 12.935622206247386 2.7239296564672175 8.181192434730658 10.354237274313885 7.471916819678408 2.9412614144560765 8.30084979731106 8.2286270511879 14.62487575037325 3.54384260569641 6.724642024797381 12.365033189697181 8.357862645053094 11.890763819766594 5.495046816376235 6.584099937080934 8.316793701570726 10.719341827061385 2.1174652054529206 3.629474827319636 6.8903178285770705 10.754759802360796 9.649260692729635 8.295111296387152 6.705923188662156 9.314020390283886 7.42834642364525 13.064040045157647];
euros_km_B=[9.072893613637374 14.762790790022695 7.100092642926759 26.96394035266768 18.974276994078938 10.073397334234528 7.926205937377319 8.473342707215867 5.273814436333018 18.528603767353854 9.998041621313929 14.652411168743454 9.92432963244421 5.287380484755713 3.60629066193171 23.13727352849988 6.850316819515651 26.08412554793067 9.045779045552386 26.02772308454455 18.157026859661602 8.704670303412424 19.26347236555989 21.894235404238298 8.927167147687786 11.173672259074142 20.034649970768633 13.503693622359293 2.5880218103449835];


nDrivers=31;
max_D=[180 175 186 151 150 195 196 221 214 120 138 154 151 131 199 132 124 212 206 235 212 194 123 139 157 231 238 233 191 200 227];
        

nServices=34;
S_starting_time=[131 449 575 478 172 137 394 495 2 277 21 259 709 509 589 522 430 546 7 261 515 457 555 320 445 283 237 57 476 354 709 180 621 136];
duration_s_min=[106 114 101 116 115 114 86 101 80 69 91 120 103 97 60 112 65 120 76 112 107 102 68 91 102 98 108 77 120 115 93 110 105 101];
duration_s_km=[35 34 55 33 33 51 55 45 48 40 34 53 43 52 52 46 52 45 55 33 57 53 41 56 39 45 57 55 45 60 32 55 36 36];
num_passangers=[55 57 42 72 47 51 22 93 73 61 62 42 78 29 42 54 90 23 95 67 54 36 50 94 76 95 24 49 50 94 62 76 21 94];
BM=250;
CBM=0.500000;
CEM=0.800000;    