nBuses=29;
max_busses=31;
cap_B=[43 113 38 31 63 42 76 111 122 51 64 102 97 53 68 123 100 60 133 43 92 130 92 71 104 41 91 46 124];
euros_min_B=[11.457863985099156 13.551590442841617 1.3757784130669375 5.858616379843569 14.639237379335515 4.387152564101704 9.707767228147734 14.986658539023573 12.793788310271056 7.398804326941334 1.6699850846109352 2.379560020765471 7.78568157695225 11.250845977404335 6.032159164046904 8.44094718252711 8.373551183831182 5.621037828824147 7.80324104040622 6.1049235118439995 5.008253972373265 14.301160316385909 7.8227706624353335 10.675687898698559 7.19429315474019 3.8372579829594464 12.595600780294578 5.817828578487092 7.880228095322844];
euros_km_B=[26.230144787731934 10.399189388357245 25.082058232082076 28.470549894770066 7.1335728847405875 25.55631842828277 20.674566166040716 19.24139816421496 21.355380522374492 25.77464708499452 12.931865862813442 23.943196856663572 21.31514989165316 26.52712511498842 20.67201729435149 14.434315129067762 26.450661094960893 17.592727517026933 25.816440890796848 19.37439078787496 1.0711837643059903 24.042079282009805 11.179420009785836 17.247544336762477 2.8929521474662967 14.711381046414905 4.492569505862511 8.773089185356719 11.481982593214745];


nDrivers=31;
max_D=[237 228 161 212 123 226 220 189 225 182 120 168 179 162 225 226 168 168 212 120 222 146 171 173 188 180 165 197 184 214 133];
        

nServices=36;
S_starting_time=[493 450 603 177 133 646 548 18 221 112 284 354 104 593 468 258 131 393 257 625 624 19 646 303 451 321 285 540 177 394 375 104 423 279 549 273];
duration_s_min=[83 96 61 97 103 88 117 84 102 83 99 65 109 74 101 101 75 83 93 106 64 117 98 119 77 112 109 95 96 101 116 73 81 86 109 72];
duration_s_km=[56 43 41 31 46 43 47 38 47 37 43 58 41 48 32 31 41 53 33 31 60 57 48 56 51 36 32 58 35 59 57 46 31 39 40 55];
num_passangers=[51 70 98 66 62 20 23 54 30 74 30 96 33 40 95 98 96 94 32 74 92 76 61 68 91 91 27 23 98 58 72 72 73 83 68 35];
BM=250;
CBM=0.500000;
CEM=0.800000;    