nBuses=42;
max_busses=38;
cap_B=[29 101 103 101 102 118 56 45 57 28 54 62 100 122 82 109 140 54 73 135 97 30 75 79 77 87 127 71 27 98 22 48 86 76 40 128 86 62 103 72 134 20];
euros_min_B=[10.92532296300445 14.808431987838722 13.01000180665959 6.142520544330623 6.051072152181605 3.4044560536227704 13.566763878403002 2.8921942178337092 14.884235552294081 1.0837835432372669 13.625743979923456 10.831733772644037 8.04196279881951 13.553538329474971 12.15487497043627 2.7434244857563375 7.820056708416136 2.1539975944280263 13.893706353930689 6.9593667954978295 11.999515935969974 8.447327797621567 13.670017110845656 6.2807575495362675 10.147967545998943 4.242504564718916 7.494950389674619 12.604124550063268 6.586091296430077 11.991965610769476 14.499207586798553 7.810478537579156 10.719162449468739 1.3869591179567342 9.53007297352814 2.119153598814932 8.193487500525038 2.5672391213703074 3.683267784426522 1.8492769485877887 2.360968209598476 14.462315782627938];
euros_km_B=[15.631261154050877 24.287747933010703 24.825945331409862 29.127826638255314 19.78558171680775 10.202779717624173 28.7057182419671 13.740781900987816 18.092281525674835 1.131261075642359 17.481353137040355 9.262573471464634 28.114029616692854 23.516495091423188 29.65351580213546 27.204663159652636 15.94513253378245 20.81334620148119 23.56065557817236 17.495149193853393 18.097194159887632 18.53939748586877 27.773993921616647 3.164709955147326 5.232222576436157 7.607684473554422 18.786761679897065 27.11960103953802 2.3442084095193154 24.134211691354015 1.628780651286525 27.284474670412358 24.745194711302172 28.25828799108661 18.277545245069376 16.20841314320748 11.934272106357735 26.190784968020953 3.9270054508373478 8.947069939418318 6.386066381592051 18.669596489473236];


nDrivers=43;
max_D=[212 208 222 148 144 170 235 122 172 225 181 198 228 183 232 226 204 224 205 139 158 205 122 195 122 204 213 181 145 229 156 234 212 153 156 216 228 184 235 240 121 220 171];
        

nServices=45;
S_starting_time=[360 58 141 38 617 133 308 264 657 635 83 55 81 335 134 182 565 577 120 317 46 76 460 591 184 221 98 86 32 457 686 304 75 102 705 301 111 105 39 535 639 69 45 176 539];
duration_s_min=[105 69 109 120 62 99 111 105 82 113 76 68 69 95 86 81 116 72 87 93 89 71 99 96 106 75 63 120 61 95 84 105 85 117 64 106 67 117 87 105 113 94 84 98 92];
duration_s_km=[31 43 42 49 58 44 48 59 37 49 40 36 40 48 52 49 57 53 33 44 59 33 41 37 40 52 41 46 37 55 45 41 43 60 47 56 46 40 37 31 57 32 41 45 54];
num_passangers=[68 70 39 29 41 23 74 84 30 42 25 50 90 24 98 85 61 75 53 77 63 37 47 75 75 46 48 63 60 62 92 100 45 77 70 60 84 26 59 48 51 40 88 72 64];
BM=250;
CBM=0.500000;
CEM=0.800000;    