nBuses=21;
max_busses=17;
cap_B=[48 26 88 115 120 25 33 63 140 119 48 83 36 130 100 61 48 56 100 52 82];
euros_min_B=[2.776339927248784 11.37190818957857 3.5193481890605707 12.69645127700955 6.209040119045294 6.445938944250431 10.88760068035673 3.416531670671553 14.32970903130625 4.299344737349677 9.228883545757448 13.638048572886143 8.415310538964787 10.975552518586735 2.63028676581598 2.654821739357489 14.432465685971113 4.892291863879224 5.1267109832387945 9.65319409653462 6.087218910386421];
euros_km_B=[11.142518855650914 21.957148343138098 11.666373858426171 14.531684521560262 19.05216184485381 22.598491921100464 12.30158758336402 20.024884873312704 15.258328348225568 14.729872672044884 23.71892322737315 14.841326102491486 6.2440678007104395 20.73273932807452 25.186140284358384 12.551610215661226 18.52638647758055 27.56895409875957 9.755771058670936 8.41553439670578 25.883528014620467];


nDrivers=21;
max_D=[219 233 165 141 151 167 236 171 133 207 218 210 128 229 194 136 168 200 171 196 136];
        

nServices=28;
S_starting_time=[497 662 642 36 207 472 67 241 436 186 626 117 470 162 274 109 236 444 10 47 153 650 337 511 360 185 481 389];
duration_s_min=[110 93 70 70 92 97 74 109 61 106 83 114 116 88 110 74 119 82 118 96 120 109 70 97 101 100 109 89];
duration_s_km=[45 46 40 52 49 55 55 41 49 41 45 48 41 41 43 32 53 41 49 37 30 39 46 54 50 35 33 56];
num_passangers=[36 44 80 45 46 88 89 36 88 81 74 46 96 99 75 65 25 56 82 52 96 30 58 38 93 56 26 37];
BM=250;
CBM=0.500000;
CEM=0.800000;    