nBuses=50;
max_busses=43;
cap_B=[59 110 38 111 62 59 110 131 82 71 56 101 126 96 59 43 124 62 36 59 133 66 101 63 92 30 73 96 91 85 126 48 21 136 68 94 32 104 124 29 139 66 70 99 116 117 118 69 94 85];
euros_min_B=[12.422876432448378 10.124826940409347 4.418361924996763 11.340633534227674 3.1606160860828663 2.2113933464869135 14.29258313021896 1.2688387088290458 4.2621739681056185 10.858086656870924 5.69555496911854 3.2799847058781357 4.5764660753696065 11.809290849677991 11.144366512661044 6.905615708263277 12.804409844849296 11.084343632662002 9.242002130510022 1.2913578044179443 7.118722001972841 9.654601387502991 8.83340074002242 12.040768028690174 3.7755677684593323 13.88584194287398 7.970451681216935 14.631105972346413 14.24060908126827 10.954861262728357 8.89979796883945 5.216356721589115 2.0284087842874876 12.795891305799541 6.905440814128937 5.271104885158122 9.667739538525952 12.784057347542602 9.246087431021344 4.4279937995965675 6.861481057154892 1.3877030227802665 8.048911488318488 13.74181418781939 8.371855205654203 4.31223064329814 7.192130689533704 7.2328107770150645 7.564315041925592 14.63999544209259];
euros_km_B=[18.68689394380402 14.990777830013775 6.491990267478628 14.37024214632558 2.357392847862736 14.491924173435793 11.912069586209757 1.2575167881479612 16.2136113337806 8.419536440694145 25.75288240431952 2.8417984495544673 25.178705920989618 9.71210810699591 29.3689749346453 11.246015724746469 1.5191119763219618 9.192501892117377 12.599126015783016 4.626467168688876 8.487712409952005 2.8930489602068636 25.276287449527437 13.3940134757165 27.426916032595074 17.73961156382409 21.148646489549463 21.947025737686776 7.685858265571235 17.061648204123255 23.151816666328525 8.594327977314023 9.511217032573704 23.15478294954223 10.903430623043803 21.742691483913088 1.8400570965325578 13.217700511426099 18.435524647409878 11.70518162156565 7.522685639409696 2.5636021186055933 1.5095301630374705 4.6331733154840204 19.575401430862645 26.36935758275451 1.9999755453852885 15.954780670509 29.67513023996353 24.821005148538816];


nDrivers=49;
max_D=[171 202 145 162 193 133 159 122 210 190 143 215 163 192 140 203 143 222 166 206 165 136 171 171 233 135 153 211 217 235 205 169 240 134 185 182 234 232 229 147 181 163 159 191 156 134 156 176 181];
        

nServices=51;
S_starting_time=[558 447 448 321 684 621 116 488 338 455 401 447 169 537 687 383 418 617 216 432 26 28 341 548 589 65 330 693 700 316 337 671 711 602 603 562 99 428 13 65 555 231 707 298 213 442 306 343 290 708 142];
duration_s_min=[111 88 109 109 80 69 120 93 66 83 118 99 118 86 89 118 65 77 67 112 61 119 60 93 118 71 61 86 72 90 105 86 118 113 119 88 97 82 66 113 115 83 113 97 60 92 71 97 98 71 106];
duration_s_km=[32 60 37 57 35 45 60 42 31 34 57 49 59 36 43 30 51 44 53 54 51 48 50 52 45 37 52 54 45 32 52 34 59 52 53 40 30 51 43 32 32 46 32 39 58 57 34 49 59 43 32];
num_passangers=[25 43 77 100 45 79 23 60 28 87 43 98 67 46 100 75 37 62 71 30 79 85 48 41 48 58 23 88 56 84 57 79 64 67 78 74 48 35 62 30 43 49 74 52 29 82 40 55 92 43 74];
BM=250;
CBM=0.500000;
CEM=0.800000;    