nBuses=37;
max_busses=38;
cap_B=[53 70 39 72 83 76 82 121 73 56 111 137 49 78 69 109 47 24 114 100 101 49 62 36 50 98 104 119 51 45 130 137 111 85 121 66 40];
euros_min_B=[12.76574938445724 12.430064610786076 10.523421209074165 14.25321987148805 7.465963090043892 13.171518439081126 5.949982405996926 8.082246961178765 7.239881560951219 6.05634054096552 4.354746466785738 7.847832314844203 14.134400583234026 2.211658025955518 11.995876021821573 10.394100082799245 9.468701499034367 1.4230282357908786 11.563823982027168 2.5588515963212894 7.464628097808355 4.845648152545205 7.739431281731044 4.25228272501168 13.755445797121187 11.62573100387262 4.56818152997244 13.076522106177471 8.053974867066831 9.485426048156643 12.079069426103368 1.6046433165936784 4.2006622933958715 7.329760023004391 2.518187929555496 2.4202688321882206 11.546822673026188];
euros_km_B=[2.8972171668846065 22.112278348095778 18.52887120747717 21.211765476557613 28.316814749043658 17.240433195960023 6.425178045684926 14.551427508166658 13.263750066581927 23.016932560681948 16.025498452308703 11.513581251449198 11.665244638794277 28.520449509560777 24.35775410587994 3.858819160032954 25.311873130566145 28.218178142151327 12.211525529158534 27.38974406151076 26.69850361333949 3.648713009289138 19.977145728629136 16.98364684109377 13.765679922165294 23.48578377938675 18.070165442826912 21.212040166185602 10.345096557571717 12.567691725858658 21.459882542262807 13.589631091003781 3.569250703272253 26.453089925399883 13.216540136227849 19.093471717191164 4.992545616138919];


nDrivers=37;
max_D=[224 203 229 200 230 148 225 210 157 218 159 135 145 191 171 127 169 130 157 187 199 129 174 150 229 139 168 180 221 156 227 217 188 153 122 210 195];
        

nServices=43;
S_starting_time=[121 291 671 185 565 184 30 234 447 29 339 210 479 697 573 361 86 67 255 535 344 498 168 212 264 8 438 188 16 320 670 500 164 569 682 521 52 156 672 526 501 216 399];
duration_s_min=[120 119 119 109 102 114 84 91 115 98 63 118 79 96 91 111 66 119 117 62 77 69 93 70 96 110 105 99 87 84 72 61 98 72 89 73 73 104 79 81 87 115 61];
duration_s_km=[43 38 43 60 33 60 54 45 57 60 51 38 57 47 45 50 31 60 42 47 40 60 57 58 53 47 54 38 35 47 39 48 40 54 30 49 38 52 52 56 48 32 30];
num_passangers=[59 41 31 41 73 70 78 99 85 37 74 55 52 87 37 69 21 32 29 73 39 47 92 38 87 37 95 72 28 100 75 23 48 82 48 89 67 44 90 53 93 74 80];
BM=250;
CBM=0.500000;
CEM=0.800000;    