nBuses=43;
max_busses=35;
cap_B=[113 42 85 30 133 30 49 139 33 104 78 88 133 124 30 90 121 75 68 55 133 91 124 78 59 113 131 138 111 60 122 65 63 40 60 96 21 47 24 131 22 115 52];
euros_min_B=[4.693494337860402 9.143048020339602 3.931842824497526 9.28622316074462 14.174400973186474 6.305779251767009 1.586324539638032 1.6350435831675623 4.48345189484276 13.44623746264545 12.403007988432815 13.089236328789452 13.483743216495562 12.927646959283756 8.711269996826331 5.037782744958165 2.9062193052141225 12.38892592242394 1.068518471789356 6.59715929775362 7.025209006704696 4.470025790974825 14.031327020450847 1.7956757745657468 4.219118778042949 11.414108150505893 4.009061686633187 2.191835563010375 8.157736440989218 1.0338276469345338 13.130817370766758 5.751002468353538 1.5058372895573355 4.523226991332212 1.1192838278769792 5.533575965128987 11.493237725934286 8.29501454722391 7.713245240905778 5.256789244468898 9.067685341684662 5.464448878833238 10.552742163741312];
euros_km_B=[17.11385453859476 16.389758094334166 7.754665019128483 9.982037354883463 25.996439788125013 8.014974712153172 25.842117054509277 16.12470341290544 10.465632644943293 26.25097045564016 24.086395896239697 22.832775052324422 12.09320364040326 18.349621609271637 22.596674021157092 20.661030966526596 16.192248353075705 22.764878568570353 19.327017600780728 15.98420239098217 28.21822062216149 13.363846541708506 22.93607302039238 8.454478347171033 22.44740172086628 3.871990678305879 21.706986676925666 4.274765397328625 29.31463282965504 18.211255350391895 20.993140688592295 3.639903619945084 22.775338134864135 7.1985146926230925 16.327284118643057 14.360072141284478 27.5711370520811 19.001318761310632 1.6340389018235257 10.105652173727504 23.755210771035227 26.802505631269895 19.97235364605123];


nDrivers=43;
max_D=[209 129 134 164 209 229 234 238 134 164 238 178 231 189 213 120 155 127 238 205 187 121 195 183 169 215 229 206 175 120 126 176 202 190 233 169 140 134 136 207 168 196 148];
        

nServices=45;
S_starting_time=[679 516 43 26 354 62 62 9 406 581 382 287 371 298 637 48 704 690 604 94 210 67 141 595 199 67 172 240 577 220 645 264 165 465 72 617 458 512 237 194 531 96 302 494 4];
duration_s_min=[88 101 117 86 90 75 106 103 103 115 115 71 85 93 69 61 117 61 63 78 64 69 89 88 83 69 63 109 63 120 61 71 119 92 78 95 111 89 89 71 72 97 97 98 72];
duration_s_km=[55 45 40 43 47 58 46 54 35 50 55 53 54 35 31 44 49 41 52 36 49 38 46 45 43 48 54 57 37 53 49 60 34 50 42 42 59 37 33 44 45 36 40 41 44];
num_passangers=[53 81 22 72 38 51 49 59 75 27 75 44 31 64 70 25 65 77 58 54 37 59 61 64 99 24 61 36 90 87 35 65 97 55 32 66 97 87 36 86 73 90 47 41 53];
BM=250;
CBM=0.500000;
CEM=0.800000;    