nBuses=62;
max_busses=53;
cap_B=[84 56 88 102 42 81 40 62 97 109 137 86 68 27 88 35 130 135 131 31 76 82 121 73 119 98 38 104 62 95 84 35 135 34 119 93 87 59 88 119 112 85 122 36 44 95 55 128 74 54 98 126 57 128 102 73 79 37 27 59 106 97];
euros_min_B=[4.271675997347172 4.652514679665426 1.5321358287555773 13.462547189740905 6.5377006610908674 8.343079085253375 7.4627386360991865 5.149361947476771 14.0505930400961 1.219002539122569 6.865007481258013 2.2939627961036835 7.217615443850281 9.492684006468409 13.918106630091295 13.44840667887961 6.87873370708803 13.767548068056941 2.1301633655055854 14.426420391608412 1.7350457603685483 12.666289647504335 7.533599227301709 11.430783641021078 11.737212689663131 5.662330827655655 7.500297721894826 7.262156699736664 3.2701454870999536 11.839507763124328 11.432385264588264 10.125980542325076 2.5867747611573018 6.038635090342524 9.100473793212975 6.4475806212663995 11.061162401561749 5.629304046502341 14.319912639146631 12.983222342090972 8.201320163717936 5.529549874082966 3.709635662938066 8.184264560538992 13.883643657680096 11.8883733271569 4.8677408272393485 12.300441204904324 10.750104155945573 13.976128047559381 5.942875027036398 12.134561436291634 8.206071276592787 5.440628295614753 1.3680560983738819 10.906840834540787 12.707321119236262 10.107150174201609 6.208015495660267 2.9412542798693524 12.474181048051012 5.128666652762703];
euros_km_B=[28.320367694226206 12.370468531372325 20.92923111160694 1.6390040034678703 16.607313851671474 17.4398233462848 22.121531330725762 27.88412124346484 20.501130923107933 22.303448335120134 14.08580859428677 7.2587193273441075 12.494566946100782 9.418158311535171 11.053835213038582 17.828194473245077 4.56388832305426 16.684282814713335 7.255968683076062 16.657361082057093 11.987645764514943 13.006517308712862 13.487260413147252 15.46055501739025 17.345284299493752 27.453363652695977 20.329697008051408 3.788444845310903 7.526188897139776 7.99710662944888 21.756332120199765 1.7858589709034272 12.60869486965274 7.175283263397126 6.98813351578611 23.585008871448768 8.97988513883105 2.031367335338784 15.559442820784742 5.145667904450355 9.097315457755675 22.794052245546144 26.832611735675975 21.968589584188976 9.323748174463123 27.005094951610097 13.1164134629375 23.23237928227365 2.513973213095965 7.1810729621217035 16.959103798036466 4.1514597960187185 23.623355273188466 22.370544544424313 9.70718544786461 3.68040515253855 1.8415764009090168 7.001204337138429 2.128382692353109 26.461164966325484 12.908464754401502 24.347677319710872];


nDrivers=59;
max_D=[193 127 197 195 221 158 198 201 140 126 122 127 134 240 175 175 202 162 239 173 232 128 182 129 120 133 223 120 193 199 145 170 227 184 166 229 235 188 134 142 223 169 207 180 175 203 205 165 177 231 147 230 165 137 141 210 240 227 210];
        

nServices=66;
S_starting_time=[101 310 55 184 614 561 136 24 295 16 522 356 577 286 477 617 397 189 313 584 152 670 527 484 719 112 712 611 76 450 213 320 464 260 406 1 693 93 669 128 160 282 550 512 424 102 499 537 25 297 125 331 242 660 42 230 130 594 668 559 532 624 129 396 680 230];
duration_s_min=[81 93 68 82 90 75 103 64 96 86 112 112 87 106 112 114 93 68 78 75 109 74 103 120 87 92 103 75 87 110 67 79 99 107 96 84 108 91 71 106 79 60 83 96 117 81 66 84 63 60 71 115 84 103 63 112 79 92 75 108 101 91 65 118 65 95];
duration_s_km=[55 53 30 45 54 58 52 43 36 48 32 33 46 53 39 33 57 55 45 42 43 34 60 48 30 31 30 47 36 57 51 45 58 50 32 33 51 45 42 44 43 39 60 48 33 44 39 52 30 60 42 37 59 50 30 59 36 50 52 52 31 43 39 54 48 59];
num_passangers=[85 57 97 44 31 68 96 31 68 49 86 94 60 34 54 70 29 98 32 77 55 44 86 95 37 74 54 65 60 74 58 50 31 88 63 97 96 93 50 37 75 80 26 39 88 23 46 55 52 36 25 22 81 99 84 56 85 66 95 38 46 46 62 39 30 87];
BM=250;
CBM=0.500000;
CEM=0.800000;    