nBuses=59;
max_busses=63;
cap_B=[23 132 104 114 124 99 140 99 47 88 128 63 90 92 124 56 81 60 57 66 30 78 47 114 120 33 96 124 21 91 65 102 59 133 27 137 84 29 56 39 104 65 77 116 117 50 41 100 53 21 123 98 63 74 78 127 38 20 108];
euros_min_B=[10.640979399533162 3.063064009725716 2.551812488573575 7.096161836239756 6.137347945894351 7.947660910651076 2.361478605970837 9.976889850825732 14.002346245576158 8.352748394212846 3.790948546387849 9.911640839321723 10.08511870908058 9.681964664020487 12.30619395173693 5.08250237060951 5.116591769553731 11.43655372620664 11.650019213562805 5.725040470052754 14.411655332811726 2.3319069762240403 6.832308343981937 12.661196967057244 3.2519383992402746 6.497433190153276 9.604686853610199 4.121295310022721 14.844980360464886 11.786537138013662 4.982803793155321 2.5792048282125988 8.81927808244349 7.117551146011242 1.4890483605183655 10.879601087528513 6.847881355536866 12.51876636502792 11.948598591837817 8.734752724676838 5.801844110432837 3.6918450695385934 3.614285523852895 9.350446326827406 2.6118924818053726 11.133345072317377 6.013645291072677 1.6970062242635262 12.37218993168807 8.392728708330822 3.35596321520464 2.832223137428338 7.184889451589019 9.369525995173248 1.480474809225171 12.044959923483873 9.387028255437984 11.771239197197325 3.5916892200859625];
euros_km_B=[8.162767252013985 25.718158103422244 14.611602235630233 8.008796121163353 1.5056514326098598 3.355837712766967 8.006783878966113 3.4236682952286848 20.717882004293422 10.483414284507134 16.69038097925374 11.454657385970284 28.20843046538395 8.789820148299391 18.787739891350547 18.834013285993954 12.146388581842675 7.090280785199736 4.335133495598969 29.895859879459245 11.247754020833542 6.803632166675546 4.707289376094817 21.26770244280273 16.641602865142175 15.312160679740721 27.57504089694717 8.380901943686968 6.85741055161116 14.782254170690535 22.126754295442005 12.381151712631427 18.549903875476346 22.471683848831802 14.683579903115112 24.710769280187705 23.446884755720564 28.070746498236723 13.104991668592579 16.146227932338128 23.63962518047968 24.230730750184886 27.905806532977678 13.062660239835433 17.3694066381988 23.5444936671797 17.288614775643065 26.532201843739383 15.892832427697307 14.545744064678788 13.91761398963048 15.544278858171522 10.610799505733818 22.28128335163428 23.69728142835087 15.691827171099819 9.982388482978466 26.373038341074487 17.47937934700747];


nDrivers=64;
max_D=[208 194 157 172 163 225 185 188 130 235 172 233 214 130 227 234 190 188 221 192 206 230 154 138 171 121 143 198 167 127 199 133 186 143 175 230 183 167 178 184 130 212 148 216 180 236 146 222 154 223 144 218 149 182 123 168 226 127 177 198 226 190 197 204];
        

nServices=65;
S_starting_time=[432 651 359 455 587 261 324 324 211 466 632 612 531 315 580 509 532 95 348 506 23 370 323 174 98 267 465 349 113 212 601 212 102 351 702 674 614 86 587 242 680 559 104 709 140 103 104 124 34 337 101 69 229 589 216 157 420 468 422 458 158 242 3 294 338];
duration_s_min=[63 105 93 113 120 111 81 74 78 84 98 74 90 87 101 111 99 117 76 109 93 91 82 101 97 72 64 99 91 75 81 117 119 108 116 100 66 64 73 73 60 107 118 104 64 62 110 86 109 98 60 109 70 96 113 72 71 97 101 107 74 70 94 77 110];
duration_s_km=[49 54 44 59 51 55 51 56 38 45 38 59 41 35 51 35 37 49 46 49 37 56 31 31 34 48 32 55 47 40 30 38 39 49 52 41 54 56 60 40 42 43 41 44 56 32 59 59 43 36 45 33 52 44 36 34 37 41 52 45 47 58 32 35 60];
num_passangers=[75 69 93 24 31 40 31 89 54 71 79 53 64 58 87 39 64 90 82 99 44 75 25 27 94 90 97 80 48 85 27 28 32 28 56 83 97 68 66 41 67 100 89 32 22 65 76 21 81 59 27 69 91 53 100 76 43 71 35 61 22 70 39 56 20];
BM=250;
CBM=0.500000;
CEM=0.800000;    