nBuses=16;
max_busses=11;
cap_B=[47 108 44 119 30 77 121 116 131 72 38 128 122 67 94 54];
euros_min_B=[9.712234014953577 2.559665106599038 1.2133183422877438 1.9579348867780506 9.166031149210102 6.680217192614022 1.9378429275218014 8.605417484416403 14.93632252152337 6.483219036027004 12.617001327357379 3.352192221437157 8.028049961930007 12.283093027097568 9.208756331851669 5.133050799005947];
euros_km_B=[11.811349285579753 13.222356635900317 29.136143794684664 26.252238997029256 7.516607545042942 29.572937144792142 13.463796219833814 16.869972959005466 13.421182793181341 1.3653357816536222 28.40106081173362 15.304998859569608 18.52422688812687 23.847870846137152 23.432573919789714 19.8547425673787];


nDrivers=15;
max_D=[157 215 172 126 125 228 157 196 232 179 169 150 131 234 123];
        

nServices=21;
S_starting_time=[193 490 700 25 618 272 188 344 163 9 392 278 664 293 99 6 145 444 322 401 443];
duration_s_min=[63 105 113 79 118 96 112 93 98 87 110 85 118 63 105 90 72 118 69 110 80];
duration_s_km=[35 51 45 30 42 37 55 47 41 34 49 39 47 41 52 49 58 37 41 32 43];
num_passangers=[50 60 24 91 55 56 100 41 67 36 20 32 68 63 57 48 80 71 23 51 33];
BM=250;
CBM=0.500000;
CEM=0.800000;    