nBuses=24;
max_busses=25;
cap_B=[68 96 49 47 69 30 80 23 126 83 99 75 127 126 47 136 35 67 78 125 72 130 117 134];
euros_min_B=[5.555082439581787 6.769405971892124 7.033811463744604 7.6604107577097444 11.245061671184558 11.21222530860036 12.584039271020568 12.702054555613564 13.929219213955026 8.889513783156247 13.922647281147196 3.782857578752819 6.4122685651434015 13.831114511295786 11.528845032641318 5.569466080343677 10.18753553961992 5.502729120248877 2.554122335653826 9.996108143047346 14.659483524657874 4.431671608830033 8.378251828136904 12.138872809539203];
euros_km_B=[1.0571103378985713 19.125187197219777 3.3512039467675754 14.063229501171215 8.858675063645205 21.47006629910123 10.22913380929013 25.08780186925932 23.966580449272097 24.267702702528844 27.415673762795823 1.1902065989339683 10.498258368630639 26.253079670247832 8.327414564916777 23.346893093312854 17.25211852028975 13.661871827120928 15.855936793971345 16.620003251199325 15.235029751574167 23.200896647690683 5.68281692138074 4.513469217120678];


nDrivers=24;
max_D=[231 148 185 147 174 121 150 218 211 174 231 211 137 188 222 131 169 194 209 124 175 221 180 186];
        

nServices=28;
S_starting_time=[641 24 359 6 697 243 397 425 283 447 233 63 193 286 540 480 78 471 477 48 252 58 194 535 495 505 281 403];
duration_s_min=[79 64 90 60 88 61 60 61 88 63 110 75 110 66 71 89 111 72 103 104 88 70 78 89 77 60 93 71];
duration_s_km=[46 38 57 51 41 56 46 30 57 47 45 37 53 42 33 37 31 35 59 59 50 47 45 37 55 34 30 30];
num_passangers=[57 35 63 45 72 64 63 74 20 100 56 47 87 60 58 46 54 82 96 70 41 57 65 34 76 54 25 69];
BM=250;
CBM=0.500000;
CEM=0.800000;    