nBuses=34;
max_busses=31;
cap_B=[124 64 21 98 120 55 43 69 79 138 87 80 120 108 111 128 30 124 84 23 124 20 69 66 97 28 71 64 130 32 114 120 41 130];
euros_min_B=[9.6191455415642 12.2886974569633 14.817473404601774 3.850159408290051 12.581864998222425 7.5640599012745025 7.826875558438223 3.4750735011176825 3.017890244281263 13.591364918871347 7.924692891664481 7.550956754377361 11.343515578606048 8.232470447273425 5.05632683005971 1.8214110124347613 8.460813303875158 14.177847755124374 1.698483901654897 12.172826227938195 2.1437908054896955 8.483761281736026 6.515179509406064 10.096928549373152 8.096677836096486 9.119476860039324 5.044445090818158 6.961729228705866 14.431769051350486 9.305296366273739 1.894327371446134 6.5508580295877525 10.197945241213642 9.436420430089074];
euros_km_B=[24.03552686918494 10.42819314548756 1.365249386048561 21.695993294519177 25.176147570408492 13.28512619027486 6.7555493211302995 20.19615726607645 29.485307103463388 6.815180225157585 17.792399232719283 21.878847875009964 6.998939403968099 25.2218875126221 26.547294574235572 9.959901981234156 10.486937289875273 23.784198658536447 10.697558019977425 24.595730612166182 16.38098123503282 21.44860491867298 14.141227692576432 20.413173020383663 19.71547496249783 27.03790964797383 20.79393817298557 16.40379646047957 28.43548955604112 8.31257484317021 9.649234466948359 4.068666830723526 4.6548712311225655 16.636333454703873];


nDrivers=37;
max_D=[122 132 148 173 233 121 226 199 201 198 175 134 122 228 181 179 225 213 180 140 144 209 239 192 199 155 210 131 222 139 163 164 240 188 176 159 193];
        

nServices=41;
S_starting_time=[649 691 298 293 608 54 424 580 697 116 409 228 590 10 617 163 388 285 635 242 424 339 418 180 233 352 165 264 412 116 447 244 31 686 69 160 706 401 113 89 707];
duration_s_min=[95 107 61 74 116 93 88 73 94 102 84 71 88 117 114 62 91 99 108 81 90 64 95 84 100 62 69 71 73 100 101 107 116 69 90 117 118 85 108 95 105];
duration_s_km=[50 32 42 49 42 49 45 36 60 52 56 38 51 57 30 51 51 54 53 58 55 33 55 46 36 30 34 39 51 33 42 44 59 45 48 58 46 52 36 30 47];
num_passangers=[71 76 21 38 70 27 91 43 83 59 53 67 97 77 88 70 62 73 42 58 85 75 29 79 75 28 81 93 63 41 76 92 64 39 71 68 83 83 24 43 33];
BM=250;
CBM=0.500000;
CEM=0.800000;    