nBuses=15;
max_busses=17;
cap_B=[51 20 63 34 54 43 102 25 104 134 139 123 131 78 72];
euros_min_B=[5.048643553916099 9.440815263893299 13.80390273103427 5.498478549197357 3.3798190928064504 10.527703790538604 9.260211782517255 9.275364640796678 3.2451334388047974 9.91555220384454 4.132911579508242 5.536972036501281 2.717740613713497 4.018388187117134 12.173902801824232];
euros_km_B=[23.772759449780065 21.860463438897902 20.649507285733012 26.266441470149502 15.338907118337257 5.3264280492245835 24.35156333516853 21.87381571120978 23.796211478517453 20.227166417019113 21.559323793931647 9.727127864950985 25.68407286975097 15.268425195882342 2.1262808555898793];


nDrivers=19;
max_D=[223 220 164 128 206 210 223 205 161 237 189 122 196 121 215 123 236 220 169];
        

nServices=20;
S_starting_time=[168 476 248 117 614 475 121 184 528 447 625 23 440 120 595 116 187 711 638 421];
duration_s_min=[61 84 61 74 62 93 77 63 80 119 107 97 99 111 90 61 71 92 83 89];
duration_s_km=[53 56 41 41 44 40 58 57 47 38 42 55 34 38 58 46 46 32 44 32];
num_passangers=[36 25 65 62 52 85 31 20 26 27 70 72 77 72 81 51 27 20 30 99];
BM=250;
CBM=0.500000;
CEM=0.800000;    