nBuses=57;
max_busses=59;
cap_B=[133 108 110 53 42 74 49 38 128 128 120 26 58 96 115 33 48 98 83 125 122 140 133 96 46 77 74 132 53 62 114 110 88 128 65 132 45 33 84 91 47 117 91 91 44 66 33 132 79 139 81 101 75 125 81 74 39];
euros_min_B=[13.525335063943666 14.987746346311019 13.615666420786395 1.5080384157240454 10.602375998770317 14.499703840935837 6.3581934279056265 10.843037300276572 4.578554270559005 5.2978876537404975 5.645073651032446 3.734088654124545 11.320126509244222 1.587995379416117 2.43206467493074 3.0381788601155413 5.6684200440761865 12.360866155993145 11.463233267922144 14.901713976676447 6.354254411946144 6.256688980865034 3.104512814437559 11.52105197648456 6.468050001379696 8.710919392158612 6.299826025285775 13.818794336927718 5.604892421503266 3.0399157838195823 3.578262221659349 14.439387865048557 13.093945457180732 3.1635190015431927 11.798081061431331 6.905354615206965 1.2902115915878696 2.441388694030535 11.39858974000058 12.22543906712706 5.838997540100017 1.5923019315449363 14.014715427536755 6.859275353469093 11.439073678071392 12.432708921051747 6.969210357008793 13.52511933624654 9.421983342805646 9.038463303609639 1.2782876583078568 10.338633191447647 13.390901467388574 10.952339197855583 8.588311859082582 10.282885569013576 10.098118901961312];
euros_km_B=[8.970487246598278 23.119031650332527 25.000682936232934 24.683777643911213 12.868216293061323 20.15238961262153 10.65479413244475 6.9495792660340285 12.453582768387802 1.0719575209484118 29.334360467077953 21.16489762112459 27.89844753848962 2.3353448837853077 1.3129475590783066 25.994303422851967 28.022767214654365 19.49347039093174 11.47504474695618 12.805984573253495 4.834607240913369 2.0886523407684 17.851524143194737 11.720505092101245 14.406387424742734 26.232378641092815 24.49757116066861 27.687732538357977 23.177857194883444 26.729407034660532 27.345715616276586 19.99737719234831 11.24910683649641 14.85847466074189 22.15776833426083 14.78354699918081 17.137887571909644 19.409810549703845 19.10693383095159 14.858404354193679 21.433150446017414 28.301945474703043 27.883234550442747 22.002557851137507 1.3397951468708627 20.4578851205632 1.417844732530372 23.892504861073746 20.030140975757373 13.847827474980475 22.18416214912737 6.358976836714651 16.4359056873574 8.840365675202841 29.88487691210868 27.536620893622317 18.466356716076696];


nDrivers=60;
max_D=[203 133 134 165 157 168 219 144 185 148 135 177 193 234 188 206 226 164 151 134 236 174 227 225 161 238 184 184 168 217 229 234 166 206 208 128 208 183 131 172 200 125 182 222 149 135 131 162 216 199 192 160 209 209 229 206 130 194 121 150];
        

nServices=63;
S_starting_time=[261 138 427 16 78 621 488 463 326 207 305 300 658 690 526 646 508 207 522 364 297 276 134 685 674 383 324 396 168 38 513 345 614 466 73 426 683 196 145 233 98 373 121 196 53 70 171 197 237 627 605 318 256 193 356 477 197 254 292 489 668 251 533];
duration_s_min=[89 72 90 115 73 85 91 89 88 112 117 74 98 105 78 84 89 79 112 106 84 102 113 86 89 76 113 115 65 113 88 97 87 65 93 108 72 103 81 101 106 83 94 67 113 84 97 105 62 66 98 60 68 62 97 111 110 80 62 89 88 79 88];
duration_s_km=[55 48 54 52 53 35 60 60 53 56 48 47 47 43 34 55 47 48 40 53 55 33 49 45 48 40 57 36 43 34 32 36 36 35 40 48 33 44 47 45 31 40 41 53 48 41 57 35 37 34 34 54 40 57 57 59 58 42 60 41 47 46 49];
num_passangers=[48 26 59 35 72 25 33 22 22 38 71 32 53 59 79 90 81 78 36 83 97 93 29 95 64 84 50 100 39 63 24 49 73 54 60 21 74 45 59 23 66 64 93 53 22 91 63 29 46 77 45 55 99 74 87 45 93 98 59 40 31 39 79];
BM=250;
CBM=0.500000;
CEM=0.800000;    