nBuses=64;
max_busses=55;
cap_B=[91 115 21 30 92 122 85 124 136 28 42 107 89 137 79 67 75 77 72 78 49 111 110 98 95 23 28 47 36 54 120 74 100 129 51 72 26 79 62 78 119 48 117 97 95 122 122 83 134 64 74 42 49 57 120 65 120 43 39 69 121 96 21 42];
euros_min_B=[6.041396533625582 9.45979618858558 13.90204642298672 4.137101188001869 1.6803540914083415 5.9227013750986774 7.7612285413188955 5.858908694754808 1.0215537261910945 12.903573237255213 6.195274772821051 14.732622959717988 4.644197184996295 5.8971468315764675 2.4044096488092643 5.152320968216555 2.7992602699453397 6.505815900417226 10.438270570707536 9.784037923741854 2.075318782601033 7.434776650512962 13.492538159580725 4.738101705290113 10.102737971273203 4.149635965758127 7.034780481552275 3.9681709369902722 3.9548963118165603 4.675717821348409 12.097222320085114 2.0584472910952094 10.762137331154427 10.605690158161275 4.036905919525388 7.094593593292504 4.4572081138809185 1.0083019069631667 1.5478133734080401 4.751726928189057 7.660586394739646 13.386153418403172 5.793327020967539 10.135777686301875 2.839181876957204 7.924748421124637 7.686982721553574 5.783045010272627 4.503153140180485 13.258195621457933 4.659282071062614 3.13296655940238 3.6407440296295643 4.312808018608724 9.005121282156045 1.1827017109285138 8.507588019620268 10.554486084188769 9.89884982569705 8.553093608226604 7.020585125535099 11.057268725796803 9.99991960945642 7.317722618220762];
euros_km_B=[8.976373143660052 29.849893004791173 3.625433462617605 17.020228373739258 28.402291015515527 2.2588234496908326 26.663440215573726 3.446602203738161 26.930954588146072 2.5195757851670892 8.251460205719928 26.73317372673817 27.80911796523876 12.224814902151234 4.5638698710621375 21.526647813462052 1.029883721293297 16.04823092218746 1.411383903935112 24.88658577572443 4.58705704889454 4.806179773361911 3.2022984058475883 13.868378363204565 22.323249570168244 27.422753056044314 14.10787760407835 7.6423023453974395 14.503571180084906 9.483270238028984 17.0738131646876 29.46370342002085 16.114873917569383 7.869567029539562 12.304298686684248 23.354135086075047 13.557622142093287 23.449629931921486 6.3296904216597 1.7435488987103898 17.25008739954207 21.390664606360318 25.099262872913336 16.040330406995505 7.706850571895501 12.37867643252705 4.964949833281272 8.952726560381894 22.993977624921403 13.118115914869481 27.51087270164649 14.616921444038196 25.56967007755047 22.082093099895108 2.356016857203033 10.296229285714158 2.9857043049391523 1.998763792979212 16.718330625738773 27.549474523278523 16.54541475168562 18.663234302019795 19.700174608336198 3.6045503480991634];


nDrivers=63;
max_D=[239 155 152 162 203 138 176 169 219 124 172 194 141 204 121 145 237 146 140 142 225 140 199 165 152 135 162 220 170 198 134 124 201 226 209 184 121 216 227 169 150 120 228 171 212 240 234 183 201 206 146 153 143 188 129 167 123 165 141 125 222 208 188];
        

nServices=69;
S_starting_time=[404 308 594 346 582 90 73 428 132 697 683 325 272 217 416 504 688 395 444 61 580 513 165 416 300 261 220 549 232 546 241 567 8 158 173 99 350 312 256 321 674 172 216 676 531 328 102 312 697 332 166 201 521 521 417 503 204 124 511 481 283 99 347 430 132 132 503 308 291];
duration_s_min=[88 103 69 89 93 69 66 99 83 98 83 72 60 102 118 60 83 102 94 74 92 83 68 97 98 108 77 96 78 60 77 119 83 106 82 96 77 82 94 98 112 106 75 96 114 118 97 89 65 90 62 61 113 69 112 82 88 115 95 108 64 115 105 71 82 78 89 118 107];
duration_s_km=[46 45 47 49 46 53 39 43 31 60 57 57 49 33 47 33 35 51 54 34 54 45 58 45 43 31 49 32 33 52 48 58 57 42 55 34 40 32 60 41 39 56 58 41 52 36 42 49 37 51 37 52 42 43 60 37 36 57 33 37 51 44 57 53 55 57 34 36 30];
num_passangers=[53 43 64 75 38 93 32 90 70 60 67 80 36 82 61 99 44 42 33 43 55 70 82 44 78 37 50 38 49 87 47 74 21 91 68 80 79 59 59 33 46 40 69 47 75 34 58 96 76 80 51 87 80 75 39 42 35 100 94 56 99 42 29 54 23 80 32 38 63];
BM=250;
CBM=0.500000;
CEM=0.800000;    