nBuses=41;
max_busses=39;
cap_B=[126 87 130 120 134 71 27 98 81 97 64 129 60 117 62 114 110 62 115 43 35 36 93 111 43 127 50 37 114 107 104 83 27 124 87 79 71 35 85 70 41];
euros_min_B=[4.177188320652865 8.931119031616774 2.1865929918489417 12.013960614294339 1.9949932529784267 13.653316867949387 10.1180024214417 7.0728540248109155 5.20863304166469 9.980048512919563 7.269194896448576 4.727038426027882 2.205238500650932 13.557952024568435 2.352760341268831 5.771569071699589 11.88033934824464 13.705975121047148 11.535611627761782 8.537948535446803 12.536963703254543 14.079863093273131 7.750070723774398 3.8001681581813096 14.72285651257866 8.299326851725962 12.052217529719362 2.2092121934524034 12.591849860503253 6.722197361343502 9.320506185313988 6.963344248842903 13.467066445925196 7.585940314429751 10.418607524297752 8.086168870435056 8.956992180725802 9.445518970395227 9.694347236070431 12.907131243275982 3.7068080419136384];
euros_km_B=[29.84748249545896 11.711717815302544 22.447844940167727 16.553109709332066 5.041021979618515 12.016339855116644 2.2795164333561084 17.614656665332614 6.0626678321037195 13.320265810499857 27.062283701717124 24.51615696925181 1.2683920917966092 14.012877212103055 5.696945123373617 6.1859885745764815 18.69110110614868 20.432013005452397 25.824481941296252 1.798799563565499 12.030151054239695 20.25344285497683 15.151423588261505 9.487616069852006 13.752028831746994 18.106968612143877 28.329119868923975 6.615981515180531 29.409002025175806 3.3517266292956185 9.08797925446876 16.442237311634234 2.1261137918440096 29.698237221890622 23.648560104524734 5.173846924922101 12.040866218342712 8.01224276652157 19.490567380892593 6.971038148420588 1.7412527901169306];


nDrivers=42;
max_D=[163 190 228 126 165 174 201 139 231 199 185 210 210 220 170 161 193 194 216 132 133 205 173 143 162 122 197 231 122 141 186 228 232 132 180 193 167 128 228 175 159 188];
        

nServices=43;
S_starting_time=[602 488 43 680 122 364 577 214 713 63 173 2 259 348 383 381 151 0 16 337 562 209 602 525 289 465 372 547 666 127 696 382 390 155 23 423 295 310 635 158 274 61 275];
duration_s_min=[69 65 81 93 93 116 98 100 61 107 63 82 74 72 91 66 106 102 73 104 60 117 93 64 98 74 98 96 105 79 92 99 80 79 60 62 80 105 90 86 85 116 112];
duration_s_km=[48 38 59 42 40 50 45 50 40 56 39 42 43 31 55 57 32 35 40 43 55 42 56 60 46 49 35 44 42 31 55 31 36 55 33 40 36 60 50 44 32 50 51];
num_passangers=[90 22 61 75 95 45 32 80 59 20 30 50 82 22 71 30 22 22 77 82 91 56 83 69 74 64 86 47 39 45 46 39 29 24 84 59 49 78 39 57 86 74 27];
BM=250;
CBM=0.500000;
CEM=0.800000;    