nBuses=50;
max_busses=45;
cap_B=[108 85 45 74 64 86 72 59 41 56 104 122 110 96 34 58 36 86 25 104 72 117 123 101 57 58 85 60 63 123 115 72 65 42 75 26 100 101 84 39 54 71 35 55 68 94 114 110 93 49];
euros_min_B=[4.221061982283468 2.6178019701285855 1.289729262750859 2.6155090812622515 12.182716533951345 2.0890149604469057 11.893045771248907 10.733916941353918 13.584149603875412 8.107472736577245 1.541022855250891 9.4460491984592 14.978283888022377 13.092862110047383 7.770449461854843 11.638056352023849 2.5215441115757766 7.075955314189161 6.713586938770319 10.953693555515974 7.709763964119714 9.361465257727513 2.351626749980027 5.9322127676499585 9.054884593514853 11.360609784199347 14.76947829510656 13.748868440054913 3.855926114788619 4.5489642880412955 6.0507708343196285 13.272609171917681 12.408927405792875 10.08228572257973 7.408830976706733 14.19789434940453 14.770850756578824 12.017014070936064 3.5612892130250904 6.042842263803267 7.865300158417193 12.488510279822943 9.747502535838954 9.753476251855854 12.918419591375367 9.960869780590098 12.465932986693424 14.447173910900434 1.3776848750199773 4.3380407087564];
euros_km_B=[5.100597585866238 8.72101702796246 14.151353853253093 12.719113799089707 28.851541960552936 27.92596333879243 2.4514330706480654 22.9439954034745 17.56378675357337 8.604574786141058 22.152064357365468 29.831440260218375 22.855317699339583 5.341868019686188 3.480083087093326 3.95941155251997 28.374678853303166 1.297793608177591 1.040440536527146 20.74343921269663 2.5506854039439704 1.1893938508279644 10.770595427042453 14.053919863593913 19.950119782433667 28.08192794563305 22.32886951434633 7.79501393560078 18.371767362971116 21.99038949363695 19.03195034118157 17.461924005428084 4.73279926455155 14.82946165221875 23.709988619679795 20.88621859412966 10.53198200848661 26.405848157126727 25.603495142859245 26.01065280650114 13.51107552505922 17.4211007914709 24.21051109460165 25.04231715978619 9.403713918113136 12.120548607173014 8.599803398653593 1.9425688398732923 4.286690862959343 20.53800035043657];


nDrivers=54;
max_D=[196 147 207 139 172 236 188 237 228 151 218 214 179 216 196 180 192 162 189 180 181 179 136 137 198 213 235 178 149 219 200 131 157 161 159 124 240 209 181 223 200 179 185 229 220 126 237 139 173 226 182 176 186 238];
        

nServices=55;
S_starting_time=[255 157 368 148 320 268 664 406 405 393 49 34 71 42 254 614 248 317 205 537 576 620 338 475 524 319 313 438 650 243 395 716 21 160 547 663 17 39 412 174 367 254 209 411 18 270 702 395 580 600 221 209 502 706 33];
duration_s_min=[104 103 75 113 89 107 70 73 120 120 91 112 119 86 86 63 65 64 116 66 107 83 96 94 66 68 74 67 103 85 65 80 104 97 104 95 63 114 87 61 81 72 78 62 107 112 106 74 63 76 66 100 86 87 107];
duration_s_km=[41 31 52 45 50 42 46 60 39 47 57 36 54 60 59 50 32 39 46 41 55 56 58 57 48 49 30 54 32 40 37 58 59 45 32 50 51 54 51 47 33 51 47 56 39 35 59 49 34 40 30 58 54 38 45];
num_passangers=[73 48 97 69 41 67 67 64 31 64 40 99 94 69 85 86 32 63 24 24 23 21 92 20 33 50 53 97 31 29 21 92 63 65 29 24 61 83 88 38 62 44 87 87 34 51 87 56 26 79 53 35 45 54 33];
BM=250;
CBM=0.500000;
CEM=0.800000;    