nBuses=39;
max_busses=36;
cap_B=[31 136 92 53 53 89 47 79 25 46 111 120 118 60 69 92 81 98 40 79 23 137 30 32 45 23 85 87 86 23 68 139 119 41 84 111 50 22 118];
euros_min_B=[5.814784530818214 12.804218979863236 6.736377762926167 9.513558221184512 3.112486856531044 1.490176231486554 12.886200821707016 11.056663877254397 9.366052629936341 6.868741633527277 1.207230275360706 9.83805270067551 7.933552240527109 12.322622587595022 6.997349641894779 11.097293953566213 11.679579262169536 8.041147913050967 6.319858175963153 8.544894119519157 4.871994355680908 3.1692035822385085 14.990105449615488 4.414907898070446 9.666994177023852 5.962287797292367 9.847226216402893 11.926815694169175 12.556984182529279 9.573859850287294 10.559745016892704 3.332182214421258 2.0874388273177793 5.053317806948675 4.891551350745984 8.656265265611214 6.6774644981899804 7.746054331430574 13.801540974156904];
euros_km_B=[8.236276727363023 7.142871236547229 24.280804199373577 29.708498072586337 20.13438414004964 23.96554313819555 28.39382551973111 2.5459863800858202 19.69777161000876 17.838889897446325 8.018903895698147 2.802474446083752 26.18704217433568 28.508999163834435 2.601138776541498 11.58260509017767 25.194388686902805 8.08071117089672 18.885193506920142 15.568743043958195 20.99640326791423 17.057757730077807 18.830158660036865 26.478105255367254 23.27521655011454 27.418423888150432 7.429591211628081 17.06714951379023 19.578077813618773 23.131675591764683 16.963707547858455 22.517329260792792 19.889123444509778 15.47509771300227 28.448407782168346 19.348027076565717 14.575001242029678 16.39061573972827 14.724862629857803];


nDrivers=41;
max_D=[215 179 122 193 151 188 182 225 142 157 230 200 202 199 196 184 160 203 190 130 155 168 169 187 226 171 161 202 126 206 214 173 184 162 191 120 235 223 120 152 162];
        

nServices=43;
S_starting_time=[226 262 333 520 503 586 143 246 217 516 549 540 705 424 641 384 358 325 102 556 521 389 707 449 139 463 338 393 716 515 257 608 244 659 490 386 290 555 180 69 488 105 240];
duration_s_min=[107 108 98 82 81 99 67 109 99 87 69 61 83 110 112 79 104 120 105 103 105 64 116 67 83 71 84 82 96 72 83 105 105 102 107 91 88 98 94 109 76 60 69];
duration_s_km=[47 60 43 34 53 33 58 51 58 33 31 56 54 36 49 32 38 57 41 59 35 42 35 30 35 30 56 48 31 51 46 44 32 50 36 46 60 39 33 57 39 60 55];
num_passangers=[44 26 92 57 29 73 41 65 26 56 54 64 94 53 23 81 98 36 61 67 42 59 67 63 85 64 79 49 72 22 39 35 66 68 84 84 68 44 97 20 20 61 64];
BM=250;
CBM=0.500000;
CEM=0.800000;    