nBuses=63;
max_busses=62;
cap_B=[99 87 24 89 47 20 85 20 115 133 24 103 41 27 88 119 121 40 47 94 97 74 53 58 31 71 37 54 74 36 29 38 55 127 86 52 24 68 67 38 99 135 23 104 31 131 61 51 81 71 91 139 82 42 140 122 138 137 134 27 77 48 20];
euros_min_B=[9.971573699576176 7.157228130703549 3.2647622578697426 3.5965004436302817 4.258576246084525 6.291312684340894 9.052724819732408 6.00949357091385 3.394306635764388 6.397042441358091 11.914535020117354 1.2371413680297447 4.20387378932388 2.339703629665693 3.9646996075672924 6.584089632109849 14.851536595466932 6.5679351712765195 11.368777917001896 6.204365844009487 4.348110694755652 3.21141081623637 5.943250496689142 6.57714979546841 13.612807272973445 4.23165374449144 10.832136413904802 6.592416257359682 4.073240007696091 6.630550192342843 14.662824010731368 13.26857864770784 13.323030203152339 14.526795464302879 11.85904380455564 11.046054205907199 14.883943478663882 4.551099385222272 6.9577877768938805 6.599913564500445 11.309769528036057 8.832556145051758 9.945853246789856 10.135868640242311 3.6111428473672404 14.113591826077748 7.977847317959814 6.037063131994695 13.021838360240809 13.072910230746347 14.355679840435165 9.568319984545692 3.576484946848769 7.433944207747686 12.020608026566219 4.187181721310912 1.2834046661025091 9.681805277840533 2.6939187511759775 9.421011105235973 14.204319365774019 8.793622080126077 7.540133063454482];
euros_km_B=[1.9834631116298003 22.95600834314041 21.229616639256875 26.687531826994807 16.080315635448464 21.816941283518368 9.970007395348885 13.144028778101637 2.6692103521303205 6.526409886059885 15.25333260255751 20.091771409879847 29.076427741575746 20.447761035275672 18.044256140929683 16.91930585163071 6.694657319794961 19.85437302022957 21.752895453673883 7.420037568406233 2.857447894570361 20.19766080742758 18.254694445689175 2.037025065519491 6.40978110580877 23.334248523663646 28.5715222868927 4.174446959946225 20.62839424015472 24.02562187027164 6.22155223864415 24.78923279477734 17.792338858446 20.49374897469608 15.347470676918679 28.6019998791221 6.17059678077025 1.8443624537387304 12.641816984234222 14.274022232026745 25.25908323923862 7.794009379645128 9.284863412160126 1.5288614047897797 29.26517270134611 22.30687697852807 6.624866042100766 27.46871382648527 13.192944457987874 14.823677466731855 12.949601222216286 12.461794638214297 5.249824243114868 9.13860526272018 11.108120502235815 7.571099561912439 10.343448948340992 14.695442659241014 3.1212250256389815 25.904853735584076 5.518244868557134 11.944803976687599 20.84380201981942];


nDrivers=62;
max_D=[129 148 170 216 123 130 224 216 197 152 153 195 200 210 131 149 193 184 192 132 142 169 160 167 141 212 239 151 144 176 131 233 177 193 223 189 238 217 213 170 223 155 232 174 181 193 199 145 220 184 194 207 205 201 135 207 213 137 133 187 177 191];
        

nServices=65;
S_starting_time=[672 28 150 399 303 364 629 428 335 162 387 181 81 497 102 493 203 161 445 702 20 329 171 176 229 86 562 575 437 159 512 580 326 431 418 567 460 52 141 663 293 17 285 334 516 448 160 120 343 180 91 86 385 539 131 396 64 410 329 313 231 429 221 343 449];
duration_s_min=[117 60 75 81 68 89 83 86 77 117 99 90 112 69 87 110 64 106 83 79 82 73 70 99 62 106 69 111 120 77 105 90 83 98 111 68 98 81 120 95 61 69 108 60 73 106 82 67 92 109 82 61 79 81 73 64 75 92 93 66 84 111 117 74 113];
duration_s_km=[41 47 60 34 45 58 46 38 50 52 33 36 49 48 37 36 59 33 46 60 32 54 31 52 45 50 40 45 55 44 38 52 60 50 43 37 37 37 40 41 53 59 30 54 54 49 44 41 33 55 44 52 44 54 31 41 37 59 48 31 52 47 36 44 30];
num_passangers=[23 63 87 49 42 57 48 90 84 94 67 97 44 55 31 75 27 57 89 68 68 67 46 74 63 43 83 91 95 88 48 37 83 88 46 53 68 94 84 49 56 91 83 48 27 52 80 49 29 93 95 62 70 70 53 64 51 43 28 61 92 81 50 50 26];
BM=250;
CBM=0.500000;
CEM=0.800000;    