nBuses=24;
max_busses=17;
cap_B=[128 97 61 25 20 83 100 54 128 81 91 89 112 107 31 61 73 64 109 31 33 21 100 63];
euros_min_B=[2.1438238596730215 10.93871661318763 14.856166076990831 6.097823719905884 4.950924423065244 1.9495462352975177 8.7171348985797 2.6807656380002043 14.757562001632989 8.749023589734215 1.4784983887155785 6.1668898265650824 2.7908618820055144 5.19930507861044 2.9202521696088706 8.399063641999057 4.380074939819826 6.7269306052358 8.636999900086558 5.6331016235472955 1.9628109737494515 13.797734497550708 5.338457888109981 3.3064131836012955];
euros_km_B=[20.449555950619843 17.741683354176185 23.43737989390223 27.167938905865007 25.884064136033547 23.500611783625356 7.2213549246372715 4.5732835172881465 27.70476936318599 10.614855108352376 3.930989389778193 23.14168843982074 23.39238003709006 4.189542074207578 21.811542712206883 8.92343814685041 16.876958388552598 21.321849859695604 2.348007074704329 27.023212637948376 10.043686599716665 28.743700410185408 20.17438919811795 21.403015878305098];


nDrivers=27;
max_D=[229 225 175 181 157 144 193 165 171 153 135 165 135 140 129 138 157 230 170 156 227 227 150 206 191 170 124];
        

nServices=28;
S_starting_time=[456 171 33 299 424 377 450 311 79 543 527 505 116 69 593 495 158 695 532 671 468 639 8 632 242 3 267 177];
duration_s_min=[117 117 60 73 87 91 107 92 111 73 97 116 64 71 98 74 94 97 77 110 88 108 79 68 100 73 120 70];
duration_s_km=[45 49 43 56 40 37 57 46 37 49 48 56 32 57 33 55 46 33 47 55 56 41 35 39 46 52 54 57];
num_passangers=[97 76 21 70 66 54 50 49 96 89 93 78 81 20 29 100 47 90 24 88 93 75 80 25 43 84 59 42];
BM=250;
CBM=0.500000;
CEM=0.800000;    