nBuses=34;
max_busses=32;
cap_B=[32 81 23 122 118 74 50 41 123 64 43 84 113 46 75 95 76 74 31 103 95 48 36 57 118 100 115 126 40 107 93 139 99 133];
euros_min_B=[8.646307072756189 14.745785783876698 6.1921495693117645 10.538294771711094 5.581989000881161 11.363747239043034 5.814888955476629 11.08587018000452 10.752685369925368 4.13896230802659 3.1667445323736647 6.105891358142095 7.803015600025182 3.6057399691572094 4.634357350217725 5.126554312082623 6.6720606667760505 3.820721445905812 2.5772073417991344 9.509731790524192 10.388812214199724 1.4944190112484408 12.859509881962428 12.077396062656119 8.726133104342306 3.0161161440888535 5.372045411745261 2.971804564574452 11.055273795951486 7.910679101792325 7.8646869436378575 11.088333383726328 3.4531204732670098 14.835236109114032];
euros_km_B=[24.76776554182585 3.240026086676849 27.522051307545773 29.21483506548722 10.057667201205303 26.690585434537034 5.943272742047283 20.607110416618884 12.495000029007615 16.501639865855097 10.17371418136791 4.926761089245811 4.667052557329617 15.835422912196508 7.380157969108009 26.548782971751855 27.100605058100744 9.221508105765773 13.763483296196911 28.99631711153915 4.025795517761693 13.02446006908093 17.31012408845635 4.56173693606491 19.980842040700217 12.689352668323655 26.49192032717884 11.139656690421766 13.609943631256614 24.348913535297417 13.469827207967585 9.779669532549063 6.302496938279655 2.9680032056252363];


nDrivers=38;
max_D=[152 123 190 231 237 206 171 191 203 177 221 174 160 231 222 122 141 227 238 120 159 137 143 136 235 238 187 217 183 152 147 220 130 214 136 225 173 173];
        

nServices=41;
S_starting_time=[663 170 517 692 545 244 503 587 683 554 294 714 395 619 301 608 382 638 677 280 689 616 640 371 385 198 18 533 98 704 48 507 513 617 17 4 672 54 664 23 506];
duration_s_min=[115 80 62 81 103 106 113 83 81 108 120 113 74 98 79 107 109 99 111 98 118 104 103 116 103 113 82 90 105 106 97 107 88 99 91 96 73 118 103 96 101];
duration_s_km=[59 46 52 35 60 47 47 50 50 47 50 34 45 57 50 45 36 59 41 51 59 40 43 49 51 44 31 49 32 56 47 59 60 32 45 32 54 30 54 31 35];
num_passangers=[95 40 95 77 92 30 36 59 28 71 52 72 49 71 47 89 22 71 77 98 21 63 68 96 80 37 34 76 94 58 28 22 48 23 85 85 87 48 69 93 70];
BM=250;
CBM=0.500000;
CEM=0.800000;    