nBuses=20;
max_busses=14;
cap_B=[95 135 43 105 80 47 35 27 20 94 85 55 72 136 84 28 85 44 131 112];
euros_min_B=[10.586570614206083 13.053839961551438 6.6915852340666175 7.323686268652642 2.6540334293517276 7.0642794758166145 13.252132211860806 5.824758079876889 6.22844069830543 8.607912632141904 6.432340708792908 6.047377873918673 8.242857203232276 6.120484813300736 7.623251709518914 11.188983056859122 7.563191807314816 4.551796316446554 7.403616406497779 8.610203073543];
euros_km_B=[27.237600528173797 2.539700181850316 8.286957319642754 26.17238379499606 15.983061352590132 16.584344839430486 26.79589331231283 14.47452076442963 5.797580246362169 2.7900645008070275 29.495337397777387 27.391386558442683 2.5099268622049062 29.30405095881219 5.030200740456563 27.83306553196302 7.302103483748268 22.020468261726943 27.68675228349951 21.020949251595873];


nDrivers=19;
max_D=[167 204 183 214 179 236 129 128 168 203 185 235 225 197 223 195 185 124 233];
        

nServices=23;
S_starting_time=[11 91 69 20 351 515 285 579 551 674 47 367 578 394 222 194 122 48 461 301 68 601 510];
duration_s_min=[72 81 104 76 63 75 101 99 120 97 81 78 71 63 72 89 60 102 111 120 93 110 104];
duration_s_km=[37 52 37 48 41 42 57 35 47 53 53 56 51 47 55 45 53 31 60 49 45 60 48];
num_passangers=[80 85 65 79 65 56 79 86 35 50 73 72 67 84 34 78 49 69 64 49 64 100 27];
BM=250;
CBM=0.500000;
CEM=0.800000;    