nBuses=53;
max_busses=55;
cap_B=[92 93 43 51 33 70 76 31 118 119 48 113 66 106 78 71 69 77 99 66 43 38 58 68 29 107 95 100 132 50 120 70 121 128 98 122 67 41 51 133 42 32 37 86 113 111 114 72 120 35 53 71 111];
euros_min_B=[11.268478898333278 10.548690300618667 11.457693779169963 10.360513093836808 1.1363319866205195 9.87394887415082 2.4164604767581297 14.661002960958541 8.711592390386397 4.936832677371252 3.8947263541172754 3.3283173776527226 9.759698243618285 1.7284129608339982 1.8920060024354317 4.786793112098931 8.390410922988435 3.6865576102285122 3.014827400304498 10.843845080317934 9.323169235015753 3.7509368310129707 14.143348035799505 11.368698340169619 3.7649334176567146 12.63575881814378 13.3145346363139 14.880593811907255 3.36598535255565 5.061020365451472 7.885681951410959 12.241416918688543 8.857404083724566 4.015608139010186 13.570385628723908 7.571617673195593 13.962434408371628 11.099645314586681 6.56183198403091 1.8169597676506044 6.547236585077448 10.07630985946351 9.932594826176118 9.287225920902355 4.959934209716127 12.243780928949493 1.5859417821544397 10.221650648281061 3.513580184452113 10.01608093090939 14.913320975896214 10.197732416952729 11.507914147687517];
euros_km_B=[2.536222674614786 12.784286043444858 2.8682987981605246 22.86016097212426 9.199215041820088 11.273028160895798 12.860384866720775 24.64509715041118 4.907663231521263 29.574007899775673 29.975785178284994 14.898479111995531 10.892467989881238 10.333897270458898 29.2972326409278 28.456853856867486 14.056614574940577 20.595706366514698 4.8531232108971265 12.72201102684418 19.35521708936735 20.641530409180984 17.732013439677786 26.43103711389093 1.04064543764163 13.235045460025901 9.722385347532365 12.899930032696698 8.974416146636047 27.97497253563552 27.103578054988095 26.880639046012426 1.1076356865849513 26.38593996544733 8.380556751976561 11.638361015791677 1.287934629359036 10.24821198484502 2.0603892159915835 8.628264492763606 24.688034395239985 22.44238466740858 11.283818658724826 26.45769882187537 9.371893928002702 10.186730126144724 3.765176571717339 22.519656849366022 24.97497296865617 22.296221647406895 9.450563708735766 12.730777928877176 21.34814480995868];


nDrivers=54;
max_D=[200 237 129 164 160 206 140 164 195 169 239 173 174 210 167 166 202 177 159 187 147 222 152 122 141 233 228 233 129 239 170 138 167 133 132 202 185 163 138 196 148 183 205 151 165 235 129 163 131 178 192 131 152 152];
        

nServices=60;
S_starting_time=[513 91 360 403 703 600 643 651 320 303 110 607 312 602 110 16 636 349 349 180 342 538 460 496 565 692 418 514 669 425 655 421 360 478 640 716 368 678 263 178 423 404 178 495 416 410 68 98 215 269 2 363 613 635 134 519 664 461 718 458];
duration_s_min=[94 107 76 63 74 119 67 82 88 104 72 111 113 85 77 78 69 104 119 99 85 71 84 117 84 85 76 68 98 106 97 66 105 67 79 96 96 98 99 117 72 61 113 71 114 106 60 93 75 69 95 68 68 98 95 95 79 117 112 67];
duration_s_km=[34 49 47 53 41 41 30 50 55 32 36 51 42 44 37 46 59 35 57 59 36 41 37 59 58 44 45 43 43 45 59 37 47 40 39 57 53 44 47 60 33 48 30 34 49 46 37 53 50 52 49 38 31 59 45 55 37 42 59 32];
num_passangers=[98 40 72 32 53 94 81 49 61 32 67 93 48 64 74 73 43 100 100 27 28 53 82 37 80 22 50 95 23 89 93 96 62 96 89 77 53 94 50 90 26 83 89 45 22 88 48 64 34 98 84 75 90 82 60 67 83 48 98 81];
BM=250;
CBM=0.500000;
CEM=0.800000;    