nBuses=38;
max_busses=37;
cap_B=[65 78 115 106 105 33 56 134 52 128 44 34 121 36 42 69 54 90 127 45 81 70 131 59 35 64 35 128 140 129 87 25 70 121 130 62 123 109];
euros_min_B=[14.265384823633987 7.788802391844027 11.632547747648394 11.535650037140751 8.507981155578552 1.7726765467196486 5.621686251792632 14.190167689208856 7.501469544737945 9.717802955041007 10.991702404762597 10.783817172273213 8.768703491041462 6.364603265511627 7.6262068629586715 12.415642229596575 11.32314937242494 4.8938779927187905 13.562176571976433 6.0757198376521035 4.5188869465286485 5.915537872273892 5.883150497848447 13.220566831593112 2.5022523305261304 4.521960468047081 12.63973959435477 10.213309617120407 1.9695488711041516 4.767391839480599 10.036143314318705 1.3942381851572092 10.827590859893345 13.213626432538698 9.352863133557747 10.007685626210085 4.083878156116354 12.477526197711208];
euros_km_B=[18.28488257514219 26.953249663137715 10.253263384088342 19.89847759684656 24.872831695344743 6.377141780041697 28.356752110796254 1.8681687149466573 27.24151981294108 17.70600193861208 15.943937545527906 23.221441554874716 4.082271114896981 24.340248037833792 3.220219838180668 21.607138152234633 21.265160124076978 6.17704519972818 14.07213400752263 20.757153409369234 20.123351121551703 7.259205218908976 18.23066493950093 9.601730271627066 6.416137341682633 12.589092068319468 7.645986070168544 23.08827541025999 25.365252841473815 13.098521080531679 5.9964503313383615 11.353132407177313 18.03702586523708 6.497316575067158 10.805648135214017 22.938767956859806 21.607826427139447 6.7065050337240155];


nDrivers=37;
max_D=[229 127 136 225 157 157 218 156 171 223 222 122 232 168 143 127 144 234 217 238 127 217 174 226 163 166 227 157 223 182 226 123 151 197 200 238 121];
        

nServices=40;
S_starting_time=[536 291 194 7 92 168 80 168 152 166 251 331 32 104 4 458 395 255 529 536 642 700 200 225 156 113 110 115 400 3 553 305 591 478 71 387 317 367 576 196];
duration_s_min=[118 103 66 115 79 77 96 70 72 98 89 82 79 92 114 114 99 85 66 82 91 71 112 93 86 103 82 120 104 63 93 72 71 67 62 86 60 94 96 105];
duration_s_km=[38 31 37 32 55 58 35 47 50 44 55 60 43 52 37 54 42 46 60 45 36 46 33 47 38 52 58 48 53 49 37 51 51 32 34 40 40 55 51 51];
num_passangers=[76 28 63 38 87 91 51 44 72 26 48 56 33 22 86 43 87 29 31 58 87 82 71 32 75 51 75 36 50 29 39 44 61 77 89 27 64 41 99 94];
BM=250;
CBM=0.500000;
CEM=0.800000;    