nBuses=40;
max_busses=37;
cap_B=[81 93 80 41 130 51 106 98 112 87 47 97 28 114 120 32 44 117 61 31 120 40 42 65 98 136 133 29 31 25 69 87 51 97 62 117 45 99 68 30];
euros_min_B=[10.528526753940223 8.51425878927664 2.0807699820488526 7.25485675730636 7.737017335305241 7.777700211662123 1.0314118139405124 2.02776215666756 9.857261608829923 4.181300356338268 11.261564246545845 6.304774971765169 3.2209605151907867 6.6961778534419025 7.753460969197956 4.1058990634639025 12.016212330032642 3.0253677555012795 6.530676781592913 11.625148923381515 4.745967554500066 10.325571742084238 2.361056821105004 5.355498420607136 12.774748585962866 13.976625713973844 14.875401823640624 4.537606455935283 1.364510385521265 13.997630955223864 8.900229615441646 14.771733454686345 2.3515751331050945 7.988440834009518 14.880568448558694 7.428901501242191 10.154875150804786 7.998190462565418 1.420708169037173 1.4564718569941293];
euros_km_B=[29.87557662531269 8.434175145917447 4.282714687662332 1.1609455177270704 24.963055554672966 17.198269719522827 13.111707144813407 2.6683177909416407 20.519283174765103 2.38443754515406 18.487328638675677 17.406529501916914 6.982261898500445 17.189099918610708 4.385985012808586 13.900544302030644 26.718046935459796 13.323783184353793 7.269931044409249 1.5377654626347674 5.768211229674333 12.408914567771882 24.466795298919862 20.07954302299883 27.83304731138095 12.820284028031484 10.929872102869998 1.6711377233919453 12.923080502536981 4.166298327588804 25.560413020324393 17.545431543467583 17.71067093162701 28.159875855251464 4.921945073253907 7.818139112121071 1.8911389462685178 10.190040478101427 13.046112705560057 18.819245316282334];


nDrivers=45;
max_D=[137 221 147 169 190 153 232 149 131 143 187 206 153 146 128 174 166 140 165 199 159 205 155 232 227 190 181 222 124 165 160 185 174 173 240 136 124 208 131 148 147 147 209 230 130];
        

nServices=46;
S_starting_time=[364 648 464 534 89 393 330 663 638 161 370 413 162 524 446 426 205 156 176 586 532 693 280 550 195 260 128 665 483 199 680 643 170 109 460 416 441 504 255 31 677 437 585 269 337 469];
duration_s_min=[64 81 110 120 114 117 66 78 65 93 69 113 120 98 91 104 110 60 86 90 81 120 116 112 86 120 111 84 61 93 99 70 100 78 99 82 98 65 61 87 73 102 87 80 112 60];
duration_s_km=[31 31 59 44 38 49 51 39 38 50 46 45 47 42 39 58 37 47 59 40 34 52 30 58 44 58 44 46 31 54 58 49 48 31 38 49 54 40 48 37 41 33 30 53 42 37];
num_passangers=[28 40 56 91 65 91 96 97 43 22 35 91 58 27 95 72 68 38 63 77 91 49 92 52 39 64 37 82 20 88 93 92 34 46 54 29 45 53 22 55 20 85 48 27 72 91];
BM=250;
CBM=0.500000;
CEM=0.800000;    