nBuses=38;
max_busses=33;
cap_B=[137 62 28 79 93 138 137 96 139 82 62 61 75 87 72 92 27 53 44 62 72 103 99 120 125 103 102 62 26 22 73 132 115 103 20 114 75 130];
euros_min_B=[3.962191715273428 14.068762560840094 10.93690826824929 1.986486618067229 5.895488840099116 1.6783511031241352 7.6637454932557425 10.792283810336233 2.2782659844318376 4.855131426307663 7.328058848016324 3.3533187692253694 13.455827142913162 14.360550691653211 10.767696213777118 2.3579700078213692 12.617550999826491 6.6742938928617495 9.646167049761962 8.190779201006706 4.868246830186069 12.027280599931554 8.33620058971919 14.287820812595736 4.50204830503829 12.180897993540245 10.72241868353037 8.516450085274826 7.964556222488297 10.010052045112555 7.947717301765465 1.8859378548513974 2.0792077454727815 13.411922619224715 5.892653922953223 10.403217741493616 1.2002979140712837 8.663517381766267];
euros_km_B=[21.506525022964777 19.156613979863334 23.658594405118205 4.436050163885603 20.548294210303183 13.631726681010983 29.01558353699997 19.042146192788916 19.580346659434632 3.8197983812985377 21.432207951573453 7.61723769669902 15.084064262621048 28.288268012188258 13.537141131303589 10.057801324012623 13.120854961365255 22.556096311049416 7.438923991468062 2.053677435373819 26.849347418580667 11.161058663256949 1.277470157570423 17.15111262815137 3.258410630411519 15.766338207709317 19.703114440881418 6.796754790479659 29.190290077669346 26.627057962808074 17.26655414150163 5.055066091881314 1.7652882586737486 9.861900259971208 3.51197383058151 8.877803848889359 18.604787416280892 25.270797060003098];


nDrivers=35;
max_D=[198 223 128 165 191 208 133 139 182 153 216 234 192 212 142 144 136 228 210 160 204 233 225 236 232 220 126 151 143 234 208 221 124 128 237];
        

nServices=40;
S_starting_time=[458 719 526 126 598 288 490 58 56 209 423 5 668 462 500 94 182 15 562 127 354 408 47 506 599 372 639 37 689 239 134 256 474 447 420 115 88 74 194 479];
duration_s_min=[99 108 79 112 105 77 119 110 90 65 112 100 82 109 91 83 64 108 113 62 72 64 120 110 99 108 111 74 75 107 109 84 64 93 74 74 75 118 92 78];
duration_s_km=[38 57 58 34 44 49 44 37 52 39 41 41 39 39 39 57 42 53 49 32 35 59 39 53 42 55 30 48 50 44 53 49 30 43 54 34 45 60 43 41];
num_passangers=[66 39 27 84 33 96 88 28 100 81 70 20 80 46 90 73 38 82 60 29 52 28 63 90 36 37 52 36 51 51 71 40 89 37 86 55 43 60 43 64];
BM=250;
CBM=0.500000;
CEM=0.800000;    