nBuses=56;
max_busses=51;
cap_B=[24 88 121 98 95 31 94 61 69 87 88 64 104 109 52 83 90 122 97 54 81 25 97 102 80 101 118 100 50 135 126 40 43 55 56 125 131 75 83 113 35 75 27 80 134 84 79 112 110 22 56 100 54 51 120 116];
euros_min_B=[6.357611854669202 14.2827235952401 6.3532899487449885 1.1069007888895972 1.6658368976336684 2.3942987986132245 11.926517853169068 5.422200860152469 5.763315113940542 12.060579132847787 3.1292475259509667 10.57964835662227 2.867404699165265 7.721197072705825 3.207030453417203 5.771224861954677 5.816606675091745 13.104590451029113 1.2403226923433757 11.919111410625545 12.542584266748923 6.637955835674389 5.473048153883776 5.4483408212522075 13.805180881225397 1.1476651768339248 4.7700575111540235 12.879874584430592 6.250383878645151 4.975578572920421 10.113917590162513 9.453598747927153 5.415389688309584 8.565100812042727 3.4520561530462808 8.83958247687566 10.645800446496212 7.156407770516219 13.241152787242697 1.8349496988693392 3.926257361705055 14.065830330065047 6.943206956177504 11.284260179972497 6.42103603664443 8.856462625507415 4.955271141203453 9.395118164502762 6.309565329499264 7.022473937344006 11.637518746578477 2.130803742622923 8.59109855631857 9.373198400042988 14.55980640832102 4.595692875004192];
euros_km_B=[29.22862483921364 20.704601934173464 3.592415084948838 11.418019000889787 21.48621360538053 10.905062098389656 19.877513576278474 28.195956985468346 14.828203376734622 13.0093917012845 29.286214077627097 1.9776813224218603 18.990564365584824 8.75123602223682 9.83845607488407 3.4190606242472783 13.043266865000206 7.686748103586408 8.03044963564363 29.907579907513746 14.832372657440153 8.57864545964004 23.39035612020004 10.233823112813973 11.702586633314246 10.184301181465845 8.986302362996334 23.299848079924892 7.611361170852594 22.519838002762086 5.707927575308734 29.632712893599557 8.07110627672526 5.997389033994739 19.89652182516975 17.741873580236046 5.933853198797269 17.994531399398742 26.740073769660025 29.069127608675895 20.56693759936329 23.31972100202899 3.0517594934994565 21.556494855859555 21.171288796064676 21.955040287647744 20.327380394131186 24.993164151236986 4.147259401948064 2.5857412893627005 26.557089091866878 3.374252932194103 17.55630619090774 22.331846182801787 10.523039639591797 21.656204899160613];


nDrivers=52;
max_D=[223 125 238 184 189 182 203 124 163 190 182 223 148 133 137 121 171 181 226 122 206 210 168 150 152 198 123 240 177 160 202 127 145 185 197 162 213 215 181 168 202 121 218 205 142 223 132 209 124 211 178 168];
        

nServices=59;
S_starting_time=[595 694 582 664 7 486 280 197 465 718 36 100 64 701 275 300 147 221 74 130 6 611 240 463 538 154 115 306 709 645 82 545 650 524 523 42 393 167 708 513 528 662 699 553 668 433 413 250 533 424 185 201 225 717 209 275 573 227 28];
duration_s_min=[102 117 69 119 118 67 68 116 97 113 110 98 106 67 95 64 106 68 112 114 80 65 79 104 94 91 88 98 117 77 68 95 80 116 77 104 103 87 89 101 74 67 105 111 87 72 100 76 70 110 72 105 115 71 67 64 83 89 73];
duration_s_km=[52 53 46 34 54 50 56 36 33 46 59 33 46 52 35 60 57 58 32 46 56 57 46 59 53 46 52 36 57 46 36 60 31 32 40 36 43 31 34 45 50 52 59 59 57 44 49 37 30 51 33 45 50 54 35 43 32 31 42];
num_passangers=[29 38 68 99 60 95 52 77 25 79 59 93 61 82 22 31 34 81 24 46 51 60 27 31 100 91 85 72 67 59 31 61 38 65 84 72 86 69 34 67 45 30 71 94 41 83 61 22 94 38 98 34 89 58 59 56 91 88 31];
BM=250;
CBM=0.500000;
CEM=0.800000;    