nBuses=54;
max_busses=53;
cap_B=[51 69 124 24 35 85 132 61 34 84 102 82 66 56 51 94 105 104 28 64 91 31 34 77 107 110 50 73 121 39 22 28 103 88 138 87 33 139 44 106 72 47 97 31 93 133 29 114 38 64 88 99 50 131];
euros_min_B=[13.57005720443542 4.797172720887372 10.377414382661462 7.438817374027791 8.550914014378161 8.50276450089778 10.658303624269537 8.57938531619152 12.049101787230214 8.245724966557752 12.238531914576003 13.572232681200392 11.2784044009221 9.651108541014583 9.635343768382373 7.641697559027023 11.117335489720068 10.206022532108912 14.88227966765065 13.740154917547848 1.619330983245281 5.456561929608451 3.4044669350411665 6.679718272632741 2.99610566615156 12.572955989427598 2.6218060476643013 3.7205342479740464 10.59611229458458 11.722999077106765 8.757269684338578 3.6416577047137246 7.024410128619177 11.857017301290902 13.009833126124777 4.543827248139389 7.653800948752293 13.983455308101679 11.105896758154488 6.822841155754499 4.985942812289024 3.9790091299763026 6.405739245211805 2.3909467471873436 11.2896685641335 13.054044207174451 2.5478331055156413 8.443436589405705 1.5499475126012414 10.54146796596734 1.5147171560446095 6.64984307326252 2.8781176804720676 4.973202879922066];
euros_km_B=[7.800833318173449 2.798101112836912 16.83697160115505 10.85722523823684 24.78443517973234 14.756853926679437 24.58441927552237 27.049312271171317 26.170069672781974 14.536867883132315 18.743805083954776 2.3367480060735426 5.024253153906525 17.785548202546547 4.444679883727515 24.746476300984128 27.909709010548397 14.034185053773548 6.991744629914924 27.903009770906927 10.92338296533929 9.700773286267406 6.260049403844848 29.331310561064505 12.917124661584664 28.029955505478817 17.91230431050463 6.6766754558215915 27.774823411731056 26.815649510619988 27.95750331664366 2.6313581895436102 1.8617239861400217 14.36116523913181 5.3531016401184335 28.150478654361958 7.1360495503700125 23.027138766414453 9.612065135546825 10.775488052720382 25.072524658525886 17.493359308398478 26.910063298303253 7.762930650044742 27.365375751346473 4.546655403272647 20.795157859929038 22.80927572045459 19.5074837045592 16.002861938058636 7.230727933550884 3.453586881266922 2.4074667051655796 6.090657364858642];


nDrivers=55;
max_D=[199 141 181 141 190 240 238 198 194 120 169 229 228 166 178 199 163 233 160 149 206 160 198 149 238 227 136 133 156 191 154 134 127 129 163 179 147 152 160 239 163 131 203 195 174 205 151 170 216 198 217 227 197 139 185];
        

nServices=58;
S_starting_time=[449 401 49 317 601 174 595 407 58 175 371 548 547 259 27 377 173 371 469 366 168 134 92 577 258 28 152 535 369 144 198 193 558 719 191 204 304 42 123 535 126 374 639 324 106 215 221 110 478 562 694 475 55 716 397 463 445 31];
duration_s_min=[85 120 80 71 81 118 65 87 111 100 98 89 71 113 78 70 106 64 81 86 78 109 106 93 76 67 96 83 119 85 66 82 86 118 69 80 64 107 71 96 103 90 108 102 95 97 69 88 85 111 76 112 82 84 85 115 76 93];
duration_s_km=[32 51 58 59 53 33 55 54 36 53 33 38 54 39 50 49 42 57 33 42 44 37 40 41 52 31 40 49 52 46 57 45 53 49 58 46 30 60 40 30 35 51 55 38 44 49 37 60 60 31 50 37 35 30 51 42 44 43];
num_passangers=[97 45 89 94 36 62 84 82 81 94 74 81 65 90 66 32 31 31 60 97 96 54 34 40 79 86 95 89 85 88 84 20 58 68 88 32 23 93 27 81 89 27 29 68 79 55 66 84 42 51 32 37 78 85 22 91 44 52];
BM=250;
CBM=0.500000;
CEM=0.800000;    