nBuses=23;
max_busses=21;
cap_B=[134 31 133 73 54 132 116 60 68 73 99 31 108 80 22 41 84 100 58 62 80 25 71];
euros_min_B=[11.03513728965526 4.975770682160803 4.557592322026311 13.904985228799475 13.284525554911596 8.533806827232697 4.951456480939545 9.45344871677408 4.701124757249055 8.263279091609022 14.874537972989035 5.214880564307223 11.538323909997226 5.0756968855529685 1.0313006535091342 2.6615773211907254 6.726611332461963 2.082066036347495 4.630310855270514 13.135277127847102 9.574549639268305 14.812412499129913 8.967751936670247];
euros_km_B=[10.177242120732295 16.15003455617098 15.537588591027257 14.403168025506803 1.8438746915842754 19.664705401321395 18.185719277866607 11.062571202008419 19.9584763758143 18.38608268774613 15.225597217380257 4.61665152562845 15.840909031565888 19.508237748822296 12.100207701507774 13.930335095419899 6.832371648523892 19.019338989430793 23.56407077019635 1.3060973365743793 7.331797446059178 5.717716419236789 20.523788891796457];


nDrivers=26;
max_D=[234 227 147 130 148 143 194 210 159 187 134 140 214 240 224 234 233 234 183 156 219 128 175 147 170 210];
        

nServices=29;
S_starting_time=[378 59 319 84 540 443 331 266 640 381 491 678 300 70 654 464 427 56 622 459 225 360 72 179 206 488 177 277 19];
duration_s_min=[108 110 114 94 64 104 113 100 60 116 81 65 113 79 105 111 73 69 105 112 81 68 69 89 107 104 117 86 82];
duration_s_km=[60 54 51 42 46 42 36 57 40 57 49 43 31 41 57 40 60 47 47 59 48 42 43 56 39 35 51 34 50];
num_passangers=[37 94 90 51 46 79 66 47 27 64 37 64 56 75 36 55 79 85 39 71 71 83 77 84 23 97 67 22 24];
BM=250;
CBM=0.500000;
CEM=0.800000;    