nBuses=30;
max_busses=22;
cap_B=[140 76 46 108 97 72 100 83 60 84 90 90 23 103 114 78 72 40 59 30 32 115 74 121 50 36 42 49 109 88];
euros_min_B=[14.695276769434757 11.895947690027157 14.616315384616025 13.507795828165964 6.556125929003899 5.48073718735561 8.254801505868226 12.194321763508725 3.488365530952808 9.888472688529657 1.1134448846177198 13.301817461535265 3.1768641074573587 3.92984246401772 9.08428300466061 14.637839783522796 4.428770578330087 14.364409673177962 13.344100495504648 13.306841710880754 11.214225731481257 2.749465937921226 1.4708049156125256 9.024350763716381 1.620827742430708 2.1736097928897755 9.994130491048107 12.930962773463682 4.107268301334074 8.265785457059298];
euros_km_B=[7.559095087852013 28.54338234732874 5.043566904920114 4.461016618342709 20.920345007691527 3.1759191018737503 11.432764744010957 27.760147459878134 12.07242439345403 10.39130022691019 6.800104916635138 16.51890970928412 7.69600508341307 29.359331851024915 23.186251348068176 7.790593677860965 5.075651974260943 11.062751263122301 9.185678541295209 12.3793089275944 10.57942219231941 19.831392780400364 4.040402712543105 23.51973954259086 24.06182157610916 22.41775086066875 16.021151116548815 28.354083242258714 6.1187788550284585 12.375623713296838];


nDrivers=35;
max_D=[228 192 148 152 121 136 121 240 153 231 179 238 123 226 169 185 230 143 182 215 161 201 220 135 177 187 206 122 161 182 161 170 225 127 225];
        

nServices=36;
S_starting_time=[322 706 33 139 448 152 498 526 100 628 204 676 103 240 620 441 300 589 572 392 550 46 672 265 109 468 239 566 41 592 697 428 505 431 353 143];
duration_s_min=[108 106 118 106 115 64 99 95 117 68 90 86 105 70 91 61 113 76 110 118 85 102 106 65 107 63 119 78 106 113 84 81 103 82 81 110];
duration_s_km=[45 39 48 59 54 40 52 57 32 39 42 60 45 54 44 55 39 52 37 54 56 34 57 35 46 48 52 36 46 52 37 37 48 36 51 47];
num_passangers=[91 95 75 69 66 28 79 74 51 44 86 52 56 69 27 48 92 73 65 55 57 78 40 57 26 36 45 37 53 50 95 89 90 82 51 32];
BM=250;
CBM=0.500000;
CEM=0.800000;    