nBuses=25;
max_busses=25;
cap_B=[137 101 111 48 64 21 87 54 87 127 47 66 69 82 129 138 60 115 22 137 54 99 93 47 100];
euros_min_B=[13.433090826143406 11.914677951732113 8.444389016881393 10.620571280023324 5.647718539096383 11.842856731204309 14.901032817949492 14.758514186711132 14.257990291628673 10.58802752962531 11.404134523317646 8.616635049627739 6.894050447784312 11.504667457727534 14.075082091013085 12.539155340652375 6.597223889572462 3.179858214211479 2.5854969943623614 11.931017642835306 14.476258314433338 4.211350392183626 5.910367470956091 1.8245171191341387 5.771019377105781];
euros_km_B=[15.71085802430708 4.822055580340532 15.383348294371753 13.442825084767266 21.286616667030223 16.588443102747096 7.6499119520799415 8.259097205595225 11.659439590132417 29.051837880315254 20.15267939604821 28.665348415302077 1.9277298357383374 21.551745330585792 19.46939739371911 2.217467090716149 26.39368821293234 1.4665245660987978 23.63793086164221 4.7233454142518365 8.840585865917543 24.456570479918707 25.517691013260077 3.099959396235186 23.845775136430056];


nDrivers=31;
max_D=[166 182 224 226 188 195 149 152 140 210 218 145 171 155 138 227 234 222 208 228 146 225 223 178 231 179 150 159 206 188 233];
        

nServices=32;
S_starting_time=[543 669 97 713 413 531 451 159 456 233 661 210 355 75 387 284 140 537 625 382 145 74 249 382 353 100 293 489 181 684 69 611];
duration_s_min=[114 75 78 112 102 65 73 112 65 75 79 106 64 78 72 87 62 62 65 66 67 108 107 102 70 81 67 97 102 95 88 113];
duration_s_km=[47 55 31 44 43 45 56 49 50 30 48 51 55 59 35 55 51 52 58 31 37 47 53 31 39 34 54 50 51 40 30 57];
num_passangers=[39 63 58 91 21 20 69 73 54 30 64 64 77 41 50 43 42 90 59 75 65 66 43 48 93 22 73 33 63 83 61 78];
BM=250;
CBM=0.500000;
CEM=0.800000;    