nBuses=58;
max_busses=51;
cap_B=[76 124 23 50 70 52 113 24 22 101 63 88 92 124 60 26 34 33 86 134 107 29 35 44 37 26 63 110 61 99 88 96 75 135 47 108 113 106 32 62 135 52 45 130 93 89 127 127 85 120 81 78 46 60 99 117 134 129];
euros_min_B=[13.853725291421723 8.88568392775092 11.462705120368835 8.447767155312045 3.2503251949837475 6.897496939428946 13.211172600757244 11.20165887568385 14.466442230620776 14.178715498034768 7.702167235669041 12.785366469761819 1.0377230985202743 2.6116510504958192 13.572288363075348 8.476069538724635 2.1173755746063962 2.72697196488706 13.919438774604528 4.427662142379511 14.783809037028785 3.059738675370783 2.6425237511685546 6.854692309466547 10.585062362506678 2.350518846492776 14.97196257083232 12.706829424295023 13.206609309140013 9.534092770287428 12.64446914737007 14.996515007621797 5.663263506930031 8.85314229285583 4.307043973044177 8.835387579319868 6.652256608471224 13.031406835175957 3.2150154140941103 8.667906808895651 3.9321150400632776 10.020001859627147 5.783795711450071 13.246751671371742 13.703227480214137 2.542766343272938 2.3697870961392944 1.5961380578870368 8.642279663812129 11.046972653362083 3.208113601152506 10.131178738487346 7.0806683519377955 10.62860515271597 13.290611246762792 7.223973112071082 13.16234600094662 12.68535951296963];
euros_km_B=[12.760768846709738 20.003749260291297 6.012360955606886 8.363187529596864 27.224837404763907 26.48666740488196 27.123938210376544 28.08940379636134 2.817651286364886 20.906525185099238 18.272252274648306 28.20854496429722 17.52243396012058 19.232731098349323 8.575274316940224 26.538752037837924 18.788509596949076 1.9850413666295337 29.81630778373978 24.192025947047842 8.815491282625644 16.72104570029977 23.13540540039357 14.775320453498598 21.30105216872148 16.647177707708387 6.064274275414987 23.060030892835417 6.682507817962524 8.22322001403932 17.5171392071538 6.285148876545307 5.8705207889880375 21.64094914278418 17.92269843073801 3.728328931076409 20.069681590983958 8.197718402445663 8.102039675065505 22.398009282926665 5.2028717321314595 10.159105899998279 2.719323068633364 19.458522252847718 11.69826494068225 6.3647897604832355 21.057134101805886 20.735291937687528 19.15564786517531 13.615506240491937 7.9577247316199795 21.836401206190683 9.349280383478668 28.002430275338277 3.8555096076394606 9.646222497362228 2.364123792297688 9.499491966252606];


nDrivers=56;
max_D=[150 202 200 235 140 168 204 127 134 170 185 204 200 206 192 192 206 151 151 188 133 165 199 149 192 148 221 164 126 215 184 145 158 222 200 190 128 202 202 152 203 212 120 240 206 127 227 121 193 190 183 211 124 196 200 138];
        

nServices=63;
S_starting_time=[282 687 712 291 420 7 24 129 369 110 536 417 387 314 682 391 258 637 369 600 264 119 199 391 50 231 554 707 290 541 637 438 509 680 542 53 591 299 376 523 100 402 462 260 71 637 45 451 119 625 94 560 510 331 84 29 105 35 146 468 132 63 221];
duration_s_min=[94 96 105 101 103 62 83 119 105 75 96 67 96 67 92 69 108 62 72 67 87 99 75 78 71 72 106 72 69 79 114 120 68 113 116 79 98 102 85 84 68 91 80 70 60 92 109 86 61 89 101 78 74 92 87 96 99 87 105 113 96 100 82];
duration_s_km=[41 46 50 45 56 30 36 37 52 43 51 49 35 54 37 30 53 40 56 41 30 39 31 57 32 40 56 46 48 37 50 52 39 57 30 40 43 47 51 59 34 30 60 55 45 45 37 32 57 52 32 32 45 51 44 60 34 52 33 36 46 55 57];
num_passangers=[73 97 59 97 57 61 75 98 86 20 52 40 76 23 39 65 27 45 87 34 20 32 79 64 34 86 85 59 42 96 74 78 88 37 32 37 31 96 75 46 78 69 52 84 64 86 54 52 75 36 43 25 100 27 24 95 75 38 59 72 65 57 41];
BM=250;
CBM=0.500000;
CEM=0.800000;    