nBuses=4;
max_busses=40;
cap_B=[35 40 44 37];
euros_min_B=[2 1 2 2];
euros_km_B=[21 25 12 17];


nDrivers=4;
max_D=[240 240 240 240];
        

nServices=4;
S_starting_time=[509 248 551 570];
duration_s_min=[96 92 78 69];
duration_s_km=[14 17 15 11];
num_passangers=[30 12 31 21];
BM=30;
CBM=0.500000;
CEM=0.800000;    