nBuses=57;
max_busses=52;
cap_B=[137 111 117 45 78 63 108 55 54 129 25 88 99 77 49 104 55 64 23 87 109 137 47 78 84 124 106 75 75 98 69 139 125 86 97 66 103 75 107 48 73 41 47 24 105 125 109 135 123 67 34 20 138 100 96 66 62];
euros_min_B=[10.785774364455904 9.245783225047802 2.71856617979563 10.321482406511784 5.834677830655011 12.315407588457836 11.982409221073238 14.33829571111212 3.2814724050770754 14.540463053120597 4.606128726349369 6.9541317008972126 1.2904483892457306 14.927132537438897 4.186945261152783 13.059315640847773 9.013759778262243 2.5056917137674257 7.581050615624937 5.653302969488903 5.759582151824416 8.802305462154363 14.157360466993522 7.741353020599432 6.370967561156947 13.572574452217102 14.897438081596674 11.53158286086084 14.618095196964479 11.469357588307457 8.108629696078694 6.676265254270536 10.766344155345006 7.384273804500544 14.109716065723674 4.449222715336963 2.0264382231670277 2.6795801717721064 9.278620717609392 14.569009066552068 11.259219558585391 4.793265207498319 10.29022967298236 2.301078642770552 5.809756485030281 11.265268367896827 2.6704489995080856 13.021484857378054 14.662669924256058 14.54795103011145 4.92485959059764 3.2422272476625915 12.650388596153268 4.164832843915468 2.091507025203519 2.711907021578624 9.510329386597894];
euros_km_B=[14.063605646559198 3.2320190034147545 4.824278266131978 8.000820971561481 15.83774708110124 5.011191138332242 15.789680066054258 16.371720577947833 27.898217558380942 26.719653473493697 22.188294566187995 23.225300347757482 22.40875086591178 22.12287385677916 7.828293787902075 9.264142610694169 17.91633322336584 9.713134175024551 2.659993812193677 24.705757628911687 9.44385006816943 22.408376961254632 27.343691866073577 12.903777882865265 28.475634142760942 25.577014315403027 17.982372880179945 10.869074897499392 23.589088098183076 6.528878068503783 16.583525922326693 14.718673983389587 16.617425693377513 20.215825338508175 19.23956302732701 13.451738302947035 28.462889576876066 3.5898872642485298 6.363854071275357 5.812669590664527 2.563521531243961 9.541212248763136 25.782498819447163 6.873428806098395 9.937151360691393 8.502527137585485 29.549390567470518 6.377318240921833 7.556303316528465 23.43027456426645 7.369294288374585 24.661564070391325 28.14406185812001 24.06850554709849 12.970852924065003 9.629068232398023 20.03874726507766];


nDrivers=57;
max_D=[215 161 182 141 236 153 226 228 148 225 193 239 214 132 197 177 181 227 207 170 224 229 181 127 202 212 130 188 179 229 126 196 226 127 228 150 231 231 207 236 184 150 216 125 232 140 167 224 207 209 123 193 121 161 163 148 223];
        

nServices=63;
S_starting_time=[289 584 688 39 337 549 394 313 577 355 85 269 509 419 368 548 287 364 155 111 118 484 611 619 252 679 440 527 629 618 591 558 302 427 62 44 511 230 253 475 591 319 242 318 394 565 40 464 189 418 575 118 346 295 530 559 325 485 99 656 616 15 28];
duration_s_min=[90 90 81 105 63 111 71 107 106 91 66 69 91 118 103 60 65 96 87 65 86 120 73 68 102 80 81 119 73 61 61 100 80 66 117 91 84 67 108 78 75 79 79 75 92 70 119 110 82 67 113 78 61 112 77 105 119 100 81 78 109 73 87];
duration_s_km=[53 54 35 52 42 51 40 49 48 37 51 51 54 48 58 55 36 50 53 39 36 56 48 34 34 46 35 34 30 45 38 39 40 56 52 40 52 46 47 51 46 52 58 44 36 59 48 44 47 57 37 31 58 33 36 35 43 34 33 30 46 33 31];
num_passangers=[100 88 63 87 95 100 45 65 35 98 32 46 51 69 40 36 46 94 23 83 93 23 46 89 86 54 45 47 72 72 87 56 90 99 67 99 55 50 29 44 52 41 51 44 63 62 45 84 86 33 98 55 22 40 56 37 32 66 38 39 52 78 24];
BM=250;
CBM=0.500000;
CEM=0.800000;    