nBuses=43;
max_busses=41;
cap_B=[88 83 35 31 81 39 84 63 119 135 34 102 97 126 39 38 80 129 101 28 68 58 84 123 111 48 50 47 77 125 118 61 26 71 96 116 65 117 108 96 68 82 40];
euros_min_B=[5.089867763687595 9.128930981469134 12.458511675174945 13.023991962752268 14.386207483720261 1.2436355126421497 14.209089694328188 5.700979600518105 9.818265287819214 14.857226090151702 9.09255596286058 14.574743946143474 13.76397376759593 7.7029322333398245 2.123972731045714 3.212760688065464 6.0169801025886445 8.701113434988347 8.84871153625712 6.753835089029446 14.507253418353306 14.405932050436762 12.19634372176355 2.136391054464638 1.6818436057128388 2.150443463719582 14.982773453677812 5.219558971078853 10.004608544130091 12.76598017395879 5.050714927880123 12.455969120009078 3.3214142879152013 9.10817307150739 4.78737178494637 10.823234588277717 13.203800548791332 13.653827144376905 12.448435455531456 8.664018145779622 7.33966065468737 8.042219093048063 14.73261563664286];
euros_km_B=[25.968591948814844 11.524421327270298 24.966365318199557 12.422620595300508 10.694515038788502 3.4741119299371492 7.714480326088264 13.944754646672768 19.28959951638334 4.709308449072507 21.075579743167346 4.053036333397383 23.242988428507314 8.184475117082833 7.231685585096144 7.16569229248347 7.569720255245881 14.186052665791854 6.538668667282194 3.3904608117013986 22.36164995536975 22.728364541990324 8.481088016182362 22.239455752071148 20.580054852552472 29.616696294259718 2.6971038746415563 22.399880631365 22.52749777088389 4.830947913522928 7.1163110807090355 16.090690037708463 15.802681645318414 19.058423417281563 16.962051215454853 27.637266661396787 19.75597656254941 28.04952815428313 15.327258032364346 19.28209052712815 3.276822532443221 6.90419753201083 24.180728208561096];


nDrivers=37;
max_D=[166 171 175 134 127 181 239 202 162 192 121 170 190 195 157 210 207 142 193 152 192 175 182 165 186 197 161 216 198 225 166 230 174 134 218 169 163];
        

nServices=44;
S_starting_time=[467 694 471 81 641 448 448 236 604 452 227 540 461 543 675 342 113 718 263 620 559 96 420 346 672 506 136 126 11 567 125 107 715 115 483 115 709 689 583 62 695 312 77 326];
duration_s_min=[79 112 74 120 97 92 102 100 84 80 84 68 91 110 97 120 78 76 75 112 104 64 83 66 70 104 112 73 98 113 92 99 76 73 114 81 116 114 72 84 63 87 72 80];
duration_s_km=[36 60 60 51 45 55 41 40 41 57 38 52 51 56 49 31 38 45 55 49 41 50 46 41 54 49 35 59 58 58 52 52 39 34 50 46 38 47 55 37 47 56 58 32];
num_passangers=[77 42 32 26 95 53 61 70 73 41 70 68 95 72 64 29 64 63 96 80 33 35 63 29 50 58 93 41 62 84 41 65 43 47 23 22 87 86 91 59 37 95 60 65];
BM=250;
CBM=0.500000;
CEM=0.800000;    