nBuses=31;
max_busses=20;
cap_B=[90 101 105 23 55 108 69 89 102 74 40 135 107 81 25 117 122 42 71 60 67 35 125 66 99 54 123 68 99 103 97];
euros_min_B=[5.169971558327532 12.980014358255652 9.36365751494607 9.971352694053852 7.247824384331617 6.0993182522550455 10.838737337437568 12.906240588754834 9.817630729805249 3.2374627401008658 3.8801599576489068 3.4006691696266174 1.8067577977895934 13.518310328910793 5.055951610299563 7.851280651261206 3.422087635137828 8.90105367827334 1.6108764365210986 9.738008763076714 1.613931428251109 3.989464137563209 1.0235462776503372 1.8245612492310164 10.916540990700538 4.30693361407261 12.85049694812899 4.346057656039504 1.372890307559222 2.755141245621167 14.12242763726444];
euros_km_B=[15.910213046404493 2.6632845706574946 8.711063863893507 8.731586081332267 23.408277968699217 9.84959423637088 19.83827019400242 14.7011827661096 17.229324284670284 2.503759689510782 11.726511735000189 4.809914817991276 8.059800930912523 17.208826586873236 26.40643291728901 12.297780787406426 17.987106478024057 27.727412338059004 1.6448216051928521 19.49540396121136 26.493565366035828 22.940149745747345 21.050210907315396 27.706263364945944 2.04223471055367 17.432967825479334 5.2611825984650835 4.208076445954866 24.00346613711164 21.26376457434327 29.270617039442946];


nDrivers=30;
max_D=[181 227 234 228 170 159 137 222 157 220 121 208 145 206 163 218 163 127 182 240 160 223 166 151 131 236 216 124 140 226];
        

nServices=32;
S_starting_time=[252 613 319 4 73 633 4 90 377 88 652 7 234 69 586 571 256 296 97 116 613 341 6 112 38 502 662 368 66 76 629 248];
duration_s_min=[119 61 106 113 98 61 93 92 108 114 104 79 65 64 85 67 118 79 97 114 74 87 93 64 120 104 96 81 101 119 80 90];
duration_s_km=[59 30 30 42 51 32 50 55 44 42 58 30 52 51 48 58 37 56 48 40 56 58 51 49 36 59 51 57 55 31 34 41];
num_passangers=[36 53 62 83 28 35 52 52 54 44 89 67 99 38 21 40 43 97 100 58 98 65 43 38 98 22 76 80 95 43 47 53];
BM=250;
CBM=0.500000;
CEM=0.800000;    