nBuses=39;
max_busses=35;
cap_B=[108 43 136 115 103 75 129 54 79 20 123 88 90 21 66 78 127 65 26 105 122 63 79 60 89 43 88 105 115 79 90 140 90 51 29 37 125 32 70];
euros_min_B=[5.296282778827418 7.154698236485213 7.489069640341219 14.270992328227207 12.883874554078789 9.698577175901471 14.228798503869426 11.85551202098587 12.540420437447462 1.1102941175640364 7.899465010560009 4.059820838406864 1.4798373380239955 13.451398779114701 14.20880770683571 7.51963706127885 7.81264694142048 5.13340073448531 8.006460110048842 6.537373164322493 7.369580569301971 10.723941916782376 1.4404837120877962 5.035412816372261 6.234540548999564 3.545232081782081 6.715524319447675 3.480111856463333 9.97506962755415 3.8283114903508135 1.1936139263920875 7.584540874855953 10.416707614554564 5.932074702052154 13.157831509756177 2.8656746872609147 13.263320387278684 5.063664934700152 4.773124570239334];
euros_km_B=[8.52096779388603 4.677459196404516 25.76941347974612 11.702278589101828 11.634576958442121 12.90220945233855 19.217649899622078 22.876528330776264 5.26911064695406 6.660929147855896 16.014761164753704 8.205587775279298 28.531071327748375 28.812075963741393 26.25072518576982 25.541915700069307 22.81711747031988 19.833043123001616 5.089194046061724 4.751490665881591 16.442390453100224 21.404730716109885 6.479194759543497 16.30341841215965 11.8415246819313 7.3423528436007075 14.717103687933871 1.6664961564841219 12.927032704587328 6.155064462485502 15.099716800243426 8.035687008837712 29.969735712372707 22.866257687408584 29.579431706448545 20.74313222123011 17.768023741685834 22.333052445100545 15.366486861828683];


nDrivers=37;
max_D=[183 176 189 194 236 181 210 199 126 210 132 124 157 132 140 216 191 181 128 140 173 158 149 168 152 157 132 201 158 223 207 185 228 175 131 228 214];
        

nServices=41;
S_starting_time=[659 20 231 655 214 682 72 632 395 386 0 591 116 33 619 306 500 667 653 304 48 400 228 162 151 135 181 567 614 589 494 711 498 131 375 197 291 315 623 9 683];
duration_s_min=[73 72 78 79 73 82 90 81 92 96 60 115 60 84 60 71 112 74 82 71 87 60 70 62 62 85 60 91 89 115 73 89 105 102 68 108 120 60 118 114 61];
duration_s_km=[30 50 44 32 33 46 55 48 32 42 45 40 36 32 54 43 49 52 48 42 58 30 53 33 39 49 38 43 39 36 40 50 32 60 42 48 38 58 52 53 37];
num_passangers=[20 91 44 40 63 20 49 35 20 23 32 46 96 83 73 29 51 81 22 64 36 42 40 29 72 37 33 61 50 64 47 65 46 24 85 65 92 40 24 21 67];
BM=250;
CBM=0.500000;
CEM=0.800000;    