nBuses=62;
max_busses=62;
cap_B=[76 68 101 126 85 103 91 72 104 25 22 136 34 112 67 21 73 117 63 23 121 40 113 55 29 43 81 51 139 112 134 117 54 121 20 51 126 25 36 78 32 128 21 79 101 106 35 35 126 63 87 20 122 79 72 38 55 56 129 122 131 87];
euros_min_B=[14.752971903051955 11.958046577076308 6.261255706607567 6.237936143040292 8.13797882718605 12.216213211546291 10.071412770628703 14.65414567963272 6.631989919588746 13.87838187366505 2.7683174395941226 13.429396237144585 12.242241120313967 6.291685054937921 13.64206462207322 3.7917802627183965 9.980993419904548 7.497740163671563 12.952424203905643 14.818754805804156 3.7349184102938864 12.75589489781981 13.781079545176222 6.687431371104344 9.438017857295051 1.9840596720405532 4.926973807745167 9.403767723822497 10.171903409153972 10.177883521840647 14.440697457456833 7.4548974974181865 9.140908956373956 5.296794377419696 4.452354114345583 7.809803405825961 8.781592146514388 9.329072190120893 5.064659508541898 12.082902469735938 10.700754827705786 8.227586395896164 9.00570234834708 2.0525307189777564 5.653901216523368 7.868097244755298 11.214629509193237 4.750742493522103 13.16292666933756 12.103820455428131 4.381910437606342 13.204724822554102 6.080787983581629 3.842901113692507 4.355437105792977 2.693302376394965 9.028898519986262 3.6618331038597978 13.077907946278957 14.184894601364455 14.615184122416144 14.343576311940051];
euros_km_B=[2.28413693869234 11.447661048597595 12.746503401001466 11.488118279260162 4.2679814837136085 22.00572159415393 23.867866887375733 16.167288166951884 8.50800225758433 4.708055270617347 21.20277256182868 29.76003009418894 24.94950572162012 5.047320207003291 3.4810771126090034 28.11880124493519 19.27639056664023 14.850692892576667 10.576529934542254 25.880772754780036 23.440112227618737 13.170634977293982 8.498575916864716 3.6309227388649945 10.421308093187037 6.220423584453667 10.696556910231893 25.215982025280674 6.427472996379727 14.886109046180628 28.964998908170635 20.605552435940744 17.942879279726576 17.95001258525182 12.06691258180992 10.503028731855792 24.398069621541207 14.475915706450737 25.580037529404695 4.874486293487259 29.21267898201731 19.773573482304442 15.012511925996794 14.174336007991174 14.994744364353835 27.237083914751913 16.54953716907952 23.885794248499046 6.723052689154628 19.98176903649202 29.436623840770004 17.928636302378926 25.60933795085065 16.294102365201837 24.607896231244766 18.021802299147335 12.657237252617964 2.462921780127881 1.0828955935108948 16.25561326142487 25.153336857040053 12.983834988035278];


nDrivers=60;
max_D=[134 139 156 144 172 136 138 187 215 139 221 239 190 165 165 151 237 157 164 226 192 198 208 209 147 172 122 202 182 208 205 239 141 143 156 237 178 237 143 230 177 219 231 232 218 202 127 196 172 138 217 124 231 125 149 138 172 212 193 139];
        

nServices=63;
S_starting_time=[704 590 710 101 252 720 719 279 149 112 222 38 694 401 324 430 387 382 160 501 634 61 620 37 0 302 488 99 218 235 319 42 229 675 64 351 245 148 582 636 294 114 587 299 9 275 247 288 0 311 699 643 445 513 107 214 86 245 303 245 191 10 157];
duration_s_min=[105 61 85 85 114 112 91 70 89 119 103 98 95 64 100 82 64 95 97 72 62 120 119 107 93 120 67 83 99 114 100 97 63 111 61 71 64 60 91 93 120 68 71 83 98 67 105 68 104 96 67 69 90 69 88 114 114 95 100 69 71 101 64];
duration_s_km=[39 34 58 35 45 31 35 40 37 49 52 49 51 32 38 55 36 38 40 54 44 46 52 31 34 39 48 40 41 55 57 31 55 58 46 46 39 40 56 55 45 46 57 59 41 40 33 56 31 36 57 60 31 56 42 56 54 53 36 52 57 35 35];
num_passangers=[85 71 91 48 53 100 54 73 61 72 82 42 63 26 25 93 66 80 96 82 66 41 81 63 64 58 49 68 90 60 55 77 28 92 71 35 29 25 49 74 43 96 27 43 53 82 66 32 98 100 36 23 72 24 73 42 95 34 56 41 73 56 60];
BM=250;
CBM=0.500000;
CEM=0.800000;    