nBuses=17;
max_busses=8;
cap_B=[140 82 131 94 139 39 124 33 87 85 113 56 48 139 68 87 136];
euros_min_B=[10.201882999517844 9.475662380721225 4.208134721788127 4.601478719068794 5.325685073319291 13.98995126690289 6.950419425917932 13.010296492818833 8.10580439251526 14.857254887156747 8.149263930573717 7.163835719698438 7.304490710748575 9.208076100429526 13.797238475624246 1.9333981089537857 10.26897762533012];
euros_km_B=[25.80997749068872 14.276522066902368 27.638915087188277 8.14566452935296 7.006859067393744 18.593517015203105 16.872569666095416 16.664164805423205 17.743313291736897 27.454787651760537 11.406348071114834 4.159069019632245 26.359054448186043 19.2550681270354 24.902144095598125 7.298003090589704 26.267196244905563];


nDrivers=16;
max_D=[212 234 141 134 198 227 140 226 226 158 200 171 158 229 161 178];
        

nServices=20;
S_starting_time=[711 658 57 332 495 569 392 354 9 34 385 296 575 162 445 564 432 11 343 369];
duration_s_min=[95 98 99 76 108 96 62 83 92 111 99 106 92 76 98 93 72 99 107 111];
duration_s_km=[46 33 51 52 49 40 39 42 47 55 48 42 56 34 56 46 32 35 44 60];
num_passangers=[38 21 62 58 43 86 60 39 23 90 42 55 70 54 50 91 40 22 38 86];
BM=250;
CBM=0.500000;
CEM=0.800000;    