nBuses=27;
max_busses=21;
cap_B=[68 35 37 56 74 52 109 94 20 135 118 54 135 119 55 58 110 138 98 73 63 102 105 44 91 133 28];
euros_min_B=[5.930886285545265 10.086014714262376 5.030506194224709 6.0150218045514015 6.09134384301184 1.1488188642274233 13.928373600596498 2.215659042939076 12.922183763823545 7.79768019720212 10.483970395837176 5.410839495913332 8.208913259698296 3.3966021602369336 6.411147912094439 7.96126439760732 14.754199481059045 4.235397048518203 6.1901008131161905 2.7396617448715403 7.475504170259347 8.714542884687546 5.8754709005529335 1.7049619004893326 10.78588866669097 10.216594269082343 1.8278321218561022];
euros_km_B=[3.5506372569131774 12.280660055625342 27.801913363199187 24.11178581015185 4.130163106481163 27.11656783854889 3.1912182440908463 7.506290352491019 26.8507283731956 8.439578128201731 6.467594646608313 15.61398159446673 5.155680333242307 27.812737228096942 5.788922679282863 19.0173171527242 21.981653128509983 5.563455641231211 1.276231680321323 4.69512887232766 27.07179674588759 8.743114559501654 3.9661935189573114 20.653986189747748 6.323022096133745 6.072651075229344 19.21174387640967];


nDrivers=32;
max_D=[149 235 223 148 237 233 216 217 190 171 140 143 169 127 193 138 121 217 177 162 127 223 194 121 151 129 160 183 121 122 135 185];
        

nServices=34;
S_starting_time=[213 512 394 438 368 490 685 697 313 666 548 288 653 124 368 380 16 596 329 109 365 493 98 449 5 488 539 644 664 29 375 466 242 326];
duration_s_min=[84 87 92 110 67 99 84 65 119 111 67 87 96 66 72 68 90 82 81 118 63 97 96 117 110 79 89 119 77 84 86 88 62 119];
duration_s_km=[30 38 49 39 31 47 34 38 46 43 32 41 43 44 34 47 42 40 39 39 45 31 32 34 45 31 51 40 48 58 57 49 53 30];
num_passangers=[56 66 77 67 87 29 91 45 78 95 99 64 60 40 51 46 56 92 39 89 35 81 35 84 92 93 33 95 24 52 53 99 47 48];
BM=250;
CBM=0.500000;
CEM=0.800000;    