nBuses=43;
max_busses=43;
cap_B=[70 140 116 29 52 83 84 31 106 54 125 30 53 120 40 71 100 107 75 75 71 106 91 110 37 23 47 20 65 53 74 59 43 35 120 94 110 124 56 102 107 33 54];
euros_min_B=[5.421748357848667 3.929729134516415 6.997182507044752 1.535110145957846 1.2362011634508783 9.483658004609422 4.486551749402275 14.427372927345461 3.497137811620213 7.052387697823523 5.487105567178512 4.519669577565766 8.274813111628234 1.1196118831423862 10.09791181306271 7.116203203416814 2.1034479933514323 6.979912484297477 12.982843796180312 7.540926341935432 2.2866499752152993 3.197964610276647 12.651368408217229 1.0792114107721744 4.608079235339151 12.863989528507895 14.634071491917467 5.179680590609502 6.90471593319786 13.165843131328108 9.287972574759086 1.377945008750274 14.836534274634271 3.8223827337177365 12.268753012603044 14.84146456667878 14.410121470245297 3.056131421447229 13.971124191697115 12.587704177918985 2.9576840665888167 10.426751738722016 14.520782884545564];
euros_km_B=[2.633325005992032 24.07156035895905 2.1224275395861287 8.351890921284228 23.09327493960146 6.964003880237638 16.009864453753597 9.720132819627674 22.8390159184034 1.7248556055840822 23.666703940655633 4.327945736962979 17.82040787799551 18.463249103112627 17.346766662650012 2.3126581519377654 29.796807065024854 16.751767322426293 8.865131861081798 23.982889076200966 27.256400079530778 24.291394141099246 25.316849162571668 25.672402775689466 10.429404386684343 23.306901390429477 2.0877767665613303 14.260168752064352 24.64364773714322 28.398735304567634 23.884390443830917 22.199524392442168 4.8798590897185345 8.185592030412478 19.435242587068032 19.953911934995926 16.264197057530936 24.759231699789915 19.50701588388251 4.615380254313021 10.459717840479712 5.8198226887956945 13.848452044869973];


nDrivers=44;
max_D=[177 203 181 142 218 201 231 192 203 196 152 128 131 145 167 144 163 175 173 218 122 168 169 225 195 177 140 218 229 133 206 219 162 181 176 218 209 222 129 175 196 176 133 158];
        

nServices=47;
S_starting_time=[530 270 529 201 430 545 437 564 579 399 348 627 61 219 391 379 714 50 131 358 556 106 310 497 364 477 572 262 591 557 423 524 229 185 99 413 442 144 143 506 82 632 426 237 644 71 414];
duration_s_min=[65 71 78 107 118 83 90 84 73 92 115 75 66 74 107 78 75 104 73 106 85 108 84 108 76 64 75 111 67 104 85 67 101 93 99 95 82 97 60 91 107 69 85 84 116 101 90];
duration_s_km=[43 44 47 44 30 38 36 52 58 53 51 49 45 31 58 53 46 52 42 51 59 36 40 42 60 40 35 60 58 58 33 43 60 37 47 52 41 42 34 43 36 35 32 47 45 45 53];
num_passangers=[78 25 87 48 30 31 73 98 46 64 63 83 38 24 64 49 88 80 72 69 92 57 68 87 62 33 42 35 24 62 64 78 60 45 81 74 56 25 66 23 63 26 33 54 69 76 33];
BM=250;
CBM=0.500000;
CEM=0.800000;    