nBuses=31;
max_busses=30;
cap_B=[34 38 38 56 30 135 55 25 69 124 57 20 80 71 105 105 27 112 62 96 118 50 50 103 127 125 93 87 99 24 130];
euros_min_B=[5.076986535699911 6.27005543460161 1.171105879126191 11.125835534714762 2.026301271299633 9.250452970091217 11.977203230567879 3.160689378307257 2.6233584975152695 5.626399189583417 1.158916997677399 12.478846904562712 3.326752649586381 14.600298516847944 5.4416784257406166 9.589938427751715 2.5032877475427817 5.32316833709621 5.808160441046729 13.804671750668081 7.580788485069663 6.379756324136715 2.90700187143473 5.444862313472877 7.437772053983945 10.075867491498137 11.580075704779246 1.935672517363325 7.541660117445057 4.916130633567825 4.018431594350233];
euros_km_B=[29.5023918763124 21.08098769727929 15.292008347665902 3.092206663350986 7.073861815179224 9.305621663628092 2.2946518597436776 7.635257739732051 23.215674476491348 24.921411519422577 2.0795359285707145 9.517872091595017 7.790771880263852 7.624714034247409 6.703649347483372 17.19966930855416 23.725979222413763 5.680673941298252 22.629784616169992 3.3421986334362743 1.252912805829088 22.503213245151393 25.046720020857396 10.27870405841741 11.166428200992828 21.091662109675777 24.920174485238885 27.047347093939155 6.618415014496778 29.175871945836104 26.163071496067342];


nDrivers=30;
max_D=[226 153 126 189 124 158 216 179 163 127 143 190 191 198 154 199 128 200 164 135 195 173 202 186 172 147 124 163 159 198];
        

nServices=35;
S_starting_time=[370 469 435 519 603 391 83 713 504 386 356 27 190 546 271 155 161 276 605 241 485 403 537 564 452 121 384 251 302 678 162 223 542 23 276];
duration_s_min=[83 90 81 107 67 65 110 61 67 105 118 64 116 80 102 90 109 67 110 88 66 62 82 77 60 89 109 102 85 84 77 65 114 96 84];
duration_s_km=[56 35 60 33 57 35 35 59 59 59 37 53 41 45 60 39 42 36 42 48 59 55 31 51 43 56 58 33 31 40 53 59 58 40 51];
num_passangers=[48 60 42 54 56 47 85 57 80 64 84 68 80 74 40 99 31 34 76 58 55 47 63 27 56 97 57 46 34 69 40 39 84 30 59];
BM=250;
CBM=0.500000;
CEM=0.800000;    