nBuses=25;
max_busses=15;
cap_B=[47 77 62 111 63 21 77 107 78 88 100 122 26 38 59 128 135 128 87 136 138 54 101 132 106];
euros_min_B=[1.498507414984716 5.12534552377324 1.8484905526033983 11.105787402134526 12.359291234041866 12.412439466306523 10.407784578974905 7.86441145533934 13.865910911634412 4.975930948267176 9.88081117066208 13.560385633160479 9.225311451940806 12.499245400533106 13.98408619975622 12.446395308438166 8.25403078949285 12.327633608875196 3.9503197980958573 3.8768093655965012 2.325454168547104 3.278199248921476 3.280505263603617 4.266167388670467 10.451221146990848];
euros_km_B=[21.583401612389412 1.1285172223941617 11.135229121223235 7.364179659688078 18.670246308649432 15.947625426314628 19.218847451083 22.224344894712484 28.257934169723175 27.300007606557255 26.950576135371985 28.34090780622516 29.733749139422756 28.695102781351746 9.717921744178312 10.420907426683202 15.638215887959158 19.5006527677448 20.853323897023955 5.510075902526186 12.616322015256811 22.047352869560978 10.125107378702012 7.847862147626077 13.155274735964584];


nDrivers=22;
max_D=[158 223 228 151 143 235 121 147 137 148 146 211 142 225 236 169 136 121 183 236 200 184];
        

nServices=28;
S_starting_time=[474 404 132 558 194 650 491 333 406 339 555 117 650 401 512 622 695 189 702 669 207 617 335 114 569 144 406 233];
duration_s_min=[82 104 103 84 77 63 84 86 83 98 87 92 62 104 109 98 76 84 104 90 85 72 91 103 103 96 64 117];
duration_s_km=[57 55 48 47 38 57 39 39 55 30 46 58 38 41 48 50 52 50 35 41 58 49 52 52 40 57 55 60];
num_passangers=[85 96 45 63 57 61 39 78 22 79 100 62 46 84 35 93 29 36 63 34 58 56 64 63 54 63 37 35];
BM=250;
CBM=0.500000;
CEM=0.800000;    