nBuses=13;
max_busses=12;
cap_B=[55 56 50 106 33 75 120 120 98 122 60 112 47];
euros_min_B=[6.577536513732011 12.404061182050519 14.448129737075718 12.662227451305103 4.5112427372925765 2.21722945978798 12.24750169675422 7.953662902390929 10.21075406259021 7.432078797109487 6.057972162473708 2.327770343848358 3.281107001168867];
euros_km_B=[10.188523032003571 11.104683171332049 24.234369751459838 19.86925394177759 6.614513625853604 2.9844920730646045 28.463497867983726 18.472849046950778 13.77988973992936 13.689957582060922 19.207779236136453 14.97673607669472 19.66275116740106];


nDrivers=18;
max_D=[190 141 195 236 211 196 162 142 191 226 223 152 170 216 137 178 186 225];
        

nServices=20;
S_starting_time=[637 230 581 49 712 271 174 161 314 79 292 520 482 656 490 199 287 645 81 595];
duration_s_min=[67 71 62 82 96 120 119 68 75 108 116 67 115 65 99 90 85 118 118 112];
duration_s_km=[58 43 45 49 52 35 57 54 50 36 36 38 49 50 46 43 54 51 31 32];
num_passangers=[22 43 99 68 42 29 67 51 67 23 37 92 45 43 36 65 20 27 23 49];
BM=250;
CBM=0.500000;
CEM=0.800000;    