nBuses=65;
max_busses=63;
cap_B=[101 51 111 122 140 48 83 53 28 45 86 74 140 24 21 111 108 113 35 100 53 85 112 100 136 59 44 37 30 33 127 58 54 22 123 127 139 111 49 131 70 114 64 23 94 63 56 71 138 86 24 50 22 45 88 102 114 114 129 122 30 99 130 119 126];
euros_min_B=[6.7641794134794 2.1368230610049284 13.629014232521298 12.417442502176158 4.216175942084611 14.468142075063941 6.166707799735873 14.464780828556117 8.42202926090657 2.4326809058091303 6.626702294742284 13.669128391804454 10.116037353443566 12.67650178256655 8.67388721543523 6.2668650610643954 8.58671558759433 3.1316925147625767 6.922218145608042 4.530756035510221 7.51293160620554 6.496955850962995 5.643072981378293 8.26406120403502 2.282475804964668 10.520574952350005 14.321012010849296 4.76015445253185 13.844157049813628 10.951385823004706 7.6191279819064395 5.74791829272713 6.273150402435025 6.9393502765234105 4.663094782655327 6.988987416332053 3.8291632129150734 4.080689752614781 3.71174813902463 6.479643807775599 1.1960539641458245 14.349334319658784 4.952169041501385 9.588123753771148 2.9687393168654785 2.7959709081863555 7.75444567467853 7.436780295872584 10.729984258606855 9.751515805260583 2.8925067246125944 7.3293601757905815 2.3082120881469184 11.541941883778637 12.434261678943837 8.722861189904567 6.135318440221717 14.157888651266237 11.206096793895991 3.450698712519412 6.105472541153615 6.7741730813834415 11.132923100728677 6.976027526132686 9.338867058090354];
euros_km_B=[7.89544644275644 3.221811576599341 19.06127292180125 14.104083610090179 1.4351709776825383 26.867044102618944 23.620561297854096 5.419235108899212 15.791887796779031 26.11761087511091 17.147518361184982 20.27951111766939 18.875994389534508 1.938133328368592 16.999668739021477 1.7019079672098842 15.832068219121926 14.912624844164466 5.129844469735681 10.245313430109674 25.64320057666692 13.322879004954194 17.462272758611398 9.020774457802322 20.233885035409344 29.573119732419507 29.607839864224452 1.6978136330263554 12.687518294388244 6.6052690706246855 27.17669007593691 25.63188743121129 27.383367817132424 24.576128186137883 8.476590035199575 1.6695409786948994 24.998433037977577 9.074505534907244 19.577916804868565 14.437014635378759 28.581468294092495 13.424625413974251 5.47977102391424 9.744344550393551 15.354211077007438 28.424890016900033 12.330375952561027 3.0499325272785374 23.213357727337076 10.942999844804048 19.915650431549707 24.439583099907317 19.90920630283033 2.882288831716127 12.520911002541906 15.299478908588567 10.786875145975426 16.333598759831354 26.87886290087877 16.77922863690622 24.861578666734232 6.705350212052777 27.069701816236144 22.435965750444666 27.974396830489106];


nDrivers=63;
max_D=[162 202 180 135 222 239 129 192 213 195 184 201 166 194 217 181 173 223 240 217 185 191 216 206 129 185 220 191 141 134 183 213 153 170 195 140 232 235 204 211 175 201 205 219 127 147 122 226 143 179 222 141 163 129 212 214 134 134 177 220 213 186 135];
        

nServices=66;
S_starting_time=[513 461 35 433 453 330 211 1 445 524 302 466 206 306 319 9 124 461 191 155 357 246 145 226 264 4 242 205 327 109 405 182 548 534 653 171 144 319 201 666 599 31 612 700 666 467 172 667 398 383 437 360 671 458 600 496 674 133 476 630 134 303 38 1 651 181];
duration_s_min=[96 66 106 62 89 95 84 94 66 78 104 62 118 68 93 74 64 65 88 118 117 76 106 60 117 114 109 107 94 117 116 74 67 65 82 85 114 73 116 90 72 98 99 80 111 104 79 120 95 62 81 81 69 108 101 90 103 110 79 101 111 111 86 96 98 72];
duration_s_km=[52 34 58 45 39 30 57 38 35 58 37 53 58 52 46 37 44 54 48 37 38 53 34 52 45 51 31 30 35 35 47 43 53 56 47 53 42 43 37 45 56 34 58 60 34 30 54 53 41 51 59 45 31 42 46 44 33 59 50 34 36 55 49 42 37 43];
num_passangers=[29 76 66 52 94 51 44 22 41 66 83 83 23 79 38 42 59 62 63 95 82 45 68 88 82 93 68 31 85 83 76 78 95 25 83 89 51 42 86 71 62 71 89 35 59 56 74 37 95 51 52 56 32 45 60 79 21 61 64 90 77 31 22 47 78 84];
BM=250;
CBM=0.500000;
CEM=0.800000;    