nBuses=43;
max_busses=35;
cap_B=[140 35 117 109 131 44 82 73 114 38 106 34 136 22 92 44 119 130 75 113 70 88 95 41 63 51 45 84 27 138 122 94 73 108 39 124 75 68 59 108 102 39 104];
euros_min_B=[4.84572974237746 10.366726824496022 7.623455315579124 14.3247258088263 4.922644568286795 5.045452035090532 2.971059947695747 5.046925329861601 5.587181949444988 3.4182769755245874 13.287854214926949 12.622589847874782 7.005785360907003 12.92779151625482 5.7799941991207024 2.534156412652168 10.887219091634922 13.694667146798361 6.296358493014271 4.859663860048931 8.919500934684432 9.03927320866756 9.641434497115133 5.774257785744177 11.481341940468194 14.473270666380854 14.565144010404438 13.42674240334859 14.3814862815237 8.914528227625283 4.155570241778224 8.53099222293655 9.405400567213235 9.984571162346588 6.2814600894403645 2.841190821041949 5.768737382314036 6.012203044934063 3.0032146602815395 10.554544604615057 9.481961383419815 3.6314842065361272 9.573252934648703];
euros_km_B=[13.774820177388918 4.536051374345691 12.097348781697473 6.274129413065437 27.369753462586743 15.839147296492264 25.372923587748147 11.961309188073667 11.533132871356035 15.622218184487513 3.820925239197992 20.856871314290235 6.8364410361730705 23.72732863840032 24.644490165903175 21.080199320482187 8.020650138204932 10.149260568844007 5.623882264680624 3.3816853112205227 21.953543813910493 15.856123111470708 8.336080060310184 2.2562704962755347 4.333070343175394 20.797474071875527 13.600396129024988 25.680503588072938 19.759706757108095 17.580691743837573 18.040920934624143 7.826464677144449 9.819061737543674 7.230287198151216 9.534291117971257 9.128037078229264 28.868862129512607 12.695930540261813 23.99373229097164 11.962596836489325 24.749825318606316 27.89268992380742 15.776588621230474];


nDrivers=44;
max_D=[142 234 124 233 143 214 171 238 211 186 184 152 235 155 228 222 176 137 217 139 120 136 219 128 188 231 214 182 233 231 179 194 171 215 219 204 195 221 233 144 199 152 198 210];
        

nServices=49;
S_starting_time=[612 208 468 417 555 321 417 106 59 451 258 521 271 695 614 405 278 140 41 78 248 650 603 622 392 580 679 357 450 605 63 166 386 436 69 701 388 516 349 301 531 680 121 527 514 475 188 138 399];
duration_s_min=[76 76 113 76 109 66 107 96 115 93 120 88 109 110 61 86 116 75 93 79 117 79 87 63 69 111 71 77 117 81 73 112 118 61 111 97 66 91 97 100 70 89 84 84 79 95 68 62 67];
duration_s_km=[34 42 45 58 47 42 34 43 47 42 41 31 36 46 50 60 57 45 37 30 37 39 47 42 52 46 35 42 31 60 39 50 59 44 31 46 45 46 34 53 45 42 50 47 45 47 41 45 42];
num_passangers=[57 44 28 32 81 31 62 50 29 78 51 46 56 32 20 59 85 84 27 68 20 59 37 99 93 79 69 34 30 68 61 33 32 75 54 28 86 69 46 49 69 85 98 97 57 76 51 21 51];
BM=250;
CBM=0.500000;
CEM=0.800000;    