nBuses=46;
max_busses=35;
cap_B=[65 91 91 32 39 99 34 56 40 74 40 113 89 42 38 82 68 106 130 72 77 126 34 33 33 130 137 50 36 71 129 47 106 100 75 53 102 96 110 89 27 23 87 140 109 47];
euros_min_B=[5.838035364403179 4.025078275038899 14.750900774637957 7.9244890307799025 10.243657976841284 7.801688998614774 9.878650322805662 13.021464760892632 5.879582754915356 13.596408816159727 12.203327110711589 5.005022422090724 3.103607093649144 11.846679641628004 3.7991204870001303 9.04919213079787 13.736445660586405 14.940130478577982 8.10960775785474 3.3585543684645773 10.795110746348586 5.90961737144766 4.552741601939988 14.313939641402362 9.159424077517537 4.61535528122382 1.2422708276914416 11.116482278591546 5.6603903689996535 9.173720331350722 9.499274540606338 9.404148939723004 2.045307290754314 8.465870343778295 6.621797416039173 3.676545176914636 1.1136323149566645 1.4437861017774334 14.849395763958894 11.938828064142415 14.508783568628596 2.059943359993219 6.142530630466878 3.6000781314802195 12.2786844188957 12.696921120021997];
euros_km_B=[17.73337171844412 24.398518816890828 8.8067787465095 27.00125144208806 1.6568171932033633 26.133514345284013 13.742445014217761 27.604536906625835 18.391619610817102 15.87152500939033 8.527710156712303 4.146316552524698 26.087187141867734 18.5911522390492 25.069459011394244 4.374992510136634 25.341238701730333 26.28121923450326 5.634642770388467 21.79124734291785 7.670363071395042 17.277771742830765 6.6709948872218146 16.824789444767994 23.754432831683726 25.446280824311113 27.401859926562853 7.488537964681541 3.861998465829772 2.857868247172547 16.10576932200982 4.9011701470946285 4.973462709865565 4.653383382970176 20.745059697218792 21.19406716033461 2.94667042311879 12.538962649450735 23.653785234062482 14.92868082663676 17.646193879919 23.974531104916984 25.80212334181606 9.96759874308385 24.642383464381542 18.43541862490843];


nDrivers=43;
max_D=[187 141 193 152 175 132 143 186 126 129 175 233 186 188 235 146 238 189 203 179 143 222 192 173 219 201 206 136 131 140 216 164 179 140 154 193 232 190 163 194 233 185 217];
        

nServices=50;
S_starting_time=[698 106 44 0 655 48 451 534 496 110 409 620 294 299 695 218 376 713 42 559 581 467 512 634 115 451 8 427 544 497 672 638 632 697 305 427 353 367 631 100 117 302 399 283 192 457 449 210 344 167];
duration_s_min=[76 77 117 70 81 116 70 64 68 118 91 61 64 81 93 91 109 113 120 120 104 92 93 113 83 61 109 89 61 73 120 88 83 116 63 62 99 86 94 72 120 99 97 72 102 75 90 111 92 80];
duration_s_km=[56 49 50 42 57 57 60 44 51 41 40 58 39 57 59 39 55 55 42 56 53 52 40 59 42 30 37 36 32 56 30 58 52 31 60 47 55 47 54 50 40 45 33 40 48 49 32 44 45 38];
num_passangers=[62 78 63 26 64 100 54 55 38 70 22 67 40 31 68 59 54 34 90 41 21 85 83 42 68 50 87 70 87 35 33 37 58 32 46 76 23 45 85 57 79 39 51 66 95 37 33 84 71 76];
BM=250;
CBM=0.500000;
CEM=0.800000;    