nBuses=51;
max_busses=52;
cap_B=[118 124 78 114 73 60 53 117 45 56 122 95 120 56 86 111 111 63 43 98 97 112 108 126 63 64 95 56 65 105 41 86 62 69 102 60 42 95 35 80 53 87 128 97 77 134 82 62 40 66 25];
euros_min_B=[9.8863325642354 3.571381541720378 2.3381695825396367 3.3993930706853144 11.12559545366634 1.985099720580378 5.690513989321294 3.2426568822977204 9.845657880866876 2.877015903608312 9.391286734113802 13.160930751269198 10.074420997053974 3.9305389777894773 10.18324129376038 7.2150568903091346 14.266147935642115 12.034399797854029 4.589920209537473 14.69152169491968 14.420025918165996 1.8189646429308266 2.0503780042173863 1.2169056104553961 6.929318513132374 9.492331153696389 10.803793560433988 5.346233003638005 12.717323303225953 13.734905540077778 9.786807327805661 9.855773634833229 13.921433250132296 4.1592075592330415 8.613486107651074 5.516782628107089 7.06798566676326 12.45898118155878 8.393053139556812 10.23017596405765 14.417363120022923 8.230332550013264 1.9820919525225118 8.445582698217457 14.485278711595651 5.692821820233816 5.927033535558322 12.678763395040194 13.338129666123479 8.749543810396165 6.213101754600917];
euros_km_B=[15.583736674403305 19.325444617947714 15.263062405917653 5.786399306634762 19.771607121636997 15.051689053644026 9.662455833438386 7.810277383466643 4.650817132493971 10.594308762528257 19.68665847375372 20.98073678973565 28.313142307819945 25.023800251891473 28.80427541740337 10.034914786923903 4.273409366769501 29.782685816225165 3.4083527897164543 10.726097288467825 3.181799276608893 22.642495079591985 15.943192693411158 27.92289719386827 9.604025243752988 14.17476077715199 4.878675302498436 2.5461138905520837 22.63093471930021 23.117045044563543 22.651905222021075 18.711793583643026 11.703525962680553 1.4428812248149196 27.85288640691226 7.453405925679497 8.429429010474477 13.465749454561841 17.435783370903618 10.420920088664504 16.08339709185244 5.680005151680293 16.094762076524965 23.45175354194628 11.367528656450244 7.860442073982053 22.181225706863188 18.514208886142132 16.946440757234353 25.905907238423126 21.845486200260236];


nDrivers=56;
max_D=[213 199 132 218 177 184 203 234 206 186 199 164 240 157 166 124 150 158 170 135 234 229 192 217 208 179 210 223 156 191 224 235 184 129 131 230 190 139 156 220 201 138 148 149 217 142 138 176 142 193 122 205 189 173 226 162];
        

nServices=57;
S_starting_time=[614 201 651 324 343 437 69 593 267 388 128 447 21 104 488 603 239 342 612 73 346 125 80 63 136 360 357 706 265 400 77 186 477 668 153 414 198 256 718 262 697 449 260 428 599 316 278 80 110 390 639 372 678 200 512 335 589];
duration_s_min=[83 102 83 61 120 85 72 100 106 89 105 77 75 83 89 62 65 94 119 92 79 118 104 114 120 107 82 84 107 97 62 120 120 62 66 88 103 73 73 87 100 63 62 108 73 76 60 116 107 91 90 85 83 60 60 112 63];
duration_s_km=[60 56 51 41 37 50 34 56 42 56 47 60 39 54 59 44 31 54 55 34 36 44 48 31 55 50 42 31 60 53 42 50 50 44 43 44 40 44 35 52 55 32 60 57 54 59 40 56 39 33 35 51 41 31 35 32 41];
num_passangers=[34 84 35 22 73 60 32 60 91 87 78 57 38 73 74 63 36 60 94 44 71 73 48 51 21 85 28 42 64 89 22 25 93 66 47 98 65 20 98 95 53 91 67 42 97 87 99 88 71 71 42 100 74 85 86 32 55];
BM=250;
CBM=0.500000;
CEM=0.800000;    