nBuses=27;
max_busses=32;
cap_B=[39 98 97 61 55 66 113 134 87 27 84 99 112 132 20 112 31 102 86 91 105 68 24 65 58 75 75];
euros_min_B=[2.1855970394492505 13.38391269012917 11.223011570834075 2.2976827594039566 7.376445060084632 1.8556040160426492 11.219898557900652 3.232582218323433 1.631076629231866 4.200027967848831 12.420110022594798 8.686495158852596 10.70149921995215 5.070197835945124 6.672983646627097 10.624894467626474 8.530641056724129 12.338692127171992 8.75592677703013 13.637881128870832 14.813843985220878 11.731613054530381 3.018304544381353 8.601108739159116 7.061756039983262 9.236376443783318 3.695377656883684];
euros_km_B=[8.63603389038505 5.539480015656196 20.321548144568975 17.151240211792793 16.368384344980768 24.728138061326536 15.410252564363844 9.30095767984292 1.2956176101080212 16.297047992522593 26.5310544005565 4.782103728455329 2.4397699149045673 4.282635739635719 21.034692154681416 6.532933924895722 3.325551798526364 29.0621143431375 19.47059758733493 4.11835415104486 4.350024491771168 22.815398873617887 29.623672571942492 5.068478375786419 17.22059672862588 22.48139910294354 20.46853827175074];


nDrivers=30;
max_D=[126 146 224 216 130 238 189 182 214 239 209 121 207 216 211 146 224 158 126 153 208 238 158 193 172 172 133 148 233 185];
        

nServices=34;
S_starting_time=[223 32 678 236 131 682 27 448 228 700 33 507 532 231 387 85 326 680 501 550 535 565 337 137 269 647 699 1 541 102 665 663 662 576];
duration_s_min=[105 77 71 84 108 111 75 75 77 90 65 87 105 120 112 118 70 62 75 97 61 120 66 79 68 64 63 74 90 109 114 92 81 64];
duration_s_km=[59 46 34 31 44 36 53 36 58 54 32 60 35 60 49 35 46 45 54 38 48 49 57 39 55 51 31 53 30 54 57 59 39 59];
num_passangers=[79 99 67 21 62 68 68 100 59 84 36 46 55 25 44 65 69 95 46 93 75 91 85 81 48 21 61 60 33 20 43 74 75 29];
BM=250;
CBM=0.500000;
CEM=0.800000;    