nBuses=23;
max_busses=25;
cap_B=[111 73 107 71 137 40 74 33 57 81 114 39 39 101 109 114 86 134 73 36 40 125 68];
euros_min_B=[3.7869781242299276 11.397347422654065 8.798264708261813 13.89116284312953 1.1140568604058294 14.594705540140428 7.893977036224984 14.933190640923556 11.93468566198154 1.071401490373252 7.464404685171693 9.61082424082797 6.8462729776236735 10.78812850881862 14.171780385844931 14.532206816930351 5.4111912473029316 14.294891725099198 14.934019360022967 7.245200817982133 5.315017295807149 14.599023051186093 5.01374449020941];
euros_km_B=[21.795304412598806 13.52384974167277 20.531138878358675 25.06086488972479 13.549304602079012 8.597559315286485 28.152054262285194 14.815364742791578 25.76239476683847 27.207456996133192 17.78298113567341 18.056377218447132 21.821400559857107 4.780971068746252 25.60320910921621 2.5189374807872285 8.289560327189518 13.890963052718464 3.509685479533175 14.093823599939121 6.929183034833331 7.416733461029111 13.200286953430412];


nDrivers=20;
max_D=[183 211 240 121 233 228 201 149 135 179 232 191 123 192 173 191 142 237 125 240];
        

nServices=26;
S_starting_time=[301 533 177 284 683 84 464 379 430 415 335 105 411 183 708 470 502 471 580 350 449 648 258 206 317 394];
duration_s_min=[101 97 83 75 101 98 68 102 75 110 116 75 95 90 93 84 64 69 97 117 72 102 109 77 72 94];
duration_s_km=[59 48 53 34 33 49 45 41 36 35 33 42 58 50 47 39 59 41 57 34 53 56 54 56 31 57];
num_passangers=[25 57 23 71 82 86 34 75 55 97 25 64 22 96 37 83 31 50 94 86 87 97 42 71 67 39];
BM=250;
CBM=0.500000;
CEM=0.800000;    