nBuses=33;
max_busses=20;
cap_B=[110 62 116 140 137 81 130 137 53 33 65 107 107 70 113 99 63 71 24 129 137 137 119 89 39 67 98 106 65 85 58 21 59];
euros_min_B=[9.344060193121194 12.012885676040927 7.859931407434647 14.448166319116703 4.217779739956665 12.497640336973898 3.8379739591572397 8.263379869604666 1.8581917134206678 5.46958728150006 12.344791099486578 8.626478621238588 7.322642010538067 14.288501373557075 12.843456655259546 12.127267027380746 5.377391671925426 14.01657144087085 3.825010544360299 6.905235019268718 6.549261904571975 2.416477258699344 12.008288928316855 14.53351978064036 5.327698212779649 8.822484733709802 2.939913443121622 13.404040751009505 8.691077985333857 11.804231776508905 10.722983335622077 3.3922646728269377 13.622303240119127];
euros_km_B=[26.756313254151948 8.90620623365879 14.736831547843542 9.720799329562906 19.64090631622857 20.835881872008514 16.365348137570038 13.716895107274183 16.59099108236449 22.700521361751743 8.724860005498373 25.342877688936337 14.060044709987809 15.65639964335737 2.3475046779042987 1.7299474116086921 22.01478887173388 21.328756678424423 2.1593420288500913 12.676051904281051 29.46730664576278 10.433016824238505 8.464419474655125 15.09294491007702 3.53217087980965 24.86826165029295 7.786689022704142 18.332327978519455 2.3468010396548102 21.307453797967174 18.02994381051799 6.252249863505528 7.091215092730627];


nDrivers=29;
max_D=[167 168 217 124 188 133 187 181 211 132 182 220 186 142 199 152 167 180 219 217 155 189 132 221 195 133 169 205 188];
        

nServices=35;
S_starting_time=[428 706 161 98 416 479 667 369 103 507 603 130 185 359 193 512 408 55 202 678 257 518 651 141 182 302 701 209 480 95 186 600 349 355 233];
duration_s_min=[90 71 110 99 116 71 93 102 94 69 103 97 103 91 82 117 62 120 102 68 61 107 66 83 118 114 100 106 61 115 110 66 87 60 100];
duration_s_km=[56 50 57 34 55 42 58 44 59 33 57 49 38 35 50 60 56 42 36 59 49 50 33 38 36 33 43 40 48 50 55 59 30 31 56];
num_passangers=[42 86 35 77 23 95 89 69 76 49 41 51 21 52 73 74 71 48 21 46 54 43 70 69 48 71 80 89 29 62 99 51 61 50 32];
BM=250;
CBM=0.500000;
CEM=0.800000;    