nBuses=24;
max_busses=18;
cap_B=[123 108 38 94 128 86 125 30 61 91 29 59 129 89 82 21 62 129 140 126 140 24 45 98];
euros_min_B=[10.787228469332517 14.590861266342062 13.027720531211298 11.376718314393774 4.1546923141737615 4.453224268130873 8.544249417602572 1.7145822590222703 11.539629891315657 6.376742260487134 13.726828420803836 2.0667658968047964 10.365281713123471 4.985790494785434 2.764199118125367 12.304580797415806 10.571368029707433 6.9215828720525385 11.831287655564685 9.602355797163357 2.66135365555073 11.358130553765585 6.93600852549082 13.296878576062433];
euros_km_B=[18.967100039426718 5.231360123903761 7.7156218329385835 13.456130973603349 1.8674771604624 28.280192930278872 18.284699835305954 17.42813301774892 25.22331009300968 29.322656876282885 9.862954398328318 14.825429484675926 6.9483911064243795 15.525066092448553 24.300722981682704 29.189486842426284 9.282207290719947 16.499366605607165 6.481157026359369 8.236730001431756 9.811893450738697 24.875381154018314 25.4096925831365 18.7744310843425];


nDrivers=19;
max_D=[219 172 194 163 179 133 236 171 195 127 123 183 211 163 181 208 236 206 187];
        

nServices=25;
S_starting_time=[287 18 142 613 126 596 454 254 156 69 351 214 491 509 240 529 671 648 2 599 58 268 608 213 680];
duration_s_min=[68 106 60 80 82 103 78 75 99 118 80 100 67 60 75 114 62 69 110 106 77 111 78 119 96];
duration_s_km=[32 57 48 30 42 38 39 41 44 45 41 59 51 41 30 33 48 59 33 54 31 51 39 58 47];
num_passangers=[77 28 21 49 53 32 34 57 95 54 94 30 48 89 66 92 41 85 32 20 89 99 59 23 24];
BM=250;
CBM=0.500000;
CEM=0.800000;    