nBuses=59;
max_busses=56;
cap_B=[113 85 58 92 50 136 47 135 46 96 39 132 115 55 56 27 109 36 135 69 125 129 119 105 106 65 64 81 34 37 80 107 22 126 113 122 140 112 107 64 77 79 45 118 133 44 44 97 110 128 101 34 98 71 86 60 79 43 34];
euros_min_B=[12.21767582254365 4.3945845543734805 13.567377800244081 12.232583013605995 1.3172708572893388 14.685863647648107 9.595204988437745 5.307988173134328 11.078779800910576 14.320127316923012 9.78116360456047 12.967111427389908 9.334067543783336 9.61732601030305 9.852823043093341 4.682024321040794 13.871235987104082 13.338600749192885 14.563396316295412 1.7141355297980354 3.0172423791776213 14.620342269817565 11.895801890685599 14.45615443655868 7.506450612239735 9.5326526545487 7.201168821601188 8.95232732081138 7.9370254583456035 9.057906171659202 14.578106688033326 2.1185570743997078 10.652657896313038 13.881325766007862 5.237824369081462 5.616629070200102 2.250830006959755 14.606941372137792 4.340318663546251 12.152068120702598 6.006386022881774 5.410552595540217 5.8400129111301835 13.531708081326796 14.838692831188778 2.72715784980779 4.8959306042397115 4.86155367920039 14.799881564185064 6.014623490189643 5.7796106905759785 7.505001480870369 3.8498862149242106 9.31314175202936 12.835672671986158 1.90633225794812 7.0877438968192354 5.433615913867105 13.876453141857255];
euros_km_B=[19.909921754241815 26.58970415924833 24.950357851209294 1.7642019329289234 29.340149875441227 25.261361173977438 17.673946614076346 25.720507675029033 17.125861112183397 28.871796313527447 21.544490095415334 25.36196592118379 12.843445059453215 2.9465263256341188 11.699047854686144 6.084879061179384 18.781192264230782 17.998026051919897 29.11792999274956 2.1866427749213853 15.51489805606182 5.712488752020265 6.531088555698389 9.95602090836641 5.781911886983146 22.178148910327458 2.8872579233876507 12.287213617602642 1.757625726913263 16.7557400193337 3.084019336924296 22.544287986409223 7.7042456289468495 4.304811345165807 16.76581437200676 19.81336350081494 27.55361484976756 19.19845356649404 11.206010049650617 9.349864156399446 7.769054817298218 16.911996131130486 9.450921159733124 10.037488316658186 6.650874624467867 4.332495952697114 27.42704099712756 23.033923124052826 21.635727349232642 14.91565401131851 17.74817383208108 4.716889308768416 11.020933269248046 1.476541371408404 12.097609540161827 7.530906990260998 10.946742390990517 28.520156478188525 6.761809095445269];


nDrivers=57;
max_D=[231 148 188 174 180 216 180 223 224 238 157 150 139 166 179 183 169 158 220 226 146 164 205 193 189 151 219 142 220 148 192 175 176 140 214 162 123 136 204 151 140 156 165 144 151 181 167 205 194 159 124 228 169 155 202 158 129];
        

nServices=62;
S_starting_time=[672 16 661 698 269 321 604 702 622 691 606 108 564 556 419 441 414 59 369 510 320 626 393 271 463 308 119 450 561 406 418 327 56 173 307 593 489 509 317 253 39 267 454 308 431 76 299 167 200 324 558 313 369 602 19 455 46 452 245 516 392 5];
duration_s_min=[88 64 118 109 107 72 60 61 107 72 115 85 112 110 102 69 69 108 103 74 115 90 75 87 102 90 74 91 119 85 97 120 72 110 76 113 72 88 103 118 61 117 68 112 87 65 90 70 82 75 95 87 68 91 116 104 66 85 117 78 90 80];
duration_s_km=[37 51 56 50 40 57 42 39 47 50 46 53 35 34 36 45 38 50 39 48 35 33 55 60 41 54 37 36 40 41 52 46 46 34 31 57 53 42 48 52 38 31 48 34 56 46 31 38 42 36 45 52 60 51 49 41 57 41 52 55 47 38];
num_passangers=[55 81 51 76 56 48 40 75 75 25 53 34 56 48 75 33 28 78 43 49 29 36 97 48 86 51 81 21 27 76 28 98 79 68 67 58 30 28 63 51 48 40 45 63 59 76 31 53 79 80 73 30 100 55 82 73 39 83 20 24 45 95];
BM=250;
CBM=0.500000;
CEM=0.800000;    