nBuses=27;
max_busses=19;
cap_B=[54 127 95 103 129 60 74 53 131 114 63 95 118 87 63 88 77 101 96 111 79 139 70 61 90 73 54];
euros_min_B=[3.9976586035226003 9.57222998271001 13.271586086036727 2.728359483755769 1.0455508043063457 9.30761816374867 4.518083564998788 2.4208107931033744 7.0846885856577835 4.504682891498542 14.900314461599844 9.483441836945476 7.58170106634456 4.067446524850082 12.161830570324568 4.025021988075593 10.451535945273164 5.609829962454683 12.388344119244534 14.012721431782719 12.066499708567552 10.011202743112028 7.253440520012347 1.4995414319076321 13.610962222540046 11.890197444230422 3.147304489122975];
euros_km_B=[9.249913133710725 28.34567329280786 16.908866856749448 8.651025067971263 18.344070977118502 9.200561601099848 16.839683716727524 11.665214208995325 16.53846513251012 13.953472085725044 14.286530744252165 9.210140575032698 23.442628075819364 11.30212015938033 23.531433835289807 18.671193817705113 18.96183207013326 3.383998416119905 8.72931687920198 21.139150408979326 22.988552170347575 21.761095107790876 10.998371718433376 1.9775849703822952 12.647098459711202 20.423383156337767 9.057891562643936];


nDrivers=25;
max_D=[235 145 182 203 231 149 202 195 150 197 216 186 136 190 228 145 223 154 158 132 180 239 134 239 204];
        

nServices=30;
S_starting_time=[436 341 2 245 227 527 390 164 90 438 588 478 551 157 701 535 704 343 625 204 69 463 599 245 581 404 624 687 71 511];
duration_s_min=[116 95 76 88 71 98 95 71 66 106 70 114 98 119 84 94 66 68 79 110 60 98 96 62 80 76 68 115 86 92];
duration_s_km=[41 48 36 58 42 30 42 30 38 40 39 60 43 48 46 34 30 46 30 60 47 32 53 40 59 33 32 55 47 54];
num_passangers=[82 96 68 23 20 66 73 84 81 31 99 68 71 57 40 75 31 61 42 57 62 60 50 20 42 25 41 24 20 91];
BM=250;
CBM=0.500000;
CEM=0.800000;    