nBuses=37;
max_busses=35;
cap_B=[137 71 31 69 28 134 28 100 106 135 48 137 48 126 134 85 21 35 121 125 29 63 104 41 111 123 113 84 23 64 64 93 129 57 118 41 114];
euros_min_B=[11.5512715166754 10.020571742963662 8.730525892332526 11.583443674037287 3.592888430292834 3.1648448896687222 14.560749606459057 2.8751530298810013 12.830747238167698 6.497525829817163 8.415234716910877 5.2626623369345475 8.642401737587113 14.131831489816634 4.345811368084915 1.9204042327673332 8.12102352298574 13.407017241880368 6.317738887956267 10.271438339895685 5.386958077760024 1.7939198018427727 11.934358546723734 12.803319864568802 9.77506448884442 2.2893053207171095 5.653279215539639 13.163470875826858 12.802656120501373 1.6028449204564692 3.542610624467488 11.105381697840588 10.109383929139451 8.81435382419162 3.166402018472245 7.829334706657116 13.13364937164946];
euros_km_B=[19.428564242123397 27.901950327913056 11.11931942454704 14.330961397475827 21.518455830787044 4.820301190456888 29.432736493878494 3.601883447391474 25.783673533231433 25.42609966906633 26.672097083109573 11.973223443086459 29.74686458873088 5.244033617826582 7.712556885789632 15.720914205000462 8.401051550146665 17.62232126792005 22.337522377421983 3.674613987611135 21.367145093106732 9.68749340854045 8.248317662724553 19.877603948239813 18.676962705748906 24.839548786193937 13.635823332249336 27.614465155782813 13.282300158034927 6.729079021531717 2.9605154704345145 4.53468572289804 7.2050827208830555 5.851704664507034 15.163196911814904 20.319096597145737 19.781478323406702];


nDrivers=33;
max_D=[188 181 123 127 210 202 195 211 128 152 181 232 198 141 226 207 198 202 167 139 199 208 125 235 238 140 226 146 161 148 214 236 123];
        

nServices=40;
S_starting_time=[327 92 45 452 14 455 68 335 162 203 193 480 375 149 36 271 580 13 664 512 690 566 258 197 627 702 394 325 30 478 459 90 323 294 245 313 561 523 148 15];
duration_s_min=[90 97 86 91 86 91 93 107 109 89 118 93 94 102 79 119 88 118 78 95 112 76 116 100 75 71 74 74 69 82 66 70 74 107 73 116 88 101 68 95];
duration_s_km=[35 57 56 31 49 34 50 42 58 32 50 59 55 37 44 36 38 58 39 46 55 57 52 40 42 47 47 43 30 50 58 33 55 32 60 54 32 40 35 53];
num_passangers=[80 51 32 31 39 70 41 26 83 79 36 32 82 100 34 95 34 70 69 73 42 26 93 42 70 53 95 89 70 23 44 67 97 88 70 42 94 71 34 42];
BM=250;
CBM=0.500000;
CEM=0.800000;    