nBuses=28;
max_busses=29;
cap_B=[65 60 90 25 111 103 75 34 126 29 69 82 59 49 52 90 127 114 93 63 27 88 48 100 25 22 30 139];
euros_min_B=[14.530730436518638 12.320820112951303 12.072847853979024 6.023411601675871 3.4479932006267218 12.756269389156039 2.144586581369867 10.506051607753163 5.647942386617229 9.273201979138953 8.083389504644696 14.035445146859734 11.095079513767644 13.6856209755026 11.706096475572403 8.580209167031873 14.066699592306321 2.2715122162645036 6.017272675198454 8.609501757829698 7.951640377073644 14.25455898920829 4.817523070919241 5.108241946882064 6.6327924621023175 10.473399393602802 5.829898904437166 11.536628455979194];
euros_km_B=[16.238090824224777 11.221902432737709 3.8209363741188476 17.301632584559105 12.074554280321085 10.685654038931267 6.065616612653092 12.552490263008448 19.36213414152766 5.954644631909527 11.15190976113796 27.511275343143247 23.583338872706175 10.65638102461436 12.003180669972858 29.984728489543826 21.844874462169976 14.59536020675823 23.924444276662957 4.724891492775679 10.71756610046446 3.280766137779632 13.362024141037521 22.756819329562056 15.3452004369565 20.421257297654527 12.148213898247276 14.500033669597723];


nDrivers=24;
max_D=[139 135 184 145 221 227 228 238 201 186 194 188 153 163 121 153 209 237 233 134 206 163 182 224];
        

nServices=30;
S_starting_time=[269 581 18 706 678 158 472 110 276 393 393 646 322 462 348 5 76 606 81 574 280 238 543 30 348 405 467 685 294 553];
duration_s_min=[67 102 103 119 74 82 100 109 115 69 78 68 69 90 75 95 106 107 114 70 88 60 100 102 113 108 112 69 92 60];
duration_s_km=[46 36 30 49 58 35 50 56 55 42 46 50 55 36 48 47 52 46 54 33 45 44 30 31 56 60 40 36 40 39];
num_passangers=[26 62 84 87 43 73 60 75 38 89 73 40 53 50 94 54 34 59 89 29 47 73 59 96 78 36 67 67 78 63];
BM=250;
CBM=0.500000;
CEM=0.800000;    