nBuses=49;
max_busses=37;
cap_B=[77 124 107 97 26 135 116 47 98 101 122 101 22 72 80 70 130 63 132 114 50 139 69 94 105 77 136 75 28 110 36 48 100 62 26 67 140 25 119 133 113 104 104 60 68 22 126 29 23];
euros_min_B=[6.034641090140746 8.265700010148986 13.351328463838913 11.344980406496019 7.784906496257269 13.53589074243349 6.101109242441895 14.290332752387883 14.562129236720665 1.2989596410565711 8.862979167431389 9.810218189871986 9.767617587878371 5.422230183823826 4.160957261686622 7.297649898286947 2.458725511364468 1.5232411734130422 14.573684578110942 8.058336330086698 11.82712849813068 14.780722938555439 3.954771200883713 10.139163422604696 2.823673335399838 10.065542880477853 9.852222835332622 11.246471172208992 11.598759783749607 2.2573367035465477 13.180250926040696 13.979223236107474 9.966691851830266 5.080368189926084 6.781950544382246 4.801119936413766 8.046004709403203 11.654316498931873 4.404708376200341 1.8295565977022665 1.478399325983393 9.947903057285533 2.1874346319237445 2.847057392522921 8.925351951493978 9.181213879833432 4.099592851187243 13.789220739017283 7.033056958528419];
euros_km_B=[13.479700704561782 12.415138059252794 5.632795027185245 2.4374141030958167 1.0685205025110136 4.556254085625576 26.08702109463327 29.376178781534918 10.649000730477347 10.732589534955903 15.523281838647033 3.4400350599680483 28.00207637437024 1.7907261612596534 11.596929110962686 3.52598447579426 6.590524107821326 25.114500311693668 7.0076768398839215 26.23355444461622 5.938402988513223 15.61308802142977 29.959253149342924 17.101526369491125 24.670385214736047 9.706826773518424 12.467484997119177 28.24552876082334 21.57651307763697 2.4444884043198183 16.30564278531201 7.050007383307844 5.595896582692215 11.022005399252295 23.53688826982025 6.910752437864997 10.999526081301157 26.041805451435568 13.783653136236342 5.608956363447555 12.957815388502313 4.998621405716763 12.992482118943844 3.238911070654521 20.392405897352074 24.625546798015726 12.159043391723245 9.963063385234378 17.536865058717094];


nDrivers=44;
max_D=[213 206 138 135 166 205 177 159 215 160 147 208 237 191 129 178 197 168 146 167 146 208 123 153 135 175 211 204 191 131 128 201 175 205 224 216 136 195 169 154 166 228 120 124];
        

nServices=50;
S_starting_time=[208 522 675 669 342 677 248 358 290 572 379 160 181 624 282 418 521 577 233 545 543 463 503 656 693 650 2 541 0 682 434 648 334 76 640 365 353 215 619 675 338 209 157 18 57 398 287 411 666 617];
duration_s_min=[114 118 66 116 82 104 118 90 96 78 67 96 84 71 82 106 74 77 68 63 84 93 62 108 92 74 65 71 111 60 102 110 68 114 69 78 81 75 71 89 110 117 94 106 71 98 82 120 86 77];
duration_s_km=[47 34 58 35 41 49 36 55 33 44 41 38 52 48 34 47 40 39 41 35 38 50 56 52 34 49 31 55 59 50 45 40 38 58 57 56 59 31 38 57 58 45 52 36 52 37 58 49 58 44];
num_passangers=[96 32 45 60 24 92 85 28 67 37 43 77 92 41 50 46 35 98 29 80 87 32 81 31 51 42 94 67 39 56 37 66 89 66 46 59 38 92 62 90 51 39 53 65 69 75 34 64 41 52];
BM=250;
CBM=0.500000;
CEM=0.800000;    