nBuses=55;
max_busses=56;
cap_B=[21 138 84 38 74 43 111 113 101 121 99 61 21 130 65 124 22 97 60 125 82 50 91 90 34 99 81 112 21 35 78 60 139 119 65 108 140 60 140 110 86 115 116 41 119 104 20 54 86 58 93 113 75 128 77];
euros_min_B=[9.389284335109647 7.850345981262144 11.218491812409736 13.68280601174579 11.379614742586094 5.294408981579322 10.324265765944984 8.003298983186994 10.541090197364822 6.883188480121607 7.446140126134905 13.897341682143521 1.3388140320883521 12.63657838961139 14.989662960230582 13.053250012360136 13.765631378065343 5.505098011632736 14.312549724370458 1.7781725640896766 4.70534569042554 3.579935723039112 3.465632573026541 4.910426016473376 6.123082464030232 13.510240595042697 2.4194114226865944 6.795405705893315 12.610312826949576 1.872173734785257 4.154018347260478 2.349498432709467 7.81461533443893 4.7661037621735085 11.933452295736918 14.669324373079291 4.12976449564095 13.71245985321124 13.625005904743443 9.543184733040906 13.143653349129643 2.851586632934798 8.715916564035734 7.022830597924324 2.279180950728511 7.4005334517131764 12.720853436934293 9.567672279503645 6.771040934691147 12.588541722931472 8.678413084960937 9.376650536336427 11.284809623633853 3.1581670996681526 1.617206723496425];
euros_km_B=[19.270989164709842 18.18675602164098 11.005245686042988 7.62622753051804 15.01749921794485 15.64227827527407 3.6026485225956213 22.802810602717624 12.318613665862014 28.07526221180557 25.11097485395237 29.82919931375508 1.038759353337449 23.172893706759723 9.967540043083634 3.4991518530547685 11.819088282055452 4.924760875958679 24.8915821392332 22.773252036260214 9.514278805588958 6.527599477073332 4.690120530979648 19.48606286295311 14.297222503438297 8.700364735003157 13.534511802508604 14.464881634934775 29.147530186813007 20.871412881200598 24.75884199024308 10.722673380482998 9.6933778670195 20.646357219661844 1.5506667768832625 25.316641821361074 11.670323792808745 23.749180799940326 10.428306187388317 22.360236613265908 24.132385936494046 4.452719035288424 19.706324842042115 11.02793814653751 4.372523262048227 3.848649412015007 4.51229754581769 5.1495791457406614 19.854457849340157 2.0743664998581983 7.522330380536827 13.024799111686171 10.899947759294578 17.515414658698738 25.47290176976223];


nDrivers=54;
max_D=[218 240 216 206 129 224 131 178 142 170 191 177 164 206 199 203 129 194 191 153 235 144 186 226 220 205 151 167 134 169 148 144 218 180 178 221 177 192 212 216 232 215 185 165 200 190 120 121 191 210 189 189 132 208];
        

nServices=60;
S_starting_time=[406 620 435 583 223 370 361 695 103 664 53 511 57 711 316 182 471 478 657 339 10 382 206 244 326 524 406 5 202 39 23 282 264 38 37 138 2 171 356 389 72 599 138 354 201 47 433 123 144 172 507 202 476 20 388 542 509 594 393 391];
duration_s_min=[85 103 119 78 101 109 65 67 77 114 60 97 74 90 66 74 86 67 119 79 108 68 82 92 94 87 119 113 104 78 75 69 78 101 72 63 86 85 61 110 86 73 65 76 119 74 119 108 95 71 98 84 95 106 72 83 70 62 74 63];
duration_s_km=[36 34 60 55 49 50 39 49 52 40 58 41 35 42 59 56 33 54 60 42 40 50 50 48 34 34 49 48 46 44 43 43 39 33 55 30 40 60 40 42 50 38 51 46 31 42 50 30 53 40 49 35 34 33 44 49 34 48 31 42];
num_passangers=[68 65 52 98 35 79 57 59 98 97 23 51 43 49 69 36 37 88 30 88 87 48 34 57 97 92 27 30 36 90 28 45 47 35 62 65 89 85 55 81 53 42 45 28 61 38 71 82 36 34 37 39 82 33 92 82 77 32 46 76];
BM=250;
CBM=0.500000;
CEM=0.800000;    