nBuses=30;
max_busses=26;
cap_B=[121 26 109 133 94 121 131 116 135 91 119 128 114 65 74 26 132 73 40 77 48 98 65 65 56 30 97 139 44 76];
euros_min_B=[8.336496179701484 10.285521306594008 5.4898194330520385 6.482062671629281 5.975716895847172 1.9614552887391075 10.200784677176683 11.962844653432747 3.5126442355946477 13.54522642602201 7.786773676275385 7.332412799511339 5.434268497240225 1.489629965063103 8.386400171928543 1.8755463352332686 9.68920540515259 12.304606350470545 13.026221468924517 13.333179365441149 11.293099407763583 10.43527937827127 4.192710988516876 8.587407401514945 9.824764983453736 8.64019798192584 11.221235534786505 6.207787823508803 3.9378213214641615 14.30505497478057];
euros_km_B=[17.90692104934673 10.730894887815554 14.323725638781541 21.06465121634849 19.69927937587546 26.65984455902161 2.711171662548379 3.160718019765964 15.05527424806221 1.4573299438166119 1.341462139208291 7.249607866603022 29.301324361356524 26.026700931845497 19.31892894048004 7.640581672396891 4.991501305393136 15.6054674771002 4.59439720532396 3.1410646375508513 26.227055434944887 11.748475226380046 7.9827218362873475 6.636662168006006 1.7775400225609745 1.310470073410976 5.811354049164322 5.3435621269262565 4.028988425312621 28.602053129325746];


nDrivers=27;
max_D=[159 144 206 205 196 152 139 120 173 218 133 130 216 164 235 134 163 179 236 225 225 133 159 134 239 135 133];
        

nServices=34;
S_starting_time=[661 655 361 339 716 284 417 439 126 277 140 198 103 415 419 95 380 155 714 430 256 616 183 9 396 597 503 681 375 363 270 703 104 96];
duration_s_min=[93 92 109 111 107 109 97 75 111 69 74 110 103 99 110 101 70 115 97 80 119 118 120 107 75 69 112 68 69 91 91 70 81 118];
duration_s_km=[57 52 56 32 48 44 30 58 46 45 31 58 45 40 51 53 53 48 40 37 40 57 54 36 49 30 55 57 35 40 49 33 50 46];
num_passangers=[56 59 76 85 100 33 44 72 63 82 27 73 59 84 71 24 87 28 64 64 64 65 46 69 32 49 29 25 98 92 34 60 68 27];
BM=250;
CBM=0.500000;
CEM=0.800000;    