nBuses=63;
max_busses=51;
cap_B=[132 115 42 75 36 35 134 110 36 99 63 115 53 62 122 49 51 108 105 126 119 50 113 110 81 75 73 82 49 27 136 36 85 131 69 31 122 113 115 75 46 135 127 84 59 121 110 115 117 32 33 115 57 48 65 35 41 53 59 130 63 103 29];
euros_min_B=[5.384727960936614 13.076644780967996 3.065483643385811 7.41580062599885 12.820245557792397 13.767478506168404 2.2361907604890074 9.198955014241736 9.535670843435854 11.308175784818037 6.923666348097301 10.271619588889347 6.309827889483743 7.222913556917181 11.168921492807423 3.2675158646383844 10.279306496111582 5.043609753919961 11.797139848202868 9.752130564955529 14.251644884496152 6.060665959340068 11.272058318662195 8.150083452086921 4.038200286042897 1.635930354198351 2.4211819840424553 12.59222779099117 1.2852395630111144 13.231354688594436 5.593648631635689 11.329402905680043 6.04396936306795 12.852678742414572 4.991643156302552 10.1360105796878 14.784875227842425 10.814759881837245 4.630716315582719 12.535211916983888 5.746765647440644 7.417434575741693 10.488717566255039 4.757830340553906 3.9524564224289236 11.080096875827765 4.722066133872991 11.232780956372501 10.541371338548597 5.61804040031969 10.965069893485722 7.0543029354935705 8.076245147379952 10.656643631351812 2.9863089261222493 5.9243793729116625 3.0389606376772726 6.737755451754543 9.542789002320134 14.103160519508396 2.4293532049620943 5.986345920629213 12.410918578500574];
euros_km_B=[3.2379954400185023 10.89844221654841 4.459365117327353 17.87191034900378 13.291764284269172 25.41950779216463 6.73605578057055 28.231486307861626 4.260264394121584 12.04726429176265 20.833704003332596 9.455098017752642 22.840717561612944 8.16518169621311 6.317270634442508 21.852983090796297 11.735119633247296 10.803406481227272 2.3682644040908154 24.365964997840628 20.335772942652337 21.412364004276068 16.615341718533948 17.0804386995331 21.942980112197723 19.98645391242945 8.910502393047171 15.118335972066562 10.661496468380085 27.759612349399138 28.29282560973222 12.825500764283895 16.780178496804808 10.050717111556851 19.69205951357827 8.774367480288912 23.623505902614355 4.5529246833511525 26.24032324818598 4.551438387796059 13.86187882559664 5.1545006548474195 2.2791153404242035 6.713286236727395 22.36732393531224 18.83969572931989 3.979977498095344 14.859341963765015 3.63567865127194 13.707051435998885 27.338009154803338 13.17709901356019 28.825415864903636 9.188230534618528 22.53196687700669 18.854026354862466 4.136912036690433 12.248284266594144 26.545278442806055 12.380971504694172 18.758395863722964 6.23420861252991 8.109030460234445];


nDrivers=59;
max_D=[226 208 217 162 178 142 149 141 123 123 164 207 225 211 182 178 221 225 130 225 177 237 237 217 177 186 182 122 152 141 197 151 182 190 120 136 228 207 222 189 146 172 211 151 166 218 188 202 154 187 153 140 135 232 236 224 184 211 133];
        

nServices=66;
S_starting_time=[460 532 397 51 528 174 16 107 21 206 243 651 637 99 189 10 578 673 211 443 255 289 528 371 311 453 143 123 646 161 489 53 656 219 298 398 594 72 258 137 206 529 284 186 498 489 335 720 423 707 688 710 253 188 607 261 463 93 321 512 115 645 483 323 517 272];
duration_s_min=[96 107 101 99 106 112 92 69 73 83 70 87 61 67 94 73 119 92 79 66 74 106 83 93 106 81 113 61 114 67 104 81 116 108 109 109 66 111 61 98 63 93 111 115 89 115 117 93 95 65 96 78 79 71 95 79 85 96 98 62 66 80 69 98 75 117];
duration_s_km=[56 45 52 54 39 44 50 52 57 48 57 58 32 51 43 55 56 58 30 57 46 37 39 49 48 46 40 56 53 59 58 53 33 42 48 43 38 34 59 53 54 55 50 57 48 56 31 30 52 39 48 45 40 31 50 47 32 55 58 59 39 37 51 58 52 55];
num_passangers=[38 45 65 53 51 63 36 69 54 23 96 75 99 33 92 26 94 61 62 56 50 49 66 34 42 35 20 37 64 60 69 46 56 24 78 75 90 86 23 52 85 22 46 35 52 50 54 43 26 48 93 83 54 22 58 86 58 34 84 61 24 92 48 21 46 53];
BM=250;
CBM=0.500000;
CEM=0.800000;    