nBuses=49;
max_busses=46;
cap_B=[107 43 74 118 74 59 30 63 33 86 51 93 75 80 37 84 68 120 41 75 69 127 26 53 140 46 140 119 94 87 57 64 39 118 95 120 125 63 39 28 122 112 106 136 82 49 127 48 90];
euros_min_B=[3.76383647661851 14.616696175010636 10.303379451758815 5.16638940765965 7.10237052326282 12.026604179356696 12.14999390118838 4.645146214707287 9.476482693732715 14.779807348844821 1.2557700019290965 3.729692470080657 13.891853135434278 7.385334316691962 10.546052465473174 2.581052525515716 10.314705567286554 6.24334179056886 6.911246577812474 4.089381564007672 13.336811959829983 3.8034699266578103 14.167278975959324 7.159386626238159 12.65324662650255 11.57972485391355 11.61144939262407 12.322304732434434 1.9363331076059003 7.604500915600653 6.419500429447107 6.350835950804033 1.0111295388934844 1.076297246900558 12.216574660224326 4.459779997684255 11.46666167734833 6.324797503177447 7.037371641378626 11.712916451172829 14.726967422750532 5.227696235606324 11.464547964728153 10.183108904435471 6.728800562752384 4.765375588602473 6.152827110399206 12.141711570200043 13.28765092750873];
euros_km_B=[14.311094074596406 24.325049422863167 24.007440197618564 24.179715841630337 18.180033560845306 6.039764943170832 25.509051712923753 25.137260212960864 17.43960101304097 5.467203786672904 29.66500445562377 3.2243458274210264 28.740849973421955 2.476921546743711 9.19568764402563 2.4439255928889145 19.68326294735875 26.598513705780324 20.185274158251012 27.927462623017924 14.85516133167376 1.5523566554983712 6.033339723480465 20.081282586879738 14.38991000294627 14.6948611519367 15.331397430756969 8.493333605636282 21.220593566132443 29.15516946389464 24.44874539973864 19.976048056833754 16.163259808385867 26.42978103163209 29.556714613430678 24.30737741779767 13.125184422524232 5.567991355538441 16.79938724988584 25.824159684669034 7.4126717490315155 23.067635685429853 13.752196205539875 22.67644737083978 4.8223033778623945 10.856832500030448 22.22205280768098 1.0547473540052454 10.926447352925425];


nDrivers=52;
max_D=[146 183 205 234 232 232 137 206 161 133 161 126 172 139 202 150 231 157 227 229 126 124 222 176 223 170 132 173 172 188 234 157 171 168 203 149 178 136 127 165 214 172 219 212 149 232 212 197 165 188 178 181];
        

nServices=53;
S_starting_time=[522 666 676 620 606 434 171 694 297 212 248 261 299 292 87 544 55 469 249 376 376 586 468 350 107 676 209 433 21 689 691 495 689 673 361 661 279 205 560 376 331 132 635 329 422 442 581 286 342 66 677 136 219];
duration_s_min=[79 101 74 82 67 84 76 109 103 73 120 116 69 100 101 65 60 100 108 82 118 105 116 87 79 66 110 119 67 109 119 107 94 93 97 71 89 62 67 65 83 100 97 99 70 73 66 87 97 115 113 98 113];
duration_s_km=[58 41 58 44 37 60 57 55 51 44 42 45 31 49 59 58 37 59 48 42 36 40 45 48 30 37 30 34 35 56 51 59 30 52 43 38 49 51 48 55 60 33 34 47 52 30 59 52 38 34 53 32 56];
num_passangers=[86 28 40 22 32 24 89 28 78 47 75 63 73 93 63 27 32 52 27 95 100 93 35 35 85 53 56 22 50 92 61 49 28 91 29 31 45 47 36 48 41 31 92 74 77 53 60 41 92 25 29 95 73];
BM=250;
CBM=0.500000;
CEM=0.800000;    