nBuses=32;
max_busses=24;
cap_B=[33 29 64 47 102 98 36 138 53 47 28 40 132 48 57 102 80 32 55 67 43 93 93 138 114 115 99 121 140 80 25 52];
euros_min_B=[5.674716976037994 13.6911476834108 10.832091505287222 10.509461950886958 14.3673008855628 14.052090017126615 8.163925880593519 13.667061270023533 1.8616965879938785 8.040777242880482 11.97456695807547 13.090323252281266 7.128573749437158 11.990166645069738 4.819266718111184 2.9653992020327262 9.601981769406489 13.511302076812306 9.01592256177655 14.661637374440359 13.541606498373039 9.231279058639418 14.717008444472324 8.84813336961086 9.385816412917768 6.7484903379052525 4.2839935505792965 2.2341570302948233 12.825514033468238 2.865611149646038 3.0573303718168434 4.351450648973325];
euros_km_B=[13.948595301048067 19.68834678450311 18.456773248651917 21.34632710309019 1.057530491197336 16.012400510312474 29.46815346437826 7.729650754739138 7.969167757200264 19.62073402526188 25.492327941373173 8.668182867997224 22.09419967127532 16.913842695016054 6.147761371027394 14.289568099194677 5.324181860847293 13.957132187611432 11.453607486038868 19.95355148157371 20.456964381919335 24.768659469374647 16.831109787813748 17.064090819344134 13.132786399209468 29.758627533547653 7.34803020479264 22.450300754727024 10.733861759281424 6.648413009037564 19.97112497931388 25.078432283527558];


nDrivers=37;
max_D=[152 200 198 191 219 238 176 132 178 124 181 184 136 164 145 228 225 164 125 151 164 173 202 192 181 195 157 210 154 175 151 223 219 133 177 166 214];
        

nServices=38;
S_starting_time=[205 156 526 306 104 24 378 509 81 636 207 41 74 200 579 254 269 431 626 642 91 390 201 102 454 275 373 87 288 17 492 633 252 131 121 371 419 7];
duration_s_min=[105 117 68 81 116 113 78 80 105 91 89 106 86 71 90 116 64 68 81 95 120 92 103 73 88 104 116 113 106 84 100 89 95 61 101 81 87 106];
duration_s_km=[31 54 60 41 56 49 42 60 31 32 33 45 44 45 37 32 56 40 33 39 57 43 30 32 54 43 58 58 49 48 32 32 58 40 52 33 55 43];
num_passangers=[56 38 65 40 38 98 94 32 96 78 33 54 50 67 20 31 59 48 91 89 67 45 77 85 36 38 76 41 94 40 94 22 61 61 47 48 34 21];
BM=250;
CBM=0.500000;
CEM=0.800000;    