nBuses=29;
max_busses=24;
cap_B=[22 113 78 28 28 87 51 127 43 75 122 119 94 72 71 94 131 47 122 110 134 68 117 110 63 33 108 64 39];
euros_min_B=[12.736303816676388 1.634952694945003 7.7691549183890825 11.408858974281815 6.487004682685681 12.261071363511643 6.204381762633817 10.958843953905244 1.5656026928591065 9.368561001474704 11.798640086924786 14.197963149024055 4.654316490729294 1.4757866547166487 11.036475181227884 1.804592273340358 7.077482934598454 6.0389069922048195 9.943063578404411 13.06524231644371 7.54777710290656 14.858838369982884 8.111703201136375 3.1022697104275547 4.624151445985154 1.2701105813536702 12.898004124752905 6.291474033599344 5.109166928551069];
euros_km_B=[8.542244526122088 20.097697243501045 21.21949015487608 15.416409081018337 29.693086099741425 21.968933053348163 19.012283952612265 29.249711858683018 25.484512578848005 27.8698124302977 17.877091195516307 18.760469459335873 5.235173168864403 9.442118453901271 1.6965952125858361 28.66828980546223 12.472933631185647 3.48793964513286 18.41436806635873 15.236774349268707 25.49075817190933 4.495580144990594 8.359840823817585 15.871481029740405 22.087536705147368 15.593858062210455 17.79617074405551 3.5462259135024556 23.824708326125723];


nDrivers=30;
max_D=[154 183 139 215 143 135 143 135 206 199 176 133 224 185 183 173 200 140 201 167 223 192 130 238 153 210 232 231 213 132];
        

nServices=31;
S_starting_time=[158 123 694 710 259 710 183 507 9 0 514 344 523 246 500 656 23 540 535 684 173 355 466 147 390 384 595 119 46 281 646];
duration_s_min=[83 88 94 94 75 61 77 75 62 60 86 82 107 90 119 88 116 80 118 71 103 106 70 76 79 91 116 81 67 116 84];
duration_s_km=[32 57 36 34 40 31 50 59 37 56 44 36 55 45 44 56 42 46 36 60 58 34 48 33 50 58 43 56 33 56 48];
num_passangers=[60 79 85 55 27 56 74 30 97 48 50 80 74 78 77 97 90 20 22 51 44 66 33 57 93 50 25 65 95 97 87];
BM=250;
CBM=0.500000;
CEM=0.800000;    