nBuses=10;
max_busses=6;
cap_B=[35 40 44 37 41 49 46 30 22 48];
euros_min_B=[2 1 2 2 3 1 1 1 2 3];
euros_km_B=[21 25 12 17 12 21 21 16 29 23];


nDrivers=10;
max_D=[240 240 240 240 240 240 240 240 240 240];
        

nServices=28;
S_starting_time=[509 248 551 570 100 193 622 65 707 232 444 453 276 592 639 437 690 528 376 366 809 229 140 251 530 242 431 400];
duration_s_min=[66 62 48 39 60 62 31 62 75 54 45 78 46 72 89 88 83 31 39 72 88 32 68 24 30 53 73 31];
duration_s_km=[14 17 15 11 15 11 16 19 20 15 11 14 19 11 11 18 12 14 18 10 20 12 14 15 10 20 17 17];
num_passangers=[30 12 31 21 17 29 39 35 10 35 39 14 27 31 25 36 28 37 10 25 35 36 35 30 30 26 34 22];
BM=30;
CBM=0.500000;
CEM=0.800000;    