nBuses=28;
max_busses=19;
cap_B=[94 100 83 133 96 95 33 103 71 91 91 120 132 34 70 72 23 26 46 28 56 94 97 127 49 102 50 104];
euros_min_B=[1.2078630864961015 9.006925361719382 7.201508152176482 5.063753710977389 12.867416733470469 6.450171079935982 10.710966740999634 14.095286124752707 14.177645134751751 14.937644006293251 3.0257493081981703 8.786099607578361 3.80371731780369 3.71037725287682 2.9516687336583174 13.617610597246333 11.766175297228902 8.752544247360152 5.466801218145129 12.722578274069056 2.1546342362189037 10.301056810060373 3.154081684348715 9.527757773337962 6.159935782687628 8.378881384251471 4.74333626831128 2.271251955107133];
euros_km_B=[9.252782788518234 15.350623099711633 7.393184954179475 9.157355930790418 17.405099105974497 6.624117412222807 7.4386450055682225 6.917859834253737 19.131433204256876 27.178948180254658 1.0967501360534397 20.58864977771422 2.4999359854962733 6.5550574070251075 5.239487120138488 7.280627213574697 17.546525299225873 9.353228546857899 3.7822595543394666 19.373721214861405 8.62111323653377 13.752999951905629 13.274555307055895 16.82322729228055 14.386285875616998 22.166525012985137 29.192775580781344 7.7186245930944315];


nDrivers=26;
max_D=[196 237 213 239 208 231 240 148 200 172 141 216 138 173 185 230 231 216 231 191 196 196 134 217 169 166];
        

nServices=31;
S_starting_time=[249 361 35 441 537 423 360 192 437 237 640 396 146 182 716 669 557 53 57 444 620 240 540 581 564 167 549 202 619 683 626];
duration_s_min=[70 79 108 68 120 118 113 66 105 90 114 117 86 110 111 71 84 91 79 70 74 90 89 100 77 93 60 69 69 111 100];
duration_s_km=[58 54 48 53 56 33 35 46 30 42 60 38 50 56 54 34 52 48 52 30 59 58 39 39 53 49 48 50 49 32 42];
num_passangers=[42 43 34 67 56 50 32 78 23 33 21 81 36 20 98 79 28 50 24 92 70 20 44 81 77 43 62 94 42 55 46];
BM=250;
CBM=0.500000;
CEM=0.800000;    