nBuses=60;
max_busses=59;
cap_B=[111 45 35 68 81 74 130 22 83 118 129 32 55 80 86 59 94 34 129 96 38 61 122 38 51 53 68 116 103 24 67 55 85 85 89 116 70 34 124 113 27 110 124 41 72 76 98 129 56 123 138 70 112 114 109 108 37 132 47 137];
euros_min_B=[5.540179023455587 5.644555468065114 12.374595180362773 12.47772568021189 13.861946053616073 6.700414220310059 3.5138101473426815 14.423082308360005 8.671416110202745 14.928664231120989 9.177971885514145 4.43817102650859 14.893726236629314 2.1560618210446285 1.8860611040445407 5.711542726949681 12.417436553554039 9.684438805101106 5.1280906782110485 8.979055445294563 11.791470296097799 10.96106668068687 7.727041045964498 3.4553117847388295 4.25462712140556 11.564678478969416 5.999046274766515 3.653963934099668 6.7019707837899185 13.072520782217023 8.659662167223358 10.865934348362954 6.577380988150757 8.826458086734672 7.043908264908135 13.86500992414654 7.225644563471128 2.025501014105542 3.4004969875494915 6.252014877091653 1.641383023933394 3.1682559064446454 7.199759971135496 2.327051220493982 13.034560872201634 8.39387123707584 7.188553526482021 8.672406818454164 4.869037753920227 9.897861168079265 1.415865351697387 4.343640007523305 6.829648884514652 14.126597915447793 11.218465480259269 14.397109262333739 14.08692853003404 6.9400034210684405 11.845445398761669 11.729180259843933];
euros_km_B=[13.86227093710618 16.298155565421148 18.96414416353744 13.201199388426007 28.92839160852665 26.019959302085496 29.669148199855446 5.995805732278545 12.152846647995828 25.06645040772933 12.608527973795761 1.4796115359513449 3.8475563113154974 5.750342333296968 15.879395361767312 18.432646496273293 15.021540954233123 18.83410319077574 9.984282773068024 14.920607789017783 23.7197644946314 18.37350972497114 17.3021308146639 22.05172328079907 9.203651326391652 5.464954959190519 3.464365638570902 29.18921303316769 24.10629352535032 27.641828082721585 23.390934828988403 3.8366715100018842 24.490187380739016 28.12206528403422 6.528290715094056 14.723063545300024 12.808221094614531 19.777740151231676 20.352280382324903 3.3393178522793674 27.561990649914232 9.015437045704584 9.622969921162602 22.803939907958156 6.808049800486669 29.575988524495475 4.746828438047003 6.7623114050663125 5.218135283051884 18.19245642287405 19.226819439587004 14.27980011220836 23.674085327560167 14.397395819140037 25.50900691838596 19.642976530388506 9.43510498216314 18.686350983245994 24.456776598186607 11.722797634782973];


nDrivers=61;
max_D=[203 125 203 167 196 131 187 173 210 178 191 238 148 202 144 132 136 228 232 153 184 179 189 214 141 191 178 221 133 212 214 225 232 188 181 206 224 214 199 182 195 159 239 237 171 192 215 224 177 168 161 127 150 206 193 173 134 166 230 237 211];
        

nServices=62;
S_starting_time=[24 18 235 289 690 566 86 366 374 360 565 528 470 168 90 315 542 247 682 713 531 558 456 207 348 317 128 167 629 324 302 654 322 240 479 94 12 549 142 3 368 139 520 82 387 10 271 321 363 302 349 696 373 127 88 362 345 640 63 501 626 502];
duration_s_min=[77 108 114 120 113 74 79 96 93 68 66 72 91 78 111 74 99 77 113 113 120 95 90 80 110 84 65 68 93 67 77 73 80 64 93 107 73 103 117 79 61 71 77 68 107 67 96 108 94 99 109 96 73 88 84 99 111 86 74 63 66 76];
duration_s_km=[47 41 30 32 49 52 60 38 31 37 50 47 38 31 47 31 31 35 59 48 57 51 37 57 40 59 44 44 59 35 48 48 43 36 56 39 46 31 60 31 46 38 33 48 41 39 47 45 34 30 48 37 31 34 47 55 53 31 38 47 58 59];
num_passangers=[35 74 71 83 64 45 38 88 83 83 47 22 51 87 58 65 93 78 25 53 68 66 58 89 69 25 51 47 100 92 47 68 31 52 24 33 61 32 63 79 63 32 42 97 29 44 43 60 72 37 32 89 96 74 48 71 59 86 33 81 52 96];
BM=250;
CBM=0.500000;
CEM=0.800000;    