nBuses=47;
max_busses=43;
cap_B=[96 117 120 88 29 118 116 41 104 116 124 105 79 38 115 128 49 37 77 134 43 132 127 46 75 63 32 50 38 107 96 60 91 26 120 44 72 105 31 114 52 102 135 47 121 50 64];
euros_min_B=[2.1761593565903388 1.2699204314918153 5.281031620522683 7.547934376338101 8.033945509918295 13.383981554263174 6.670720279474114 6.608903686573665 3.8070189355830877 11.34199843749282 2.9462572034240426 6.532585558550266 11.134702372950082 1.786499868931276 10.264310272584666 11.577689137583365 12.552741299615542 7.56734658284004 5.337567234586642 13.789679235146581 3.041623611278874 9.018314909926254 7.3288430175608 6.51980895021069 14.506372527274213 6.612213585951773 5.187051272817101 7.643691748589179 11.564935206812144 1.3410317447023288 14.932685248996616 1.0545774993704946 12.713421543326934 8.918159634125061 4.200477330238141 6.824740113809947 5.048797918809862 10.281342019772286 2.97960715152857 12.718540609571415 13.856768726276641 2.652738000327638 8.123866598624101 9.435975023917345 6.7324324259801065 14.267464520796684 7.371026223449957];
euros_km_B=[14.255354472342809 10.754603121433053 11.326112501404305 5.926959551526722 12.583745196725243 21.92090006311274 17.552796662146466 22.49876220952621 22.157246629881207 14.281984873044808 23.589565022921036 21.46671148489949 20.69858858646901 21.309186092758875 29.490721303243458 6.893819982901267 7.378165146928836 27.463116656269072 9.558809971770469 17.010486958229112 4.776601166642633 7.918036248054408 24.553749628607957 21.16407294417001 11.792169467360653 21.813037905049484 3.8418230276953933 5.9116657696411545 4.937527561584193 5.3646741182611 24.716419599365935 21.619889283911412 22.863235164297123 8.738775024426419 28.73063198426593 11.739602268494615 7.130127710236135 10.63994950400498 24.80505503343933 4.139151098189628 21.75119595352208 14.754426193005779 26.59058386969145 22.625519166216144 5.928510769753963 18.35517885277777 17.183671876911692];


nDrivers=46;
max_D=[157 170 178 205 207 215 177 179 148 194 123 140 127 165 159 166 232 179 120 215 209 132 145 213 218 164 133 125 191 201 203 193 210 211 216 217 228 209 157 232 240 233 156 214 192 235];
        

nServices=49;
S_starting_time=[462 213 257 437 558 673 59 284 693 47 550 193 132 202 195 293 500 394 587 462 424 335 531 652 232 185 437 250 486 632 188 570 21 427 688 4 458 494 652 484 59 521 159 341 61 396 194 195 322];
duration_s_min=[85 78 95 90 113 110 115 95 77 69 75 61 108 90 69 76 61 77 66 117 68 103 116 61 99 120 100 110 89 108 93 69 92 120 71 108 66 100 113 66 118 97 78 94 119 102 77 61 105];
duration_s_km=[52 32 35 36 39 60 36 34 41 30 52 33 42 35 31 33 56 45 36 36 31 41 57 34 56 42 45 51 37 55 49 47 52 60 46 49 32 49 45 39 37 47 60 43 48 56 42 49 57];
num_passangers=[30 71 96 76 81 64 32 87 79 74 24 78 51 27 33 46 34 51 40 43 95 46 92 48 70 50 28 71 59 51 80 59 40 67 62 86 84 100 34 97 56 94 87 83 27 93 32 57 36];
BM=250;
CBM=0.500000;
CEM=0.800000;    