nBuses=42;
max_busses=40;
cap_B=[135 133 40 87 95 21 104 43 30 120 107 102 69 23 81 131 20 63 60 40 49 73 84 140 69 53 65 37 47 100 82 54 95 41 26 65 41 105 90 134 79 103];
euros_min_B=[7.004214899387115 7.824344293634542 7.129345389081262 1.3026447930062333 7.7037061080485465 1.5580746261247345 5.217141288666748 10.082136473496968 1.9622390463507693 1.7602257933628573 14.177483711790082 14.607884241203823 1.0198930833950552 10.277525285944384 3.0292284872984663 5.055254284545638 2.6388733221690477 5.609292307585586 13.308514622438196 2.3958480532716484 8.598138721484668 13.418760220252928 8.777665110140617 6.616470826175726 2.9811736430652496 9.548076024270205 3.893304854198342 3.0485363400850307 7.341605125942074 8.150177811784907 14.807452412339481 9.65963610127279 14.86545189603214 7.345401110841243 3.029606729907939 1.9021312291219021 14.277138195707897 12.534567085870913 3.9504723931655654 5.5843129408106105 11.248296274495733 1.360310542438769];
euros_km_B=[20.26662794234688 4.557082643230815 7.55581617449238 9.819119723993609 26.306462090525 9.676853587321158 14.334858794575048 16.02869468887713 28.182846567900587 26.661463997451072 2.289006235452881 23.85714667616322 1.595900123306071 20.124418755984554 16.788396634934806 14.6161305244541 5.0591941575577435 25.597155739450603 17.52611242111237 22.132154027808784 23.968586323950156 4.275831356734832 9.86975265623472 16.782574995491757 12.443877642363649 13.536477371047752 1.0540845697782388 23.759302753983714 28.155120260052758 10.334341128968804 21.686455487495035 12.964557024668308 28.910597285698287 14.360980873254244 18.36938089555642 29.780230974601828 4.06179362486726 10.051552557873574 5.4715928152409505 5.86925296329346 5.680199485336665 14.459690549455482];


nDrivers=45;
max_D=[141 133 172 193 236 238 195 235 206 192 225 155 134 217 237 184 234 192 147 236 183 153 236 154 146 166 151 227 177 210 207 127 156 147 129 217 151 164 150 133 145 143 151 197 174];
        

nServices=47;
S_starting_time=[215 176 321 523 249 598 666 350 214 231 575 71 558 302 376 338 351 146 294 65 665 599 425 585 430 294 12 309 146 195 296 711 235 427 469 475 431 493 496 416 389 200 429 335 2 37 522];
duration_s_min=[70 110 103 120 65 80 63 75 105 71 84 101 120 80 111 79 76 61 97 111 75 87 70 101 76 86 62 93 95 107 61 101 87 98 60 80 77 86 98 113 75 92 82 112 72 94 80];
duration_s_km=[59 58 57 34 58 36 44 55 53 32 41 49 60 32 52 34 44 55 31 51 40 59 57 34 43 55 36 54 37 51 45 44 39 55 38 39 56 49 47 39 34 47 58 37 44 39 45];
num_passangers=[75 65 46 93 65 28 29 71 63 100 93 42 58 27 42 27 28 46 62 58 81 33 78 56 52 48 37 98 82 57 68 94 27 98 87 66 85 42 20 89 51 72 38 95 56 24 62];
BM=250;
CBM=0.500000;
CEM=0.800000;    