nBuses=35;
max_busses=32;
cap_B=[139 25 94 129 124 85 34 31 91 35 90 62 108 45 90 54 108 23 49 75 37 54 64 58 99 53 95 59 135 137 45 130 42 91 111];
euros_min_B=[14.932299375081294 14.478437179958254 10.198589784117221 3.8432143989191845 3.5688226480970995 7.387313076428448 12.282154703200572 10.040346185652572 2.959035935570863 7.879988619210068 7.186584602415685 6.15836557021003 11.909251905162794 1.9648202447317307 11.47057552292879 2.147616957589735 14.260736480841793 12.328008767764306 14.612283328839757 10.900462956074007 8.155929646991815 2.7249113360386947 12.503068343363427 6.67317629570254 11.254752705741607 8.674232122924312 4.703524879295038 3.6508797307436893 11.729205701221234 14.044488741787768 5.629958926663438 6.5309287082838114 4.582328120000958 10.549599070547238 3.3039127024893897];
euros_km_B=[25.654386699480842 24.33855827700564 23.50559599498435 26.628322934904027 17.076108087900465 12.326140253587377 5.897009755421827 21.98472129019305 3.875835653352665 4.00506867664674 12.657378051949241 18.630270245794883 22.610623083842334 27.66887818877406 17.784206304313994 16.34132947117933 14.094033106038337 15.039054152587896 22.191192723987132 4.919888186571523 27.95336138887678 16.82657724434105 6.844040545650803 21.41512215322648 29.72035577240115 4.561426778353676 26.82290454540899 16.95881373492686 24.113892774719126 9.286909066483085 21.28903228829483 6.45696975464151 14.112434163311942 28.743561550351117 1.1876668751673276];


nDrivers=38;
max_D=[163 141 123 174 226 161 136 193 216 176 219 217 142 193 217 123 142 128 239 133 152 203 131 186 215 208 144 146 208 176 178 213 147 225 226 172 170 186];
        

nServices=41;
S_starting_time=[411 570 695 554 507 144 346 318 411 120 278 456 406 242 468 623 9 605 179 157 6 385 134 464 464 574 311 288 297 251 395 87 90 368 508 480 140 684 524 141 448];
duration_s_min=[64 115 79 73 87 110 66 111 77 74 114 71 101 96 117 116 113 84 73 110 77 61 101 92 90 69 61 62 81 69 61 81 75 66 99 91 82 98 74 116 111];
duration_s_km=[52 30 33 32 54 47 55 40 56 33 37 47 53 54 37 38 52 49 34 46 55 44 43 59 41 36 52 54 60 50 49 56 51 41 51 38 56 55 50 41 37];
num_passangers=[64 64 80 70 72 29 80 74 90 45 44 77 97 55 86 31 35 96 85 99 42 30 52 69 40 28 43 88 83 57 52 98 26 40 63 78 55 56 59 75 50];
BM=250;
CBM=0.500000;
CEM=0.800000;    