nBuses=22;
max_busses=27;
cap_B=[109 62 93 26 99 34 20 140 50 66 31 23 37 52 131 85 128 52 43 73 74 24];
euros_min_B=[11.026384407917753 3.6996881117378413 3.0211203226269063 12.684933004305352 7.287771397884268 7.881740200579245 4.639513042264846 4.510394800993322 1.3218050469220661 11.892487254012336 6.139343706676753 2.0132135202631263 1.2511407706848134 10.371029771038305 1.5630189030039656 5.114353544915185 13.600055902427425 5.2505764188535915 1.2834233673088018 12.80838796990254 14.555066556807912 3.2921888450939956];
euros_km_B=[1.368783920805909 25.346568277666076 5.519532385032412 18.92575400492051 10.040743059557679 12.105061449986923 27.07797622138538 18.875389873296147 12.657860896704685 24.25185273727739 5.925901393835185 22.004834208948076 17.30545174500351 16.042163288390558 19.057369354721608 1.2479194148142247 25.34911171894786 6.7364934000156955 15.13756067210517 16.366962626201584 14.303032217095641 19.944267103134024];


nDrivers=27;
max_D=[191 230 235 215 123 154 143 159 233 146 220 129 158 171 219 142 147 174 175 141 136 159 219 172 183 133 196];
        

nServices=28;
S_starting_time=[25 103 81 360 94 45 242 69 630 718 15 69 260 577 583 98 18 490 9 495 83 400 382 377 613 215 23 45];
duration_s_min=[84 97 64 98 94 96 103 72 114 111 88 90 64 61 86 91 62 87 112 81 77 64 64 75 88 114 77 67];
duration_s_km=[40 56 47 36 32 42 56 58 52 40 34 42 31 33 30 30 33 48 45 60 59 58 37 30 50 49 60 30];
num_passangers=[92 52 50 30 45 68 33 58 68 39 88 54 23 64 23 85 43 49 29 88 80 32 22 20 28 66 20 43];
BM=250;
CBM=0.500000;
CEM=0.800000;    