nBuses=17;
max_busses=17;
cap_B=[138 47 119 77 95 68 68 42 30 104 55 93 54 51 100 24 81];
euros_min_B=[10.515930040518732 6.523093030818615 14.206470006569102 2.2504487893539684 9.03492563625338 5.15614231740786 6.677342784834592 7.4180261358620605 4.18124633917365 8.9197530704643 5.381855715442208 11.801427747710772 12.916598050453581 7.931917680953266 13.368681016675222 4.951836332573368 2.5626323045255854];
euros_km_B=[24.99686625996872 12.797516951723885 2.145015654456805 3.10679036644591 12.006356357050365 14.901931978374238 18.45028718648334 28.46589699474372 26.874193355896 13.354900730936704 11.578078813044447 28.966307564741165 17.927055207469344 16.547832463984676 5.936012989005828 29.698387921333207 8.515387834705134];


nDrivers=16;
max_D=[156 234 183 216 211 168 198 202 138 132 223 151 193 171 178 164];
        

nServices=21;
S_starting_time=[370 704 301 364 540 193 353 347 27 494 579 515 321 606 632 661 109 436 42 653 291];
duration_s_min=[100 117 76 63 88 75 93 88 114 65 119 80 63 83 76 79 102 97 88 90 89];
duration_s_km=[43 58 45 44 44 32 46 46 57 33 38 52 49 54 46 48 53 39 30 54 39];
num_passangers=[65 97 75 65 31 95 27 92 45 42 23 73 81 52 46 87 77 71 50 37 80];
BM=250;
CBM=0.500000;
CEM=0.800000;    