nBuses=62;
max_busses=61;
cap_B=[97 89 72 37 90 138 107 41 97 124 72 129 88 72 40 99 89 97 49 75 56 104 92 135 77 61 105 140 95 116 104 125 125 82 129 48 67 42 43 38 74 80 76 23 119 123 63 129 116 29 103 96 93 110 92 26 36 77 122 42 105 38];
euros_min_B=[3.442835643464078 10.90340694715648 7.719746727409334 10.196180807604232 11.178444071975598 12.853372860979103 10.846085762361396 13.707839857382329 5.134844753818612 12.690623851134964 1.845979706549906 1.758618397372598 6.109545112426272 13.5722056362547 5.966720558139046 1.7800085434402753 10.301628437815523 14.571960033237493 13.475540876798137 8.642388750871532 12.98407712004812 1.5869154973681439 1.4796811949613902 3.768797967198839 3.51382480716986 7.27259710452535 2.512375565211416 12.719916936112686 13.732176218098877 8.342013058256335 9.98753747984705 4.784228083176579 2.668287947417788 13.483755812036854 13.86244584463871 11.289099243117144 9.985084496655805 2.270732816857132 3.473763572776088 5.187489049161165 13.743442261402457 3.210310734816334 10.665083911085137 13.30799846127983 4.15857740418485 9.217742870314472 2.6585641842909222 4.899444201760547 6.840499679027846 10.524623783390343 11.951533210323404 12.881427961950674 1.122666667252019 1.0898951081103379 14.585925140787145 14.486525288593679 12.475375107246343 5.1643748199083195 3.912481020551082 9.106848068436829 2.483156615372369 4.921076444911466];
euros_km_B=[9.951090878801887 9.023662721903628 15.536019261905492 24.997953300908108 11.182021844871134 7.74915579871425 1.7603765407992489 29.396991113383724 14.057955426669341 21.800161665987364 23.007576303119695 29.081300228390596 6.542126242656776 18.13063000556874 25.90864430177459 5.796965106529564 2.646639459012275 21.61289441699543 19.170674079526865 9.311546721849735 14.965584374949065 13.949508415257549 1.7446643193276716 29.32458176965752 2.7419129112686416 28.863819579916754 5.020711351459004 10.84990197565327 2.0224545805188687 7.7024722955426235 4.3107233035236225 27.591708914432314 7.070495622512381 1.8190695262492964 19.958726850859158 16.606880879655257 21.849496463722065 13.229865276793575 14.057655134291991 22.306869825968576 26.349171752375323 22.466431281670392 21.128436624063056 1.0732497659573088 23.53214851764109 3.3569628818786903 14.034297612128787 17.779144427415435 2.3442259235928367 23.502980433097253 10.707296213505568 28.23704277119968 24.878850600700268 7.3214359320306315 14.58372467796039 8.572954409545616 13.47072262562931 10.199420485868718 24.63270744477626 20.018659974899546 2.8519446135971176 17.540910369382086];


nDrivers=64;
max_D=[200 156 211 189 140 184 130 180 237 227 173 199 128 222 192 215 169 134 194 176 126 203 211 175 166 205 122 212 151 240 173 134 136 218 232 148 124 189 135 213 193 142 187 201 123 167 189 236 190 137 215 167 215 185 150 136 125 128 152 185 233 132 143 174];
        

nServices=68;
S_starting_time=[414 231 568 18 172 214 398 89 317 702 248 369 613 326 565 641 150 495 603 450 77 107 681 102 600 159 12 43 278 707 215 253 55 518 508 674 203 585 297 143 496 408 376 501 446 361 342 194 528 51 607 311 715 85 13 567 664 427 19 252 118 131 138 215 23 213 468 390];
duration_s_min=[62 108 70 120 86 103 75 105 72 68 63 73 68 80 70 91 67 72 99 117 83 92 68 104 116 113 110 114 102 70 100 119 92 65 82 102 99 119 108 76 115 70 63 63 103 72 89 69 104 99 119 111 118 71 87 70 99 73 99 67 105 103 103 60 75 92 104 97];
duration_s_km=[52 51 35 47 31 30 45 52 42 43 49 60 39 33 47 34 35 50 38 60 53 42 35 58 36 32 47 37 47 45 53 50 38 47 47 31 57 47 35 37 45 33 32 41 46 40 38 44 35 47 47 32 37 45 36 50 59 55 52 47 32 52 38 35 32 48 59 45];
num_passangers=[91 26 90 27 24 42 95 52 72 33 29 81 63 43 36 91 62 76 47 30 39 60 66 52 62 22 25 64 24 91 20 73 88 91 36 38 49 73 83 42 26 61 47 42 58 26 55 30 20 57 100 64 77 79 78 83 81 100 52 22 44 84 52 86 24 28 66 93];
BM=250;
CBM=0.500000;
CEM=0.800000;    