nBuses=47;
max_busses=34;
cap_B=[108 67 50 52 59 29 57 54 133 73 75 23 41 124 63 38 26 56 106 46 56 62 54 24 117 130 94 87 100 125 61 39 79 138 98 47 74 45 83 33 39 109 112 40 46 52 84];
euros_min_B=[6.921110590146682 14.392060939813202 7.040200977416024 10.831759485247137 12.021948316464568 1.3547909494364834 4.184252837594014 8.904513469744 3.518603954748612 10.117014718025422 10.129628303098077 7.85780008769938 9.082260604097227 5.603317008773762 6.953544021952094 8.664131836543799 14.786905812705301 12.687669288960478 1.5742329975980769 3.155144466397492 8.55363862661295 4.289920915426189 10.990398312544933 13.168195471237363 10.063944030708935 8.938013189235042 14.914828526741339 11.870639526030311 7.568409066718326 14.587147685524396 9.913437775998934 13.22399831383922 6.731512666871272 9.760286834860281 13.690624633112355 14.26511911054042 3.1886194271800403 1.0440632859766263 13.536979655128945 11.513627792851835 2.338407422015945 7.782134028808995 7.817866792843727 14.953722023941317 8.235437802681236 7.60597522008485 4.945960583249485];
euros_km_B=[12.477828831868315 5.064976808408141 23.343053145339027 13.10117912953356 10.442560035158424 10.937617019192707 1.6130519460059713 9.092146215013816 4.536067223848666 20.967999381772056 17.372046477394353 5.758508193459315 21.865667415741814 18.172156996613133 16.90959666201366 24.801539845263854 25.176941984759704 20.157713041812386 11.837402867695918 27.34141439858256 2.1788370667920307 27.35799585934991 14.140020514673052 29.53457398716342 27.15765878543943 17.546857277082736 27.041354630233997 20.911887360548885 16.232308052585566 22.175552091350635 24.46963763254578 25.081612521521098 20.13354455853644 27.723848985363894 14.291710168149743 7.929201102520773 5.635970176262935 3.8749475940298868 12.607646500268256 15.767983211338008 10.37643635730332 24.64432849218173 13.701498217876397 5.463522981480071 10.12518472837761 7.093573071883847 25.49175491124743];


nDrivers=42;
max_D=[235 142 150 196 166 212 240 220 126 196 178 147 230 235 166 143 135 158 201 130 190 206 140 167 156 184 165 172 126 162 210 235 156 151 232 218 215 222 238 171 149 169];
        

nServices=48;
S_starting_time=[612 185 638 407 334 664 87 272 262 687 163 328 249 385 570 683 172 22 343 581 689 156 627 274 204 476 100 399 334 505 288 545 539 673 248 674 500 123 629 670 168 311 702 258 87 659 403 0];
duration_s_min=[90 96 62 94 115 105 111 114 76 110 84 97 85 65 103 62 103 68 113 95 90 87 70 99 105 100 92 83 109 62 93 61 79 86 79 89 97 73 69 61 116 87 116 70 93 75 70 60];
duration_s_km=[41 37 42 36 35 44 39 59 33 32 47 32 30 40 52 32 49 33 38 50 57 34 49 32 39 50 55 53 34 43 47 39 53 54 41 52 44 57 39 55 49 51 32 37 55 41 58 33];
num_passangers=[96 40 60 72 95 42 37 66 74 56 30 23 24 66 34 61 32 61 32 51 70 52 82 40 91 87 33 41 67 67 56 75 30 41 85 55 78 82 32 85 99 40 40 62 34 78 72 64];
BM=250;
CBM=0.500000;
CEM=0.800000;    