nBuses=48;
max_busses=51;
cap_B=[128 49 135 57 136 40 57 86 39 90 51 134 47 127 62 80 114 83 57 128 53 73 25 134 127 63 68 110 120 102 68 51 111 74 21 23 71 24 115 109 35 94 119 136 41 102 96 59];
euros_min_B=[6.870784499416747 11.197679789797743 13.35010395749225 9.670457876534353 9.415366939881174 7.618991095446282 1.9170103967491396 5.744827276840029 1.651210182729382 1.7673324813170446 11.430976957276876 10.353923865607992 14.287753520548431 13.16641696541022 7.3100970242960415 5.098500661545086 1.6372353568714821 13.246270543479024 3.8661203103388933 14.99447090292097 8.029973847054027 5.649107420463087 13.838316480034552 9.294711967661378 14.299657300676184 9.335781000492057 4.768039385259261 3.964717821233214 8.525362083026009 8.82320795217003 1.1300293764170586 3.744374957702325 9.34754683349476 7.195457942718965 3.079203472391702 12.573506063982652 10.234461350106871 14.717651930194407 2.5544525081915412 5.80033375883679 4.7138620652605665 1.2739420538341306 9.810365966430181 4.193815298371012 8.469038201537726 4.932418867873607 3.1673484761645856 2.421485966206381];
euros_km_B=[14.873045075532692 22.79693524083411 17.684471780588403 6.741710758465413 2.8327300031135105 24.847009424397562 4.10678307288644 18.674966647200577 1.8007194606603485 17.548327921027244 29.21268123680048 16.37521631705713 5.124434333623638 9.548881078182502 13.128308639657405 9.615369719475408 19.782495006504906 6.325052047409154 15.788621407788511 2.341099728645461 11.47121015217105 21.490101600226474 29.87384679303451 25.244036388507745 15.811673059178087 7.165970486369274 8.010908379814733 14.865252307866484 5.049446898255822 7.07137282924009 26.70624301918207 7.6190000943950205 6.5698227849773385 14.557657728298551 12.126317009585643 18.085087454823388 27.990630834052915 25.069280586777285 16.319708719711898 18.076922932528436 25.6679310391405 24.392686344857616 9.437752147046721 28.521654589706863 2.704102400727578 28.190947937608257 26.463252827629884 12.38561930439342];


nDrivers=50;
max_D=[128 153 171 228 197 175 165 181 196 148 150 223 229 134 203 128 159 120 227 131 147 125 215 151 187 128 239 197 230 134 213 146 165 227 134 213 178 213 168 182 134 232 194 225 196 200 124 158 170 136];
        

nServices=53;
S_starting_time=[627 535 284 275 676 79 655 455 601 532 459 10 294 145 545 308 399 500 608 353 565 517 393 55 1 107 379 497 309 489 681 59 449 79 251 688 86 340 591 224 277 210 652 368 119 190 664 626 579 612 186 702 56];
duration_s_min=[78 78 117 91 91 94 86 106 115 96 84 80 112 84 90 98 97 75 80 63 106 79 64 112 62 88 74 103 75 97 116 89 107 70 110 82 67 114 119 104 93 67 103 116 99 68 117 90 69 83 96 115 73];
duration_s_km=[40 40 40 58 34 46 60 35 39 47 51 39 52 35 46 44 49 53 45 49 36 38 52 43 59 50 40 45 48 35 57 58 38 34 60 50 46 34 50 59 42 57 53 41 31 48 59 53 31 59 53 39 50];
num_passangers=[29 79 68 100 97 37 82 72 76 62 100 45 53 60 90 36 70 55 73 35 90 33 99 27 52 59 92 39 88 96 57 73 75 30 57 79 68 81 66 84 37 60 55 24 89 58 95 61 57 31 98 58 86];
BM=250;
CBM=0.500000;
CEM=0.800000;    