nBuses=55;
max_busses=55;
cap_B=[97 56 139 55 139 135 70 64 109 46 96 26 80 38 88 102 129 120 114 108 53 113 53 111 48 22 28 26 75 28 56 65 92 72 96 49 117 34 139 29 120 46 75 83 58 133 20 117 45 66 95 79 78 39 127];
euros_min_B=[13.379713477603062 6.939997203507202 8.300483078931853 12.468605668507765 8.617984352168788 10.027906205292815 2.9487113346414207 10.551721154211506 13.360317391237569 8.090724179343253 13.26602862248333 11.646845371538307 10.174766125040271 9.827448269682922 4.695224579907693 11.572395433196599 11.98538912896209 11.620848884972494 8.775887710508218 14.341474823353336 2.116926982145218 1.852419607354158 12.501045072191431 9.003271678038539 14.481455058304647 13.151391072424577 7.1607821024382545 2.244701531055073 1.0235650819289184 6.9701692363074255 4.018188173304663 10.794269707473632 12.955345064755253 1.098412239827155 4.699021683046057 12.161037250821172 9.909983194635535 6.1010839332536255 14.049675926616064 7.774174309461927 3.3490754457236767 1.7261786571647615 11.647898603776724 5.267814031828314 11.442587809421191 5.014791482529796 9.85898037157564 2.73466900678786 5.178078754052114 14.24462574583509 10.965853601755555 8.015388502436302 3.565619908951126 7.0709911735409055 7.509516488876886];
euros_km_B=[1.71876051393961 18.435141602496383 8.023522425963428 16.695932143008285 23.83420493460369 28.415211502098906 13.847981402106699 2.882834666127049 16.488960205655836 18.108545333546992 1.8458469045053363 6.003270030698841 29.073450402214927 15.879518003123621 12.378527496703855 19.03865030316441 23.414141776684904 14.795166400660245 14.329871709620823 4.9811710506298965 8.955622580499984 26.27735645045345 17.29545255900843 4.982156073821155 14.78071517829536 27.02307915299191 17.816264000956206 22.627097456832544 7.109002626629993 10.494960109993293 27.334924679903622 5.473804409458071 16.82420138189715 5.806527777002886 22.138008531185697 10.226718400265446 2.602268419071267 8.027151140669956 22.937320119215 16.210296102060134 10.877881663060558 5.3902287137991785 6.901780096710205 1.285460166070329 6.491851154373774 11.388573340633043 12.53221675554795 4.178132295119887 16.015928585718214 23.98693030958828 28.34504529652411 8.267934164004917 4.800915370170257 3.7858742091322104 18.466274203923266];


nDrivers=53;
max_D=[202 167 150 182 162 179 130 174 183 227 161 121 163 194 139 150 203 163 232 226 185 235 216 146 221 158 173 202 202 142 156 213 175 160 201 179 133 172 212 240 125 150 209 209 168 160 173 171 194 205 231 221 143];
        

nServices=57;
S_starting_time=[102 460 318 694 493 395 704 411 437 550 508 604 82 182 489 544 499 644 358 545 403 589 684 706 290 6 169 346 183 124 61 621 157 624 574 519 327 174 145 607 633 314 594 533 135 372 355 426 356 689 407 49 673 622 117 607 319];
duration_s_min=[98 119 104 82 90 77 93 108 102 66 77 71 66 78 93 108 85 80 66 80 67 75 113 108 73 77 82 61 90 109 72 109 68 114 99 65 84 114 86 84 80 80 112 114 84 90 88 78 106 88 96 64 60 88 94 70 94];
duration_s_km=[30 43 53 34 49 55 42 58 49 41 52 47 31 47 32 52 32 34 38 52 39 46 32 53 47 55 32 52 56 47 39 42 36 30 53 60 39 40 30 52 44 58 42 39 44 36 58 57 33 51 48 41 56 38 51 35 58];
num_passangers=[59 63 46 74 84 32 20 81 65 89 66 72 33 33 34 52 35 71 25 33 26 21 69 98 27 88 98 84 36 56 36 33 93 61 57 64 42 79 27 81 49 42 73 55 31 75 21 23 89 22 36 67 21 30 60 77 29];
BM=250;
CBM=0.500000;
CEM=0.800000;    