nBuses=34;
max_busses=37;
cap_B=[68 43 103 60 99 93 112 91 111 85 29 22 109 81 50 67 67 24 116 100 47 87 41 22 96 53 79 139 50 110 34 89 69 117];
euros_min_B=[1.6918805042380693 9.370660189181937 7.5945719994061704 8.51783838445009 6.908049985387877 12.682504910611083 2.13328406405423 2.718183161441596 5.936326928084409 8.926820177387881 5.271294817939772 14.489281502706708 6.760705967254478 4.504719730767082 6.375579788652157 4.001757806607703 3.4834522939945645 13.624098452831854 14.433900002745464 14.611828611226409 14.915748726164088 6.505405711149269 14.157433139154257 3.0526132735928955 6.374070582350617 4.822000915759892 2.0563773622898145 7.651968685456694 1.3372619506270182 4.984969448704989 3.8848791137519196 2.3850684008636227 14.981063769053405 3.031658379556014];
euros_km_B=[22.19794253787771 3.1024320907119156 4.617558849702601 12.912629745568562 17.730941351127026 1.5399852661678732 20.865422045527946 18.095840497833294 16.65421798912368 12.103811806743886 29.241737774157176 13.36380751483287 21.714570768836325 25.27055944238418 9.341629981304003 12.646585598942508 13.67289269155466 28.935843310911523 15.498584973849809 6.967603163506131 9.429830959535625 14.301437869497189 2.413669325454067 23.150467007981103 17.7579318524483 25.33767910950597 18.895419145453882 7.722704079973393 14.105889690156946 1.571432224985489 23.048004749500226 5.842874541889005 21.17450108259362 15.116348870879277];


nDrivers=33;
max_D=[199 199 181 158 236 145 223 160 211 233 133 130 209 233 172 207 207 224 139 139 163 145 129 234 229 200 130 134 147 228 226 151 134];
        

nServices=38;
S_starting_time=[371 462 578 612 430 442 627 292 161 544 514 61 682 128 23 390 497 308 355 283 670 559 375 653 223 559 293 7 576 688 225 494 617 669 556 638 658 440];
duration_s_min=[61 70 98 70 72 69 97 93 81 113 97 108 72 116 106 111 103 69 68 100 80 114 63 104 95 81 94 101 61 75 117 69 76 102 111 68 114 67];
duration_s_km=[46 50 54 45 54 45 51 47 54 41 52 44 42 47 60 30 46 53 54 51 34 53 54 59 48 36 59 48 45 32 59 53 41 54 38 30 46 32];
num_passangers=[98 78 94 37 34 98 89 22 35 36 82 53 67 31 73 49 82 73 67 75 94 36 99 75 56 73 97 65 93 29 49 89 54 83 33 47 79 34];
BM=250;
CBM=0.500000;
CEM=0.800000;    