nBuses=47;
max_busses=45;
cap_B=[50 60 51 123 52 22 94 120 43 57 56 79 137 52 39 83 109 79 133 84 44 79 80 101 114 65 64 118 137 128 129 34 39 113 106 108 95 26 123 110 31 104 103 104 110 30 136];
euros_min_B=[9.541499581343016 9.18159019521088 11.219836979312532 11.105843721640246 10.305419936994511 8.659001765703 8.377363023673611 8.932279614971478 3.4355245398393928 12.91181488779084 3.8886111660127436 3.225251207409313 1.3787799877722102 4.391021600698271 8.860858514921008 13.397819036603918 13.872239287843337 7.523740897991377 12.136321893112974 10.828705166098056 13.379943440949713 10.249904705578622 12.865414745017853 14.581579931090923 3.2562554292500865 8.10595467664355 7.528324253330691 13.347211275741442 3.491458779356711 4.070855634355609 14.204952651322074 6.096944815845489 10.224440849898471 12.585614628854362 9.631694180575366 8.691507004918929 12.740764454396977 7.247612935984172 8.779675080605976 8.337720127015285 1.408033285606842 4.0694158412945916 10.415688051818833 14.443287042354148 4.4714778513660995 3.4909030793448466 8.009773666440012];
euros_km_B=[21.513395881827794 29.976251787755974 1.873686097928576 2.1876750686691695 21.015536972248114 8.563168028401325 5.710947452655211 23.539626795540467 20.026171688799746 26.243027518530383 18.922865342536884 4.263621313781011 7.4895625710742415 18.01300703870944 20.39976531134744 6.80915149796039 24.042506144153375 19.20331820116968 28.35297092323193 19.190457598670054 29.189024240718553 11.732569143999028 12.169419317680834 27.03866553073325 13.949602318572843 8.640332839384723 22.40375225062792 15.509731872416742 2.6777617257137605 1.078551987562422 25.748611759441452 1.9677670081861494 20.07571975753484 27.13406971489349 10.6632230846742 14.413526983331243 26.4368280095606 5.326999315530718 1.0381326187698459 28.16690315796543 19.743582790342895 3.919328305133268 22.667524235556478 8.053794381056058 20.899234205233178 1.5268343213463025 23.647844840356864];


nDrivers=49;
max_D=[145 150 130 157 237 178 200 179 197 162 159 234 167 196 222 207 231 174 129 222 232 220 223 125 121 137 125 230 227 162 229 171 233 223 127 169 228 195 170 156 227 136 186 134 131 176 159 230 237];
        

nServices=53;
S_starting_time=[259 400 422 465 7 184 87 626 566 535 434 445 250 215 187 36 59 654 234 631 108 461 450 430 117 142 609 221 332 388 493 464 566 714 206 567 706 410 213 445 576 437 564 339 330 469 593 541 81 448 347 308 284];
duration_s_min=[120 95 120 70 77 60 113 108 118 69 61 109 102 112 93 113 87 83 105 70 120 96 102 90 70 83 100 98 64 76 67 116 119 70 63 119 82 70 85 106 118 94 64 96 108 80 76 82 64 66 77 67 98];
duration_s_km=[35 46 48 48 51 46 38 59 57 40 58 43 41 57 60 47 53 50 58 36 54 50 56 38 44 31 53 49 57 32 46 53 54 49 37 36 50 58 41 44 30 54 57 54 45 43 35 42 58 38 35 56 30];
num_passangers=[67 68 47 87 65 50 85 81 93 95 75 77 25 65 46 31 81 89 59 80 55 33 82 41 27 41 24 21 88 57 100 26 73 88 90 54 42 88 91 49 29 75 79 28 38 78 53 73 20 91 87 37 100];
BM=250;
CBM=0.500000;
CEM=0.800000;    