nBuses=24;
max_busses=25;
cap_B=[29 61 74 71 89 139 68 130 22 95 140 88 75 125 91 60 136 46 52 79 39 23 32 46];
euros_min_B=[14.392524095714116 4.6293499699049505 2.038050666035902 3.5582176871586526 8.454677105829393 14.885438603318725 8.961056445974249 8.735712292392416 8.989479201524375 2.4131190687281716 4.324515621871327 14.787366359721842 5.515408249442504 13.311358316514813 7.610500435666791 1.3651876109613177 7.677294504169744 13.179910070449852 2.9179146057371064 6.064735034768209 7.406433608763519 10.837845030308973 10.13442049000499 14.68714041105465];
euros_km_B=[28.559892745101564 11.323558673379264 29.600487639629772 23.144115891747102 15.892504601998768 28.063499964355955 1.2073045388134038 10.741341219380367 24.063786728231555 3.0493362385200893 19.38172742664562 7.131016607556295 29.551459283349708 20.760532829514435 14.995563129624632 14.41308788079764 11.124170765299185 26.730483357323497 21.745489473688547 8.744694280973107 13.188665078866942 27.090592836612277 10.57620165158649 18.378093042020296];


nDrivers=27;
max_D=[238 141 238 133 182 134 136 176 221 134 207 191 227 186 205 152 229 199 126 185 199 151 229 180 138 164 144];
        

nServices=29;
S_starting_time=[407 453 263 312 252 126 565 641 21 583 373 657 204 118 449 303 482 677 557 125 587 131 505 245 527 648 648 704 111];
duration_s_min=[116 75 101 70 68 118 110 115 102 100 119 111 81 86 114 111 65 76 113 74 69 95 110 108 76 105 101 113 106];
duration_s_km=[38 34 36 35 52 35 55 54 56 31 31 31 45 35 57 56 35 58 48 30 59 34 42 48 31 34 36 42 34];
num_passangers=[63 52 24 84 22 23 44 39 91 24 63 37 20 20 36 45 81 62 70 92 100 86 27 84 29 57 48 92 79];
BM=250;
CBM=0.500000;
CEM=0.800000;    