nBuses=31;
max_busses=30;
cap_B=[37 91 78 100 118 77 69 48 68 51 37 66 102 84 75 25 79 66 57 50 120 40 122 118 51 35 43 52 49 100 66];
euros_min_B=[11.279205603433395 10.760552956014253 1.726247689858626 10.05195327434798 4.664226860573456 12.143669961880123 8.085479588120226 3.197132571391786 11.809514326839455 13.81584505750255 14.578670777042735 9.223803819084832 3.52416953148083 2.058598903894766 5.072869943041341 5.080158024840388 9.668766601684723 6.323248187698416 12.659400189823412 3.5203051749700585 7.60990793140552 12.527717673102494 8.095560418031278 8.960516016990958 9.36995202014624 11.745304103158789 1.792617011779603 9.199580841377518 6.090545713888139 12.051787450747526 1.299679862529998];
euros_km_B=[6.99986428117869 6.370179402376147 13.028724196515002 29.360883864732685 16.007946023099237 1.1657677492084786 20.428247924506046 12.116786539085217 12.360865861895004 28.899279856615006 17.005233860727913 6.4621302241978436 28.528942404653993 9.79775403313281 21.177888477533603 10.30122817307287 16.607731992952864 3.3125832707917535 25.05526938626382 10.592412320029394 8.839188368943908 23.80972559479135 16.817426688537534 20.246834764079324 13.093410150896936 27.40754510631059 11.96314532191252 8.198151038428998 24.47320145391149 17.18988653685728 25.845227218890194];


nDrivers=29;
max_D=[184 124 205 240 149 208 186 237 202 124 174 198 220 197 172 125 180 174 126 178 238 236 142 182 201 169 236 196 234];
        

nServices=34;
S_starting_time=[607 229 526 265 663 131 103 311 601 295 337 555 222 163 578 441 531 377 351 37 148 192 184 289 674 117 491 162 446 670 402 688 94 476];
duration_s_min=[115 113 71 79 91 99 116 60 85 94 119 93 114 102 106 109 95 71 100 118 99 66 107 114 63 94 101 118 92 62 84 105 62 95];
duration_s_km=[41 33 41 33 56 58 33 48 36 45 46 59 45 32 55 51 52 45 58 30 46 55 34 51 53 37 33 56 54 36 33 49 50 44];
num_passangers=[39 52 71 43 32 45 67 41 66 68 23 24 67 94 38 29 77 45 48 49 79 44 31 83 68 83 49 42 64 84 49 36 37 98];
BM=250;
CBM=0.500000;
CEM=0.800000;    