nBuses=54;
max_busses=55;
cap_B=[123 39 116 68 27 92 139 85 127 82 126 95 80 111 65 36 93 103 58 110 64 125 124 79 129 27 139 76 45 20 38 109 71 42 24 85 30 50 66 128 127 46 20 75 81 137 20 34 111 77 39 54 132 52];
euros_min_B=[11.692152262247248 10.217177965607387 11.682065633135 7.774935986133479 1.9507141066084437 5.13681154407543 5.167565891413571 12.434361157890011 14.51725059097886 13.700241528531873 2.3132171513861275 9.086033147844578 3.040295213624008 12.712827674478671 11.602664377095936 11.234910893375543 1.216861587812578 14.091801814224505 2.7773283214003133 12.649749151924862 8.629288300233277 3.1195567592650937 5.849453070330883 14.925848563286284 11.117927563560364 8.175044821931806 3.566821159881661 1.464767113744094 6.685028366216334 9.930201809606025 12.39352590970012 10.545002998629512 1.2266095936042218 13.919399409205298 12.660189526134602 8.382966647973493 5.194284309217929 2.507795494266217 11.86753471663267 10.253938753094141 10.71733134114158 9.329611715100611 9.877153069012714 1.973995142935991 1.5370086761540085 9.526203010422032 4.035412252123474 4.0856140393597284 1.2261254095598866 2.985677932320762 13.077042816176812 10.438110453021354 14.603063209085171 11.007203256291131];
euros_km_B=[15.736095846384021 14.771813461678077 27.357687495914636 26.727325589934054 18.06399140335786 21.065288701002558 21.36664690491568 7.614492753619589 25.2386224468136 3.2351928392823055 4.315163659352552 1.5353147071277355 24.000379373788356 22.04434582262551 8.150828498172277 21.733850504810896 12.500595820364651 15.93969682536524 23.527015601044738 17.682700520267204 29.567509546665026 6.933570006114359 24.752342086680944 16.17395236479104 22.474678075028482 17.21577833793498 2.909387788510622 29.378468866947294 13.971399947623189 8.464713903558142 11.216758516029714 16.76363288088213 10.572750599972354 18.77499302697547 22.414550613764348 22.329496352738907 15.573790900125548 1.4522028887355924 21.289130532699605 4.259744549439829 10.341189423601001 15.400182601395471 2.36829097013897 3.676769359111528 26.531416298444086 27.966489359570918 10.534514710412587 11.16346342776054 7.928095622369047 5.160730353228684 1.5504093871344948 23.883600434184082 7.219226899667193 5.6030916673249775];


nDrivers=55;
max_D=[125 186 236 229 214 173 212 217 197 138 143 166 235 173 171 132 233 126 217 233 227 231 121 211 130 144 135 120 156 129 230 127 194 214 134 184 231 132 161 227 224 144 161 132 121 215 216 173 135 137 232 168 234 202 219];
        

nServices=59;
S_starting_time=[138 218 328 123 148 356 402 660 428 5 669 185 116 394 602 327 708 309 199 86 40 495 690 144 562 218 272 394 124 105 357 627 51 486 209 8 628 402 647 672 226 32 97 268 298 247 33 654 162 535 575 555 683 275 504 552 655 682 182];
duration_s_min=[102 74 120 75 88 118 108 120 89 84 93 86 83 87 107 68 73 114 109 65 92 62 110 119 107 110 65 74 108 93 99 103 83 81 109 85 81 113 101 62 107 86 83 76 103 105 62 87 80 110 62 101 66 109 72 81 98 106 76];
duration_s_km=[44 32 52 35 57 35 55 44 47 31 50 32 37 45 60 41 51 46 40 52 53 53 59 38 57 31 57 33 44 34 53 48 42 54 48 53 32 30 42 32 55 39 56 40 33 58 34 40 55 55 51 41 58 41 56 39 30 38 31];
num_passangers=[93 25 88 59 33 50 76 74 67 74 90 46 77 53 32 78 21 87 87 93 41 82 43 42 76 76 33 35 58 61 27 87 52 63 34 95 78 33 27 87 90 47 84 20 91 41 50 22 72 85 64 84 40 57 41 34 50 62 39];
BM=250;
CBM=0.500000;
CEM=0.800000;    