nBuses=30;
max_busses=31;
cap_B=[77 20 70 50 21 123 63 121 47 74 57 111 21 122 132 25 38 104 40 108 67 103 33 28 33 99 28 49 139 134];
euros_min_B=[8.654491157571496 3.409150089198511 1.1238042601835692 9.73258382609175 10.528326271464485 3.4406352531795195 4.179639215819984 4.797056155573126 1.8068841430595897 6.89291082753388 3.579032172549759 10.464883147685793 5.337780426004292 10.796932132526157 6.932875973825339 1.098867961003447 7.002085712734896 9.130598461410184 7.2896179315133125 11.912476770777708 10.032179491124463 14.349950003493815 7.0303882512321385 13.34839845697548 7.618046728003015 5.59786869208023 6.013524739518928 13.155758640482727 10.328312756708751 5.60628813003215];
euros_km_B=[7.148550980374539 23.624168160718224 21.25764237513227 12.864867233127189 7.461697291085162 16.93448071955897 2.854746294981557 20.813134989854802 21.989253082341207 2.194881818912193 29.549441159252748 6.643494047047402 25.96899862947757 27.230753762113 19.162367620895587 22.68519743286465 19.69186942698629 1.6592719748047116 9.195749510702976 14.486962416837722 25.422456324409218 8.454838880369092 29.565176469068454 10.974764067856704 9.97629680851632 20.89186984725947 4.52620391110781 21.21685110250431 29.777609703387025 27.238330194581845];


nDrivers=32;
max_D=[181 149 204 223 235 175 182 158 201 134 157 227 125 190 177 139 228 219 174 224 228 205 172 154 235 208 225 126 123 149 152 202];
        

nServices=37;
S_starting_time=[425 614 259 364 379 718 261 104 681 617 452 640 410 686 58 476 621 606 597 42 115 320 640 530 190 672 430 359 695 295 579 554 175 655 204 359 210];
duration_s_min=[120 96 75 102 87 71 80 91 77 105 105 93 66 83 90 98 91 72 101 104 114 76 68 100 83 120 61 101 87 69 69 70 107 117 85 105 94];
duration_s_km=[46 54 51 57 56 35 55 45 34 53 57 38 40 41 40 47 31 58 32 53 51 53 51 55 35 40 46 57 48 41 39 53 36 35 44 38 38];
num_passangers=[94 20 20 21 27 62 37 61 99 49 58 62 93 78 98 71 48 24 83 49 25 61 30 89 45 22 80 67 57 27 27 23 66 80 39 47 85];
BM=250;
CBM=0.500000;
CEM=0.800000;    