nBuses=41;
max_busses=31;
cap_B=[49 72 64 21 111 78 132 69 130 111 83 39 86 92 85 31 74 90 121 31 84 72 97 107 34 104 136 126 40 27 36 132 75 43 106 36 123 67 109 103 133];
euros_min_B=[9.417903000067703 12.336671315298172 9.135532661534581 5.095798516559156 14.894671104447289 2.455641953362215 8.112512531987349 7.119840881627317 4.060653634377926 8.040504584922079 5.292792430510053 2.6477584769643245 4.449775151717456 5.431725496245617 13.765579731689165 2.5836402514600194 7.689602603212276 11.532945689742693 10.56819969412016 4.826185825402988 2.2303808086374284 12.026709761012299 11.929564752881298 14.790691783040499 2.747307876164288 8.048723661072117 13.878431709349275 9.028735392264753 13.226173408826455 7.811066004145001 5.58552643280698 10.211201115627798 2.208710700710137 11.983781724250978 14.486473920855854 11.81659369802608 6.374328452394345 8.577944787307333 4.338097784142647 2.338545479364381 5.502711436760993];
euros_km_B=[5.666369054084122 29.392755713961307 27.794376555324966 9.029033276652287 15.898522090059641 7.177218259661899 10.644496706378515 14.740129837488354 14.625114619057253 3.4308192994932516 6.133806333224465 14.741742278774213 1.2473941919081866 15.267997541510729 10.194872973840578 6.0677902913219715 9.423794643781763 28.3463758908316 14.185237543113344 9.740741169813418 13.131372617798773 21.06883501977315 21.937922958376387 3.420851379183791 29.21741491062321 11.836467705395282 22.915399376991093 10.72337419707824 7.704479871179268 14.002643262373795 12.913277601647042 25.63011245033456 10.307574525660632 23.700515860569915 23.270329595243872 4.583450439032188 11.31695077790087 20.335511819825857 19.701001881752294 19.5219347863422 8.984308007429899];


nDrivers=36;
max_D=[207 132 134 131 129 133 219 166 120 152 202 193 124 131 124 133 222 236 139 179 131 221 212 210 157 183 121 121 191 121 214 215 234 135 198 234];
        

nServices=42;
S_starting_time=[44 264 400 131 59 354 96 85 569 311 385 682 715 499 237 350 411 388 134 369 234 568 157 614 605 381 668 139 678 701 223 69 414 391 80 637 398 140 97 712 105 442];
duration_s_min=[96 89 117 70 74 109 103 102 84 118 118 75 84 64 66 75 66 69 100 74 61 86 118 104 69 84 63 84 105 111 89 95 117 108 68 68 66 83 72 119 114 103];
duration_s_km=[30 44 38 60 47 57 50 49 34 42 56 30 59 38 48 41 58 39 45 48 33 38 31 47 39 49 37 50 41 49 48 47 33 40 41 53 47 39 52 47 47 54];
num_passangers=[77 68 31 20 32 99 39 40 41 92 55 58 50 76 20 26 83 100 20 82 41 41 94 51 70 64 70 26 61 81 40 64 88 77 98 67 95 52 67 37 48 73];
BM=250;
CBM=0.500000;
CEM=0.800000;    