nBuses=31;
max_busses=25;
cap_B=[68 73 22 138 38 128 79 118 123 79 134 71 72 127 84 41 85 36 98 58 43 68 45 112 121 70 70 47 65 78 49];
euros_min_B=[2.7398865496148486 8.210286765577838 3.617492179574631 14.77534356701878 13.436436196349852 13.43677707674279 6.893232775495193 10.705992931938763 13.627583238218225 12.356973562101118 10.841750781263636 11.086128483305364 9.646893591373821 6.1826575200385925 7.508469448904913 14.984026186050617 14.66137996988156 5.082204595699595 13.4740231725636 8.65922722440813 6.754913074769968 2.447563627718499 2.9405901091792344 1.1315497349197914 11.439004008296447 1.5327917502552195 10.865076817194659 7.088137344699184 14.169349065740274 13.105037265665212 8.171430302536454];
euros_km_B=[9.479581297930121 11.675720276244679 3.3630243643998243 20.396914041875707 10.454365055892588 5.181256907533815 21.31474571939727 18.929649976572136 21.465169395211927 15.822781509734199 4.867338392371867 28.556841393863326 3.9909971554728703 8.746365186647058 3.8853332977740784 23.73913653114687 6.291394084040154 14.846190218940627 22.86685018336617 4.641902588130663 16.75414204121796 16.489024055002062 19.09552522222512 20.00215744509492 15.395220783217074 9.446876019995184 25.846599562534227 24.65369974794103 27.482820220961273 6.762467681673259 19.219711888959743];


nDrivers=27;
max_D=[203 179 168 122 123 197 151 128 159 181 186 169 183 163 224 239 126 149 203 203 218 182 129 173 236 152 227];
        

nServices=32;
S_starting_time=[85 173 470 323 324 267 684 216 313 380 110 346 336 53 491 442 393 158 316 678 467 210 195 442 448 431 455 590 593 312 683 131];
duration_s_min=[91 64 70 61 88 84 60 109 120 89 110 92 73 66 101 86 83 83 111 97 73 105 107 74 87 74 86 78 95 104 92 113];
duration_s_km=[35 60 42 39 52 39 43 56 51 38 54 41 37 50 46 53 35 40 55 54 48 41 57 59 60 35 38 37 58 49 39 46];
num_passangers=[24 88 49 31 87 100 83 20 26 29 51 63 92 63 33 47 90 50 42 54 95 22 52 50 53 89 31 63 60 62 77 26];
BM=250;
CBM=0.500000;
CEM=0.800000;    