nBuses=53;
max_busses=41;
cap_B=[118 122 136 139 83 24 107 101 53 35 100 55 38 33 85 109 82 118 88 117 123 53 130 123 85 107 27 109 118 79 84 75 33 30 68 87 24 65 130 20 30 28 71 122 119 128 122 115 101 32 92 21 65];
euros_min_B=[12.068802904295392 11.762430936672258 3.5226853534254645 8.646225312946502 8.448014913035141 8.372231608586858 1.1026953815206 14.03504263597723 11.91486890250717 5.729489730248249 3.467801436301082 10.08139271438783 6.4544237999873335 6.302549361505447 12.324910157272008 1.9852998106851145 12.302241970841031 5.539664250058685 7.94252857021483 3.1339517966955937 4.952219681111124 2.6093022845433436 4.170889319771252 8.023167432170007 11.629025593188418 8.422912578567464 6.8488917405916485 5.176429325869057 7.7844528933520944 12.004817540793374 7.3212039948639385 2.614261446301974 7.461373091341213 5.04386656905112 5.514940404795731 9.527734732003761 1.3412745118054343 6.926697187491956 8.047874191893186 12.986107483451237 14.032363381069922 12.893569117005796 2.0391020564874744 4.692092947226869 9.121553176380507 5.141975518045434 13.270678829605579 10.404557823060223 2.3466312743279953 6.252159567955653 12.901966618254434 3.838030105209474 10.005411084994583];
euros_km_B=[19.985885548796407 1.175699323139363 20.511516671220672 13.099440902553967 13.296982305850758 14.413242995692029 23.466707874709567 1.981068680815314 12.337006375832436 1.8923277093124113 25.92763596585601 14.4005412640159 19.32549537660633 18.411532136906494 21.320631569501074 20.996249115521323 10.8133495137131 13.785522174630408 19.11870868791533 29.77429062074447 2.418275235780668 20.35321800254065 11.133284806982063 7.278069014187471 18.744053058101287 22.24894378799134 20.70154955022135 26.552096754744227 6.570565036627428 4.794973932439506 8.790163069925224 11.50807109441892 29.476103557055303 28.36949998908557 19.152609558502093 6.303844716822716 13.876743673981665 29.090218850075964 29.911225739647847 26.402803967041287 1.2801723384809243 17.85976756330595 8.475305903105498 19.132621188757824 15.316400714793858 19.419099859338274 19.86403293333225 22.5712318900506 14.678922378878271 29.025906656453788 20.00815834065869 28.764849271427344 21.035981165698082];


nDrivers=48;
max_D=[155 179 152 173 200 137 137 217 222 210 189 187 180 152 218 146 152 203 164 165 218 140 188 185 164 176 183 138 223 128 235 135 143 139 228 233 123 143 194 134 134 155 225 171 182 193 168 177];
        

nServices=54;
S_starting_time=[686 130 10 377 581 665 486 697 346 647 264 309 623 605 95 62 704 372 718 90 309 406 95 457 49 247 519 680 703 398 650 205 296 20 139 38 493 485 91 434 314 90 368 65 464 471 405 166 196 55 11 29 467 342];
duration_s_min=[100 67 66 102 118 104 112 106 65 76 110 116 97 86 113 65 112 109 72 97 110 94 88 102 63 102 98 118 103 115 106 101 95 75 108 84 91 75 97 96 81 103 85 102 91 74 64 110 116 88 77 65 79 65];
duration_s_km=[41 56 36 56 36 34 44 56 37 55 47 39 55 35 38 32 44 35 38 48 57 45 60 51 57 49 49 39 52 57 33 55 35 53 60 30 56 42 58 36 31 54 42 43 38 44 45 31 58 45 34 49 37 49];
num_passangers=[56 79 66 24 92 91 58 99 39 33 75 59 93 78 30 40 64 64 75 35 22 56 51 34 82 60 26 65 44 65 38 96 50 67 32 64 86 77 41 44 89 28 55 28 22 81 75 34 77 39 67 63 77 84];
BM=250;
CBM=0.500000;
CEM=0.800000;    