nBuses=44;
max_busses=44;
cap_B=[75 78 104 66 56 76 71 116 62 109 86 93 73 127 115 37 64 119 22 49 49 80 132 28 129 133 126 80 20 135 46 56 118 117 42 75 73 56 114 55 35 136 36 65];
euros_min_B=[10.420140536692701 12.163645266575584 6.568125171897213 9.757972596273765 9.075227631629074 12.837479585382649 2.0732858846827265 4.009451877969368 7.7062712806787275 2.205909949695034 5.195319161464129 12.247478322540172 14.403803310449778 8.080069246333634 5.157433891700898 4.86993065533949 11.888947529023854 11.385307237590574 14.132063359371667 2.907857120219144 5.6521818082645225 6.543430165497079 7.549147424815151 3.482054258901434 11.982702429703496 7.310034204533912 1.6700017640027007 12.355321512705267 3.3280227471896757 14.982967340911994 5.615265948390288 5.333150964265069 2.77211524673296 12.722802988453171 2.830581764135056 13.390711061856429 9.579558775666825 6.8620349942602745 7.864550476508663 6.216774607424661 13.078368949494614 2.870541780056328 8.355900683592026 5.515039997341285];
euros_km_B=[16.438308459161398 4.066938787926553 11.48068834648752 7.5334238575052765 24.930449383134317 25.430064686310644 28.959811009607225 17.285642441733064 28.64938711663748 15.661379901719513 23.44157948907157 10.364903786830617 14.753688517638661 26.999273033303133 9.246830912643766 17.99965578188133 6.625606169557462 6.20346485280723 11.21609285994376 27.620686385955867 1.4547803387470708 27.098501054510354 29.229524425709002 13.591207249700297 29.08400229151613 2.382579657860493 23.293074172914846 6.1933124958797965 18.702337219840764 7.7040647565546765 7.263811050044481 6.874050717787816 6.536685738143289 2.956430287403009 16.921871072463357 26.808382470878204 7.4884158507631335 10.013348834030225 27.19311935117214 28.88733265153553 12.178495076238985 16.66901067379621 9.247066458931677 14.961299228136367];


nDrivers=42;
max_D=[133 236 165 196 169 207 166 210 206 181 181 147 188 166 240 130 170 168 235 214 146 200 193 182 197 216 199 190 179 234 231 154 161 120 236 170 217 211 221 223 192 199];
        

nServices=46;
S_starting_time=[528 123 641 15 97 340 631 597 487 714 174 569 82 60 69 278 553 689 623 228 493 527 327 94 573 215 381 69 457 101 675 82 27 368 287 515 478 222 17 681 95 703 601 627 240 125];
duration_s_min=[83 61 96 65 71 75 74 66 83 97 103 103 60 105 109 81 102 118 91 76 91 78 91 102 75 86 100 88 68 115 92 71 82 110 92 109 80 95 86 87 116 82 77 77 111 82];
duration_s_km=[33 51 55 47 39 31 52 41 37 44 41 34 36 32 36 59 31 50 35 48 39 44 41 40 32 59 44 48 40 32 54 47 31 56 59 56 30 41 50 44 48 50 51 39 52 43];
num_passangers=[42 74 33 65 75 34 51 64 78 92 46 51 75 90 80 23 39 96 81 62 79 48 90 21 74 73 78 84 90 56 27 43 76 82 28 48 27 47 56 69 94 23 86 74 24 61];
BM=250;
CBM=0.500000;
CEM=0.800000;    