nBuses=24;
max_busses=18;
cap_B=[94 105 78 35 66 114 52 66 66 58 41 47 83 98 39 138 96 98 25 132 104 104 115 123];
euros_min_B=[5.205487097266946 6.943705346847261 12.08391951124953 14.687220483543939 14.640705028992938 6.992723019195931 13.670980501321292 8.994011400841375 1.7758235740119637 11.64730178346758 8.557876072091503 13.164001507261359 2.84889096784564 1.7872933553350476 11.941521500783695 2.0214682463735656 3.8713466052438372 6.949292209202886 9.480408369458448 14.872023496762253 2.6446758145554754 5.278198933928195 5.331245701989005 2.7754665452079834];
euros_km_B=[2.6250071765619243 2.5925378089637854 2.576614349837669 12.549513563295669 5.532441778294835 8.243330854705885 15.292301528156187 11.036260402377343 5.029556928517921 24.12014231378258 21.933734101110833 18.082316940489633 17.6185846797291 9.572601941176359 8.683993672363098 5.043161505204379 11.613271571422406 15.162565909766355 7.621048961901259 26.673235201159404 18.65108863576394 13.19548627146675 17.92458445081409 2.0380926409961644];


nDrivers=22;
max_D=[154 215 221 213 185 224 150 224 212 160 209 169 139 211 209 166 228 124 213 164 228 231];
        

nServices=25;
S_starting_time=[182 193 558 614 717 427 357 679 582 314 441 404 642 558 584 317 147 116 716 108 171 249 358 676 503];
duration_s_min=[64 97 114 87 104 101 99 68 89 86 70 106 73 80 69 90 77 72 114 76 89 92 106 87 77];
duration_s_km=[44 38 51 53 34 56 57 48 33 51 48 39 58 46 47 42 37 43 59 55 45 42 56 53 49];
num_passangers=[58 91 88 80 49 32 77 41 48 37 89 48 35 32 83 28 52 97 99 43 37 74 43 100 74];
BM=250;
CBM=0.500000;
CEM=0.800000;    