nBuses=65;
max_busses=66;
cap_B=[62 113 106 55 90 98 34 73 46 110 140 51 21 47 61 23 90 133 62 105 100 127 73 135 90 130 82 82 28 137 113 122 94 121 101 101 33 102 118 92 109 123 23 54 125 137 140 108 106 136 78 94 43 40 48 134 111 67 54 138 60 125 27 41 58];
euros_min_B=[11.335855723143702 2.27402285301252 14.968961709696789 5.306145286195555 8.144904702124814 8.22156419561497 10.153385257102858 9.270013554244224 11.059658306464431 8.054473177333875 11.178595489787595 1.1198953822636923 8.253710986388636 5.951715072935026 3.9480129085503366 11.036653386432826 8.148078287472993 1.488070072598354 7.0636318051485425 5.661368612064223 10.992251406930746 6.0819047300768165 7.315245833832386 1.3426113176558505 12.988223510223417 10.951266001791677 5.07908883783327 12.17049113421705 5.114277515909287 4.305744205400788 1.5885066022962302 5.789504134464721 2.898528357960197 3.1932798646081633 14.756034679079189 7.735441067992117 13.422659784106097 6.369041135840352 3.1317747371269555 4.866002491991775 7.667514531506566 3.3708468928686592 13.292906871788542 14.621071587186119 6.384967609329713 14.699865185488171 14.741333767012078 12.435641612911153 8.126728720922195 14.628950462902742 8.462441925430792 5.622739821964902 4.020985138676765 8.799981114622623 14.734622288330174 8.077814053603666 13.193924903701886 11.466842624031319 13.29983543257189 12.980708258232998 5.1264968361741685 4.022880406930394 5.000262974828763 10.961542686695832 14.974589563211332];
euros_km_B=[15.396236322118995 16.62746709604844 4.871518297891614 3.718077452045038 20.357413518472335 29.73854196425186 12.293173110035521 6.628046962453731 29.194125518757605 25.30448915473883 7.437520553588453 7.598428495052886 19.29299843696813 4.45177438483508 29.498294613263006 25.180018908401397 16.55949336774863 7.135114809101591 19.90403051211881 19.98242658421139 25.73821688244302 29.305120142950226 7.5437781221711555 7.976179133763823 28.31746223729314 18.648280350100404 20.554711546437478 11.15990681305505 12.989143629057448 17.182690095090166 15.370998287780681 20.488013528991548 9.235534290636345 24.517953905302146 19.44356547858993 25.287353179622446 20.928842079034393 13.345681622874435 19.111433360326572 20.03058557058808 12.20747619865638 7.125013308688917 29.44585509118395 2.8044314113194995 14.978765727770359 23.789780653660674 21.564776306424406 1.2877807183073815 8.7480581198587 21.950743235651224 29.332159528222828 28.13310804330481 4.713482246993593 7.756752980183103 25.445199142932424 22.353462594005347 28.785091469665517 22.48224837884236 3.7130329690761235 24.562981132296322 20.850232357201303 2.26140847472405 17.381697985909444 19.584699103601395 5.16660957745394];


nDrivers=61;
max_D=[139 233 189 181 225 226 230 213 124 225 188 141 132 201 147 232 188 185 213 124 193 220 151 202 127 164 143 164 138 133 173 240 166 221 231 143 166 137 126 232 237 147 218 123 205 136 141 215 207 157 209 180 139 156 206 204 195 207 171 173 129];
        

nServices=68;
S_starting_time=[311 706 192 478 24 589 309 43 687 46 569 104 680 683 159 176 647 78 354 467 15 337 318 464 547 210 718 375 612 624 376 216 235 23 130 400 275 716 594 631 428 598 70 461 388 320 34 665 183 87 623 511 318 23 113 19 146 713 117 37 568 535 685 334 288 226 490 64];
duration_s_min=[75 117 88 106 70 100 65 80 79 106 89 71 69 74 67 80 106 112 90 116 92 92 85 84 86 80 100 119 119 69 73 80 95 80 107 88 108 107 82 70 114 90 75 75 110 84 62 70 101 78 80 86 94 83 113 79 116 73 87 89 89 79 94 77 60 78 72 61];
duration_s_km=[37 51 48 53 54 49 38 35 42 44 35 39 34 48 39 39 31 30 37 58 37 37 37 56 43 48 60 55 35 36 31 39 30 51 32 52 48 47 41 57 56 41 40 60 54 41 50 38 37 41 48 53 44 36 37 32 45 44 56 56 32 41 39 43 58 35 39 58];
num_passangers=[34 20 49 50 93 20 57 39 61 24 42 30 35 84 47 71 58 72 44 36 70 87 86 61 65 73 32 52 78 70 85 99 35 56 20 57 26 80 46 21 58 67 22 87 47 72 62 49 44 84 44 44 81 92 53 48 82 43 25 68 54 44 98 29 93 61 49 35];
BM=250;
CBM=0.500000;
CEM=0.800000;    