nBuses=40;
max_busses=31;
cap_B=[93 71 23 93 53 59 116 35 96 86 132 37 43 138 79 39 43 64 43 53 57 80 97 63 114 28 53 102 93 109 21 22 51 102 91 100 20 118 88 49];
euros_min_B=[7.176054556069406 6.125996924641813 7.117392501900268 4.974745707540466 3.004992283457384 3.929333082719877 14.207251925561566 10.995457959320985 2.0307987163822108 4.8440072765556215 7.960469740302972 3.9777137450589235 9.628068236482036 7.168867925175997 10.766781651757954 3.9016851895505322 13.213523554210546 14.413892590882135 1.0066561731912333 13.04986929420847 9.403286793630771 13.511837195974053 5.315205810547783 14.871318040036613 12.304353812452982 13.854995821533898 12.319532959395046 5.412629479937959 4.034182413694521 2.357745932201553 6.938767892935569 6.65411705498852 8.111887027306741 11.162200624138748 8.639251184602593 8.414105233788339 3.1164426066787074 4.970060972761512 6.980932101401976 2.8001434340493283];
euros_km_B=[12.665447467689987 24.54452257649832 5.081100127733187 22.0374863249808 12.759357738106804 16.745169801400646 26.047192616264685 16.700561500632922 15.856215809146109 22.685895720055985 8.723933439851784 10.760741927741714 15.050083798149679 29.45905700251529 27.23336825437028 5.748113449495623 22.426319395140137 17.688122129447986 5.190251490266839 29.039261200810582 4.555023421069935 29.443354828157744 9.023435958963443 3.142804012686318 23.78877269172311 18.790024144150248 9.606208306443301 19.48599463649282 12.811222299439676 19.695126656339706 10.066887761184148 10.384011044910006 20.857024896271728 29.65393384664281 22.13689823884621 18.06632890328943 29.384475142097017 23.85186719862917 18.878806216223047 2.1165816009790186];


nDrivers=34;
max_D=[124 210 126 207 171 183 235 157 212 151 169 197 209 129 213 199 201 154 198 156 128 201 191 238 220 127 221 176 188 177 177 209 186 179];
        

nServices=41;
S_starting_time=[298 485 332 302 691 697 508 610 537 237 365 271 44 549 557 491 220 392 660 670 391 162 383 486 143 49 168 603 422 458 342 119 386 646 318 132 162 132 330 24 169];
duration_s_min=[82 119 101 105 113 68 104 97 62 96 61 110 98 102 79 76 106 93 93 111 92 64 111 97 81 81 83 110 72 95 105 65 94 107 100 77 92 96 72 117 94];
duration_s_km=[32 42 44 43 37 42 39 41 44 51 33 44 57 51 35 57 42 49 37 36 36 36 32 59 49 31 32 40 59 32 57 37 51 42 56 54 41 55 50 51 47];
num_passangers=[100 71 91 66 92 91 51 50 53 30 61 41 21 38 91 98 22 42 88 32 90 49 64 27 59 56 82 43 70 36 82 85 24 85 41 83 25 32 78 66 64];
BM=250;
CBM=0.500000;
CEM=0.800000;    