nBuses=50;
max_busses=53;
cap_B=[107 49 81 35 44 27 35 89 69 74 75 109 114 44 88 43 54 119 29 82 103 76 105 33 121 70 38 55 90 120 133 112 77 94 90 117 106 28 132 103 50 67 25 40 49 41 54 49 42 31];
euros_min_B=[9.238700913634919 11.176324400755192 1.481470502998065 9.655945567600249 2.804759839828427 5.753257609169994 13.642057165964784 9.010852017922332 7.633621370679062 11.881478299033608 12.263582587981528 14.306766078545579 3.336780901975515 7.960529052505452 5.813040127165413 8.317945652969449 11.925641308301625 2.7803953371820294 11.552159898648002 12.31833569277958 14.643147347791155 2.2266573392019238 5.014649525189937 13.967963302697624 4.42676346009898 2.396116683019147 9.30102046526776 7.212189324255293 13.302924502887011 13.015456043562146 5.5054498479260925 14.10746862063109 3.1573727058723673 7.395000456267251 12.328689198303346 9.525456852779023 5.647306879950699 10.250204110526047 8.440976726015052 1.6748162103372624 13.554572190785729 6.563304138765501 11.565538968270047 1.4981879807580256 7.719947265222348 6.82631693945603 8.733983095033054 7.451992914735072 14.441386572107955 7.472293595746367];
euros_km_B=[18.16837579586332 10.774749111093055 21.30798352901643 11.776344979687511 19.385723436710453 6.967906588406218 2.7965355324523777 2.0731416101353095 7.573560896926158 29.44279738442157 29.785142410556602 6.665546037377608 27.37074117909987 12.39044078137784 19.65832344191327 19.821516558300527 17.048836579250995 26.827872406077557 11.427330726332801 22.39294226849569 10.684279549492597 18.0982078826907 1.228626849955406 12.535736413052316 25.174210514614586 6.835490244216419 18.485108300712007 12.265742866154957 1.2460350078902376 13.068410651386321 14.75396379045598 4.112821004627811 4.568793760511456 23.09400946071781 5.366654606092358 19.963494602949563 23.274771822948253 22.373870449017684 1.2783018923857083 7.181595993588379 26.755203947201363 25.99314904918811 13.78785116830858 10.374092556921884 18.264147392450113 4.701912203150255 2.6080910162220268 6.159744543718865 18.013726845249277 21.679809222940996];


nDrivers=53;
max_D=[172 192 223 152 145 224 236 235 230 162 134 203 190 123 218 120 214 187 196 234 124 218 151 224 178 137 204 173 126 227 233 188 180 205 199 164 130 189 128 197 194 128 222 224 175 212 195 174 135 172 133 232 173];
        

nServices=55;
S_starting_time=[526 88 325 171 243 107 654 295 110 189 498 331 116 58 626 62 96 49 32 560 296 88 706 30 403 652 87 238 256 324 254 197 295 286 207 366 280 456 502 308 279 16 315 144 285 400 364 536 411 135 276 646 334 196 319];
duration_s_min=[76 92 107 95 95 94 62 91 102 65 71 79 95 110 97 82 97 84 112 78 62 111 107 78 75 85 68 106 118 60 84 102 112 120 89 78 88 84 72 100 114 60 113 79 80 74 65 108 97 73 61 110 88 86 62];
duration_s_km=[60 31 36 46 33 56 53 38 57 53 60 33 46 30 36 55 41 46 57 31 47 34 43 55 53 43 31 37 47 50 60 36 47 49 42 32 60 57 49 38 30 59 41 47 34 30 58 42 45 31 43 54 51 41 60];
num_passangers=[57 46 97 87 67 37 97 68 84 50 76 31 40 39 41 33 22 62 64 29 53 27 83 86 76 24 27 31 73 74 21 25 82 68 21 58 73 27 31 39 82 54 67 27 63 68 30 72 44 26 71 53 83 79 83];
BM=250;
CBM=0.500000;
CEM=0.800000;    