nBuses=43;
max_busses=31;
cap_B=[72 59 40 118 28 69 89 48 69 55 132 73 137 85 36 84 115 78 44 30 44 84 47 107 25 118 54 136 21 63 86 107 57 85 100 60 121 93 122 111 82 111 72];
euros_min_B=[11.318198671846172 4.757606474336636 7.1285801448741015 8.791832736446349 1.8221685808081716 8.433293099511545 13.084271669151967 8.475069891422478 3.4869709383250793 10.645579685268435 6.26407328877211 1.649022668960408 14.193576586519402 5.903430627788929 8.845181215036087 12.237296276203436 12.403360553050819 2.1610131955361966 13.253841029541183 12.74314561314144 8.286874050891624 2.03926943584926 10.34839490743496 1.9576001364071927 3.6204396533729097 9.14201832432709 4.277167021103198 2.108718684425937 4.483181563565658 1.9086835763918146 8.126718018773603 11.117058478747479 11.043127921578705 7.853179142601582 7.649954052879206 13.505427065731904 9.36362429694285 4.3742796372029344 13.472700678591568 9.879594286741025 4.739478436755433 3.28782463851711 11.609714272870125];
euros_km_B=[14.909494280874725 14.484369867636854 12.28380793208357 13.377012750953828 7.629840093116845 1.7056053200446968 10.194961563903187 5.11411083387074 18.86810781078287 20.10532292029762 11.883931931221515 11.271704692854522 13.26766013104359 14.252135148085383 12.235003994223321 9.59115435281102 22.858994424632453 8.908258863416329 26.536699704485994 8.24396735356336 15.163094503554445 2.0629984319219496 13.315362873061659 26.799023110426447 22.261167428694275 20.34913832062614 11.71568805384478 4.353666961712271 9.37965641050278 9.851093319014865 6.204709743952015 9.349844405479548 14.461448248250022 11.169564979283972 5.546939362211524 9.010705637590574 20.21113824410347 16.880630709926187 29.074573504398142 21.012109513992304 13.624299179075408 3.031075847516936 24.264432764333225];


nDrivers=44;
max_D=[209 145 168 180 233 207 221 193 143 214 169 212 186 229 219 195 199 203 200 228 142 129 209 189 192 177 192 168 195 175 160 172 233 186 236 124 182 204 174 165 189 235 225 172];
        

nServices=46;
S_starting_time=[184 71 477 151 2 436 6 477 506 120 194 691 142 239 168 630 118 606 318 174 523 60 700 246 544 550 459 203 338 428 228 633 294 249 709 688 654 374 196 681 686 225 208 398 66 98];
duration_s_min=[113 113 80 72 74 89 65 64 60 63 119 109 74 117 77 99 62 88 75 109 108 78 63 74 60 86 88 67 87 81 116 64 78 107 83 63 115 92 68 61 61 80 108 89 110 114];
duration_s_km=[30 55 31 30 30 41 37 59 41 45 42 42 38 38 49 59 53 38 52 38 37 47 44 55 39 53 32 38 54 43 53 30 60 53 33 43 55 37 34 37 38 43 38 35 39 39];
num_passangers=[72 93 53 74 32 35 79 64 75 38 97 92 99 51 26 26 80 49 89 66 30 44 95 68 39 24 42 26 94 95 57 34 95 73 94 85 25 49 65 62 40 27 62 56 70 80];
BM=250;
CBM=0.500000;
CEM=0.800000;    