nBuses=37;
max_busses=30;
cap_B=[94 25 90 75 60 78 67 33 100 111 96 53 31 48 56 110 20 22 80 57 21 110 118 140 108 115 106 41 29 104 48 84 37 33 22 50 68];
euros_min_B=[4.340169369441826 2.9949711760706537 7.707980880532522 5.227611817440359 10.817268458326966 2.0308364017674867 2.1778160106590203 13.729437620335574 8.087232685025004 2.774627727171309 6.3109554091138715 11.621472541272226 7.929815620829736 9.185673158431378 14.202164052276594 12.5724460518152 13.302940752470224 5.168945568032401 14.718852813552736 12.577215096570121 10.707694204475535 5.356868192292369 7.64368554799397 11.141606081150288 11.293496275869083 1.8288965760335725 10.25515382880724 3.511015926960855 4.137236467855544 4.960413143854267 2.933586630182191 4.793606065358718 1.518287491562008 3.3602147883751163 14.997349913297148 1.6702243231702991 10.721185082223746];
euros_km_B=[9.369811090716235 12.465449902682979 7.164884378364495 6.923804082051706 5.001149504233784 21.433613845547967 19.743472083584464 3.557748226580431 3.9593836810385907 24.599799380051454 20.864588443700587 22.634409692950015 21.643731080774845 29.569472325302456 25.009517374302156 10.25985325457752 17.157044829172225 8.333180213413947 7.462770025267134 27.255678382825586 7.657184765030279 9.19035886379406 23.344182787382707 11.781904336696119 10.565294674173723 21.076689941085753 29.510841699267843 17.896047374044986 9.323742942660832 19.810054526219396 28.889888224193157 9.570532756522137 19.1937010990035 28.279533295806985 7.317450466735263 7.559334065206402 13.035645734164806];


nDrivers=31;
max_D=[138 171 129 211 235 122 229 179 197 236 212 122 219 226 135 175 175 200 134 134 184 224 224 218 213 203 178 205 189 227 178];
        

nServices=38;
S_starting_time=[5 213 116 709 680 357 161 307 108 435 272 277 464 9 449 447 712 425 99 637 193 264 71 376 560 538 212 574 395 2 334 568 265 36 333 490 489 157];
duration_s_min=[104 80 82 84 76 93 61 84 86 60 100 87 71 101 83 88 92 73 84 75 87 119 81 111 104 106 108 85 71 82 77 97 110 88 102 97 108 115];
duration_s_km=[31 36 53 38 55 43 43 46 30 41 35 60 47 37 32 38 39 37 58 47 41 53 48 58 35 42 55 42 31 58 35 35 46 34 53 32 34 41];
num_passangers=[84 89 71 41 81 39 76 41 85 33 25 76 54 41 29 75 74 38 30 89 80 61 23 51 53 89 92 53 72 24 52 48 79 32 35 37 23 35];
BM=250;
CBM=0.500000;
CEM=0.800000;    