nBuses=42;
max_busses=43;
cap_B=[59 31 67 131 26 69 41 124 53 30 61 68 56 82 24 140 93 101 103 117 118 64 67 88 59 90 53 58 108 53 47 131 25 85 127 84 73 50 42 119 59 77];
euros_min_B=[7.197951846154874 14.602541455189709 14.744324476547488 12.00555982813791 11.310497066891575 9.077161912155477 9.433401112205042 13.196699978236385 7.761546198293884 11.802561588134127 2.6492183136903256 3.7364507287383435 6.425836193006954 2.3204337806125865 5.751958581675963 1.318200082793741 14.198092183322714 1.2535205557079288 9.210868926621796 10.232978196845401 12.317472780256569 2.987845451323484 5.711374532868862 7.805889988849621 9.537582643165832 8.62600302515742 9.764347312944018 1.5853240659899355 2.23427872614654 5.440068998433919 12.374927834983557 8.368582596464185 12.293677269810214 3.0804024361995044 5.2552720656271505 5.698621450364243 12.086585861489588 1.716732768521534 7.943758080996839 13.477317498154992 2.725984962579987 2.5965825876592454];
euros_km_B=[3.971189662616539 21.643656090859505 20.670963935845787 13.645722440448143 15.001130339453397 13.522085458185373 19.386974350151803 23.142965677559108 8.396000521688894 17.52960565819688 8.577058824069512 4.2697220007885175 25.242272813515676 18.21525409458285 12.373035044421565 2.1212259783202727 17.606733231458676 22.21718433763075 9.708134863056696 25.095652132423247 17.65495686689478 5.676669223312552 9.355001728023264 5.108123199268243 15.577442358383413 20.4571531962788 4.80888863897332 25.822833195434715 27.602523246633844 19.402152105420782 29.048409093643983 18.45197628423017 20.168810962281924 12.174855402629671 4.191102162670019 13.6143864273804 1.8170565525142448 16.402642689630607 15.361926954290775 7.211437200916621 11.93047010711631 25.78749095030457];


nDrivers=40;
max_D=[184 222 206 168 195 168 208 184 221 193 226 144 159 127 151 165 185 187 217 187 192 196 238 142 213 228 189 223 146 203 233 183 159 164 127 161 236 230 204 180];
        

nServices=46;
S_starting_time=[291 39 293 587 634 216 157 390 114 299 264 11 38 679 112 254 701 372 278 550 367 585 143 273 680 378 478 58 423 367 278 541 268 400 550 38 375 644 346 538 685 710 21 50 707 715];
duration_s_min=[88 63 65 95 77 63 60 102 63 63 66 106 77 99 97 83 64 100 73 94 107 82 94 120 64 76 93 62 91 79 70 77 114 76 60 84 60 115 62 100 77 84 117 105 115 71];
duration_s_km=[46 59 46 37 37 56 52 57 32 60 58 36 53 57 43 58 55 39 56 30 49 57 55 48 38 60 60 52 47 57 46 44 31 41 35 44 50 33 46 48 57 57 44 55 41 30];
num_passangers=[42 79 61 26 68 27 94 23 76 89 51 66 33 82 29 76 92 87 22 86 31 69 75 98 77 27 36 59 64 37 40 90 97 75 64 71 52 49 64 55 57 34 63 50 80 29];
BM=250;
CBM=0.500000;
CEM=0.800000;    