nBuses=52;
max_busses=46;
cap_B=[58 87 20 86 111 76 78 43 105 90 90 54 79 105 51 96 58 87 80 31 100 134 38 58 82 27 117 40 41 75 84 43 85 23 68 50 52 120 92 44 84 49 121 70 97 102 63 34 54 92 137 63];
euros_min_B=[14.935130415425128 1.813137893424937 11.608368858438254 4.4169064949857635 13.143750959723505 9.438875485332654 11.528475933032812 10.06542761173784 10.859954696768906 5.368188383968879 1.7366456287204877 14.764826339996436 13.391962077227873 10.971240328747536 6.802554469831484 6.204916011709342 9.589333045148209 10.714151931796003 14.765004797890487 7.434193578794955 6.260865008903311 3.521925300001077 2.4865175381932794 11.516798423178678 3.5023772658693204 7.8456203959019835 7.364696006023724 2.545312691158995 4.877357165242302 11.794518937161195 13.372230119164744 14.610500511568969 12.919970051785059 14.675626393967761 6.391639032796338 10.718897065159647 8.653536719537929 13.477932791099253 9.411237617856576 11.555489857733768 12.537172458051774 1.4497995051605845 1.0828241903319777 5.8417135212729585 11.684187516015731 2.099296329694814 5.286795758551806 14.431485517747218 4.155697099123923 9.07364069636978 5.496973251399517 6.280611198413352];
euros_km_B=[23.55161237761225 18.694218265878455 9.788986969153111 23.103147625266892 22.517772303060557 21.17820048274599 3.197159600566402 27.922657146811595 9.070390887571971 20.269560856054035 29.96361761864332 20.478876796564908 11.765167734373037 27.271669070667603 21.27440813027011 18.11712076476187 20.52300630621729 27.283392444629158 4.889332706324168 25.97992653248838 21.50815376452886 8.23415698339808 8.95655322770677 12.731839446679633 5.035265535162863 27.24994451910507 19.944402900511943 12.659457227176778 22.152367730980803 8.02321563398896 22.835179671138064 13.987527651780887 18.61168681415579 4.060942985883293 9.120407019533381 24.11966966957002 13.23404412187034 17.314617249735683 29.73665977306784 1.7212052975586318 18.493190686522833 15.587378185516823 1.5955725238688325 2.719316001468816 6.712587096891175 15.770676921227615 16.64007605721994 7.521836918089823 9.962445178664014 15.021738047571276 3.641169894435155 28.914164238076204];


nDrivers=53;
max_D=[126 154 216 180 124 133 212 202 193 197 232 230 200 186 140 141 204 127 176 200 144 124 139 185 213 195 236 186 122 230 157 172 216 203 223 168 139 156 177 131 149 167 192 227 206 225 124 144 122 199 185 145 223];
        

nServices=58;
S_starting_time=[609 116 357 160 118 307 306 556 189 351 356 631 12 546 55 602 236 494 245 216 2 486 582 712 116 651 1 361 359 101 150 196 178 462 29 116 682 65 253 310 525 669 4 321 280 266 484 671 544 387 686 351 245 158 356 607 280 384];
duration_s_min=[69 68 120 107 102 92 78 83 62 92 70 99 84 110 98 67 76 95 71 63 100 113 112 82 61 62 74 78 94 86 70 104 100 111 91 62 92 75 101 86 84 80 81 71 107 103 83 73 110 91 112 80 115 70 89 119 103 63];
duration_s_km=[48 35 49 45 55 60 37 55 35 38 57 31 50 44 33 39 37 34 57 55 47 45 54 42 37 43 31 49 49 52 43 38 59 52 37 43 35 55 58 43 33 45 48 38 51 55 60 35 51 55 46 33 54 51 52 31 50 38];
num_passangers=[74 79 78 24 75 88 66 22 35 33 63 46 64 79 45 41 41 73 52 81 99 55 26 53 54 77 80 58 77 68 23 89 72 47 77 89 64 66 91 28 24 84 51 80 63 87 75 71 22 88 31 46 92 91 74 67 55 25];
BM=250;
CBM=0.500000;
CEM=0.800000;    