nBuses=50;
max_busses=44;
cap_B=[35 30 137 95 50 81 56 111 121 99 38 36 96 130 106 118 62 65 33 125 58 54 43 36 37 24 127 61 128 95 113 90 120 59 113 119 28 99 135 52 70 114 125 69 46 48 26 102 110 64];
euros_min_B=[4.191714212901717 13.39456542311182 14.621459400388634 14.780817861170148 12.634306272121826 14.47782102044305 13.728781652284823 13.216076547618032 3.966675501747799 12.755219730376036 10.092466445359594 4.6146001137795425 1.6122879952714486 5.65473024445448 6.3270578140186124 11.264742991670177 3.6761552145320016 10.29564807134997 13.605608871718806 14.444512981386989 14.505596727512614 6.57473414823506 4.299558241462837 14.104290168077952 5.363125144776238 4.327261655366961 11.274534732549416 7.558325453894825 10.463296626323695 7.625873212563363 11.301205149667066 8.814005714454934 12.732636526688069 6.180220023469781 7.565987560282628 11.64921803184992 5.532789209466151 2.776838698154851 14.528993169854493 1.2558143529011832 11.367739783483323 14.787341272820445 6.639058934037664 9.022332043106829 14.805811223083495 14.97117318321942 11.418841821336759 2.7043281495414986 14.32753024390818 3.271991595728488];
euros_km_B=[12.073673714825023 8.13911066737018 6.450058340955334 12.281588966798289 6.155223182627856 5.503284134722619 4.621849852167238 27.112219260361563 12.31118991437172 14.907177130678267 28.78822060690341 22.111820708647535 21.815208951412547 6.448961796780764 28.623291207477696 25.779329074886093 27.07526850394803 2.699348289844157 16.274867007455285 8.584437250011682 24.84028378040015 24.876240494739633 21.35193606361147 1.1234468119061591 22.117081937550136 25.656098353411533 4.127093126028996 3.035081555722013 14.792893063726336 17.977170456698676 9.89965066155213 21.55207791381406 18.88885981552218 8.519317822764158 2.779775717747173 18.993648617631123 6.904199199094417 26.83463554222242 27.425458265945 27.935468752974483 15.051093927530706 12.886370157047487 12.998020351767961 20.2181640129326 26.765875372453046 10.62738291256281 11.658318255574702 2.6679265934861682 28.501509876673694 29.36869732493161];


nDrivers=48;
max_D=[139 237 180 154 139 172 204 232 226 211 142 181 129 239 164 163 135 155 151 124 208 205 196 214 122 220 182 225 181 120 223 165 170 142 232 147 120 164 196 160 230 133 179 201 195 195 140 234];
        

nServices=52;
S_starting_time=[273 253 682 635 79 520 434 20 663 603 680 96 344 619 679 652 640 194 406 177 15 265 278 152 277 698 92 598 61 86 679 568 434 530 63 378 608 710 550 84 379 333 146 672 489 711 658 665 106 692 350 331];
duration_s_min=[104 92 93 84 104 120 100 82 101 66 107 108 113 81 79 98 118 91 60 113 75 62 93 64 65 113 64 107 92 97 95 103 82 84 86 105 87 77 76 87 115 92 115 64 90 83 60 83 69 119 116 117];
duration_s_km=[49 47 44 58 55 46 58 57 37 56 39 33 38 57 43 46 51 48 46 49 31 36 49 50 38 48 37 35 37 38 55 42 55 38 54 45 52 35 40 30 44 34 37 34 58 41 52 47 32 34 39 36];
num_passangers=[77 42 41 77 92 63 47 33 24 95 70 33 74 43 77 39 62 54 25 86 50 26 70 38 49 62 100 30 74 99 26 92 44 44 99 73 80 42 70 76 23 67 96 92 92 42 50 80 35 30 86 41];
BM=250;
CBM=0.500000;
CEM=0.800000;    