nBuses=23;
max_busses=14;
cap_B=[93 81 41 48 125 89 93 97 60 87 30 120 27 90 139 62 127 62 66 39 120 105 122];
euros_min_B=[13.128099368104275 11.081934224477717 6.873477536660426 1.832095342163405 13.186690616047569 4.247180813694045 8.677415859476804 2.975665265754671 12.611996135340254 7.588381024727714 4.326877783463313 7.220720441362077 5.729915680332571 4.326311136025129 12.30955970115952 8.997178924257895 6.525866055104316 11.05093665085169 3.2034346205233732 3.2567091946813376 12.471661726559041 8.704863462873547 12.170572917101211];
euros_km_B=[5.113758640180414 10.692183434111396 4.490476480659699 6.906246823574759 8.711808549890725 27.089282368943987 11.73040146318476 17.639562910049673 25.817510356999612 16.892435279624614 18.798999512180586 13.704238453847893 7.15820467372882 24.832086591743526 12.535194248359797 26.44586836505951 7.409567690562292 6.936152512418361 21.11965315884558 1.7271624438942406 25.069665141634992 13.80114222037613 22.245166108930583];


nDrivers=28;
max_D=[153 122 185 190 232 192 228 183 176 130 187 162 129 175 163 178 165 121 171 154 196 229 146 175 148 184 238 203];
        

nServices=29;
S_starting_time=[207 46 387 18 107 455 510 117 515 561 337 335 319 343 678 576 454 560 229 371 57 301 329 569 494 410 634 248 674];
duration_s_min=[69 74 85 63 85 106 106 81 92 99 114 64 88 115 83 113 89 89 111 104 86 63 107 110 111 89 94 97 66];
duration_s_km=[46 33 51 57 50 59 33 51 56 33 35 36 47 34 31 55 36 52 45 39 51 52 30 51 34 53 39 49 55];
num_passangers=[86 49 51 49 62 25 36 70 70 64 78 98 69 47 51 34 52 57 65 92 87 75 72 86 24 90 84 26 48];
BM=250;
CBM=0.500000;
CEM=0.800000;    