nBuses=52;
max_busses=46;
cap_B=[46 121 90 80 84 115 113 136 95 44 103 88 34 40 93 105 54 66 102 54 94 57 44 25 88 28 29 51 24 82 87 26 67 40 98 109 78 123 32 123 129 54 101 41 98 22 59 46 45 138 110 79];
euros_min_B=[12.18130501889341 9.182350275699466 1.800156535806333 10.118979822514177 9.65136025624298 3.6959428425616383 4.46534089077412 6.200242895023131 5.92255012131447 7.88852956410632 2.959305276545576 13.125038266886143 1.521781872257838 3.9352768079233353 9.564326962157137 6.4341091627705875 2.5995843469501887 11.044088822051448 13.721320285435793 7.970255257052303 2.026957886012502 13.448176505143202 5.487512542980697 7.888442086837585 12.05485795272806 14.945010526233135 11.958332896060691 4.721152170508936 10.173530142149673 4.869244954312087 8.183091688461221 4.237439459311944 12.908457681604474 13.55027878517826 14.312759857180785 3.4225287052077493 5.242068602505691 12.554690387273011 8.084472177549088 6.092694724736646 4.035772751888309 12.942298729509027 9.67859106018593 9.192808360330657 10.02197320785593 3.655320671276934 11.21278725326805 1.1058815876749553 13.620761487610713 2.182105732728008 13.733251826253976 11.068485737726824];
euros_km_B=[20.72630833084574 28.165109832581408 21.462601785809145 18.437647082957678 7.03551498101765 5.4217303863660256 19.532186879402797 14.787753484254173 16.898491694125887 23.655906944941616 25.082274592738553 29.71073544606145 11.889133381109172 23.10719476250715 9.906616375514188 9.6656561405787 10.714043762736809 13.806979405617401 15.917961208403222 21.94981518491368 4.802780452467168 9.112544755186956 15.892997254779363 14.794356005380553 29.31004336768592 12.052398708895035 27.299163416680894 28.431515076532527 15.416296795509561 10.602039712132209 21.937484816308285 1.5697215532472213 28.912920056365955 10.761224401474074 6.178908097732171 15.883294400794775 2.079619740941906 2.4584558239142114 21.252108339614757 19.9357187115101 6.472035216176345 13.717999355148006 28.388012130022023 4.285889372279845 12.390351484931058 24.01796112676419 1.2705462555826426 15.166704926441831 3.1943626287254583 7.261391653505085 12.68200389496539 24.049023149697955];


nDrivers=51;
max_D=[201 210 168 125 207 208 225 233 142 144 174 240 234 124 224 125 151 194 185 172 191 173 139 130 192 225 232 165 236 136 156 226 185 123 170 230 225 199 141 174 146 208 141 209 134 206 149 235 154 213 240];
        

nServices=53;
S_starting_time=[689 574 601 38 289 23 322 249 371 294 178 412 276 673 577 441 259 121 351 219 533 694 490 132 700 83 381 123 684 391 79 685 507 396 551 640 622 663 320 247 449 424 154 209 3 542 100 143 279 541 294 532 481];
duration_s_min=[100 76 96 78 78 110 120 119 90 70 110 115 69 111 104 92 119 80 108 81 78 65 63 115 100 65 63 87 68 72 97 104 61 110 95 107 113 101 93 120 112 110 68 115 113 112 66 77 75 73 119 104 105];
duration_s_km=[55 45 34 50 59 55 36 41 34 32 30 33 45 41 54 39 45 51 60 34 57 55 36 33 38 44 34 38 57 32 34 35 42 41 56 38 34 41 44 53 53 38 38 51 43 58 30 54 53 51 40 40 49];
num_passangers=[32 62 94 21 82 24 30 98 41 44 81 65 53 84 97 64 44 64 84 53 83 62 94 51 43 99 61 20 34 38 81 92 52 87 28 61 66 85 41 36 87 36 51 99 22 75 97 31 50 73 57 82 25];
BM=250;
CBM=0.500000;
CEM=0.800000;    