nBuses=57;
max_busses=60;
cap_B=[73 136 88 113 84 86 68 94 99 64 104 121 20 75 32 100 51 43 30 91 130 131 90 90 38 83 117 44 76 21 71 123 28 127 53 132 118 39 52 126 88 123 136 20 73 81 95 126 42 73 127 67 73 126 112 40 39];
euros_min_B=[12.761071465335634 11.044733534323973 13.434252479735314 10.232709123332551 4.493808118214107 5.874846143642863 5.755056632989605 5.771018242552941 3.9365957243855982 14.80783338484266 4.950265386411914 3.8684062135562005 5.439291220686008 5.3182254051834486 1.3585847460222706 1.4782919298217303 12.263374708750591 13.928003754411067 2.8426859999815886 9.362002776587643 6.195024208967059 14.720137999641015 8.245272922219305 7.188543474136871 4.106713728230135 3.4003891946059737 12.283715255750456 10.927079495810132 6.6835119644113234 11.857849605208017 14.152856576758834 8.018145650949833 5.1479219164248615 13.502831187061814 6.004159230062303 6.216579592295601 12.895633238595279 7.99473921966085 5.8989854495011835 1.1415686101609896 1.3428048917940105 12.137977929904094 12.62689422596792 5.251017905088997 2.318969872956749 11.007630527071301 14.18738684178504 5.292716925833696 5.862045657922712 4.1081910519683476 6.746324505873427 2.7662751391240956 9.533331029858282 12.356855230554574 13.024822242972283 8.801961534164729 3.717347678602599];
euros_km_B=[13.764303462840381 14.160163168593211 16.241330458724313 25.507607992988948 2.5757133420380693 11.352691336974935 11.216495806368549 19.83700234148211 2.1665256233242416 14.211670917670029 19.080564961028053 26.202874161078103 23.104053358849455 10.854026148260285 20.187315637935882 24.39872992224413 11.243093698595827 3.0606533030010135 9.902263193332477 4.856294013558571 20.10883961657134 27.187664241716792 1.7157785128415064 15.728873425191457 23.885775076502433 15.707865831744522 18.571587147445733 21.08752150145889 6.104895988977403 22.49889514811786 25.238659891634136 15.134655472598006 18.487115637140548 9.0671712503443 25.570868883229696 22.365335131516417 26.364679948958422 21.90226882353484 24.516221405018374 19.87488220969771 29.516351309689025 24.029365143231853 28.289333790153194 23.08872070087948 22.2570923142245 1.5274030261892269 21.43413737360404 14.934265089850626 16.831226125065953 15.749817205268544 19.758486102118084 8.185872970876549 28.9895223350401 23.306428603417537 22.197936872177987 24.354861875677173 27.449588851087213];


nDrivers=63;
max_D=[177 207 133 210 184 144 217 167 173 160 132 158 172 138 213 192 218 144 172 209 132 123 175 174 223 131 214 127 188 186 222 204 207 197 218 122 153 175 125 150 187 214 161 170 132 194 231 156 134 133 181 187 131 215 159 165 144 206 145 141 165 185 218];
        

nServices=64;
S_starting_time=[528 211 185 63 102 374 546 646 309 144 154 267 651 110 212 115 516 527 529 415 260 220 196 121 148 140 43 197 208 475 290 33 362 202 544 244 474 700 185 156 617 339 414 592 20 158 200 609 571 215 407 682 376 13 244 336 344 112 507 295 281 208 688 618];
duration_s_min=[110 76 67 90 97 62 95 77 77 78 103 80 101 72 64 84 88 117 86 113 68 107 94 102 106 90 109 118 76 70 106 96 114 60 111 86 63 109 69 66 71 74 76 92 78 79 64 97 91 104 102 109 107 99 94 72 64 65 108 95 81 112 69 98];
duration_s_km=[45 45 35 51 45 53 41 57 42 50 38 43 56 30 57 48 34 31 47 31 44 59 48 55 57 59 30 43 33 44 58 55 30 54 53 40 44 43 51 43 47 31 42 47 58 35 56 44 37 55 58 50 57 37 51 50 40 59 56 52 36 38 36 48];
num_passangers=[74 38 25 38 53 70 29 54 24 42 52 99 86 53 61 29 51 64 98 51 40 96 37 31 48 28 81 28 47 76 46 64 52 44 52 41 36 24 30 76 84 30 59 41 33 92 20 82 88 67 69 39 72 43 84 21 84 64 79 33 77 48 73 83];
BM=250;
CBM=0.500000;
CEM=0.800000;    