nBuses=33;
max_busses=35;
cap_B=[57 74 97 88 51 70 92 100 58 106 46 97 119 61 55 29 46 124 64 115 34 137 111 102 99 20 20 53 27 108 45 58 124];
euros_min_B=[12.732335861587561 9.36193065658214 11.272219273746277 1.237786491727473 6.952899194303457 11.79966082203385 8.478395460144782 14.098340175162491 14.501977402476431 10.178994783366518 5.805136332232637 12.832253121199686 14.316058721411524 8.439618437354296 10.895008207996932 7.806891208423438 9.186289432956507 11.864223788696211 10.339397108035989 9.500672543630714 14.738882413579459 11.153448452276201 14.191337161169196 1.1729156068376938 4.152644549984469 2.799342473788593 5.445655923412864 11.487387437763468 14.152289953473861 12.814311428444842 11.740963082996828 14.626076057061251 5.632230545963522];
euros_km_B=[4.108633770541413 7.672049439539843 21.223755502388087 7.34986232833676 16.97135103162057 8.15694512293335 20.592105924833206 16.84399170531977 7.785841414367306 23.16123697478722 29.154683198661743 12.63849331193865 18.47391839318296 18.082505010417396 19.868004340931886 28.167859746508064 1.5523223705352704 9.673742673300291 3.453375850341066 19.688281489035482 18.208707840384115 13.578259589595213 17.825437090504646 26.224449264480604 18.0237484274543 29.460072531852525 11.783159888339737 6.205225909153192 20.032391492505838 7.581238645126093 28.969687033564885 7.75431686725692 9.6930700844842];


nDrivers=36;
max_D=[146 176 215 207 216 196 121 132 218 187 219 240 161 152 131 222 177 133 207 210 171 183 124 148 159 200 230 199 180 233 157 137 204 227 170 139];
        

nServices=38;
S_starting_time=[280 478 195 505 132 580 46 55 260 191 698 313 59 340 241 235 464 690 251 417 397 194 209 229 311 638 637 663 8 51 402 681 715 484 285 377 437 421];
duration_s_min=[85 61 92 87 103 62 102 89 103 99 77 79 80 112 89 94 103 71 86 88 69 80 99 88 102 61 105 109 96 99 112 112 80 63 113 67 62 69];
duration_s_km=[54 40 52 39 48 55 31 31 55 41 46 60 39 44 59 48 60 55 43 44 45 33 49 32 53 46 45 44 54 56 54 36 40 58 42 42 35 45];
num_passangers=[63 66 45 49 29 31 32 44 86 73 98 25 83 62 20 77 95 47 98 61 80 95 99 93 29 48 22 61 85 25 60 68 21 83 59 29 24 23];
BM=250;
CBM=0.500000;
CEM=0.800000;    