nBuses=23;
max_busses=15;
cap_B=[37 92 126 79 32 110 85 133 137 90 126 43 98 122 36 111 56 104 84 40 108 49 70];
euros_min_B=[7.5204982190406255 9.258541585937607 7.247817849429939 1.2179698023619348 13.459653134233594 3.0564093888296333 3.966543300378177 11.07577834617792 6.473897940663147 9.56830452202713 1.7372939471329558 11.67724480130079 2.372454917814644 12.225209105662387 11.161780394048193 9.051903981131122 13.731385991152102 7.774248761026667 14.534596687080688 2.297012583527419 7.772838418941863 13.395016540385122 7.04158539558979];
euros_km_B=[9.012453564932292 20.36190265031031 27.57760781133517 28.116264867524762 4.61856611015425 21.691400912333997 23.339958510385504 13.372097804154672 7.009537918571917 18.83674377963702 20.602194334443197 6.78668236341222 2.822959478752019 19.578901797715318 9.022237359593614 18.615779036704488 16.695666437672344 25.695104078245844 21.43356422396405 12.32944001054593 11.789711912720394 8.444316012880996 11.01277107180525];


nDrivers=22;
max_D=[192 192 152 182 239 165 145 158 138 234 200 154 234 235 226 144 150 224 176 161 122 172];
        

nServices=25;
S_starting_time=[560 719 125 263 135 394 475 381 494 189 664 538 495 147 360 412 28 47 387 606 284 286 578 89 388];
duration_s_min=[95 102 89 103 80 80 99 67 114 75 70 76 85 70 83 75 92 62 101 100 118 70 101 63 81];
duration_s_km=[60 45 46 32 52 48 46 52 59 49 50 41 41 31 57 41 47 46 30 52 50 39 46 47 34];
num_passangers=[32 31 66 22 42 41 66 50 70 64 81 89 29 71 24 89 91 73 64 97 59 30 87 26 89];
BM=250;
CBM=0.500000;
CEM=0.800000;    