nBuses=26;
max_busses=17;
cap_B=[27 58 109 97 67 88 30 84 32 26 62 64 90 23 61 137 129 108 93 35 100 97 67 95 106 123];
euros_min_B=[8.598490932287788 4.4155956303544075 10.356034243742329 2.255776309413589 11.30405840686795 5.644690878945035 6.632074986459912 1.2049475827726033 4.5717298168596265 1.1050786108875064 13.225051137402893 12.452540505329853 11.497437941111023 5.853632625206168 10.386159964198749 10.55086668117356 14.828661392630103 9.047796775561773 5.281047647398844 10.275804089257008 8.44003731068587 5.485586785870353 11.620096983161917 4.076567436581065 8.411765578487437 5.332576958791953];
euros_km_B=[26.348969382684636 24.556144281111617 12.35152590735009 5.057537826370679 22.947583382450848 9.720142345041541 5.567291359511684 5.688652365677131 5.501798775460376 16.092767630208836 29.594031246644853 29.118982225406803 15.099205729269913 20.205365667573336 15.64712142799147 20.181306530041258 25.64923909000451 2.4246333560624294 1.40314084602279 24.306486042912002 7.092164344702597 7.649289734828162 7.028691195301421 23.863795515021625 9.550053592775848 12.389741084624237];


nDrivers=30;
max_D=[232 121 232 211 168 232 186 198 148 122 235 224 141 142 201 214 130 175 171 219 192 178 168 143 173 237 178 146 134 201];
        

nServices=31;
S_starting_time=[611 109 215 16 647 530 204 105 575 545 687 294 357 450 276 123 3 538 113 318 70 639 181 53 505 546 287 486 638 482 591];
duration_s_min=[85 75 98 64 71 93 71 112 106 99 82 73 96 68 89 93 115 72 112 63 103 105 102 97 83 84 92 61 112 86 79];
duration_s_km=[53 51 56 36 60 38 43 44 40 53 57 43 35 36 40 42 40 39 44 44 51 60 51 39 58 44 45 39 33 43 58];
num_passangers=[64 96 88 45 72 42 76 99 21 92 44 57 62 30 85 33 86 54 31 73 73 34 27 96 31 29 81 35 69 50 99];
BM=250;
CBM=0.500000;
CEM=0.800000;    