nBuses=56;
max_busses=54;
cap_B=[96 81 87 23 20 26 44 118 52 65 93 59 110 60 77 63 72 39 67 83 46 101 26 51 89 136 119 29 31 90 30 83 125 103 50 103 59 95 23 75 106 59 123 133 134 115 28 117 48 27 77 127 104 71 62 68];
euros_min_B=[1.163853784902622 7.373590428758176 14.676452001884075 2.9220392807688516 1.0342351603178064 14.025150286258967 10.395225989196087 14.165066623915555 8.173216581157462 3.5090477194535135 2.966980029391711 12.340082184080371 12.830094926912707 11.754816161881822 8.418038657351785 2.023108415101322 2.4587649003314107 7.250358834803238 13.331272876740925 5.486902063853081 9.331175539312465 14.747021719018399 5.271694524301507 14.793040728209084 11.944167031398921 13.125071330081024 5.059120051580926 2.175042927591968 7.537236050069059 10.55466521623925 10.495236887500765 2.796056414668634 6.251102705420126 8.600770031267109 13.187079182312585 2.890597167730104 3.8704527571082323 14.788941366693896 6.016354528385817 3.306236622861447 11.594004934162449 4.205306791572047 1.021451961252551 2.5206222226853097 6.8929456614490805 2.1937891320309277 5.713044377058269 6.614459552188421 3.2706830695866795 10.60993098425832 12.010778957594603 3.485002528670445 13.066203609506836 5.9439535360104685 4.35336636434138 6.7778795179343];
euros_km_B=[25.585993258755444 3.727471785519815 9.234924728630592 14.081888140838878 19.4070629269093 27.33257316130155 26.425756498910776 27.336802659333017 4.551475466044047 9.392002399582374 24.31756797209528 24.550744747180506 27.54035396205247 29.71058992003029 21.06952841830774 14.678176587231864 23.190819192928874 5.68416365264013 5.928778036446188 19.975532356535926 15.095908187094476 18.96201375958931 13.60531738095317 18.742170184428563 13.470383729803894 5.948908189219855 9.626499174214544 2.703514464601686 5.796734432015728 19.799720785726674 10.950695902911713 8.98325468815332 7.0736170337903825 16.017287807881864 11.437972506933276 13.69004337638764 6.690294553119999 27.810448705704143 9.081424890548305 27.80382886005824 6.28691882787211 17.27967861925427 11.640541405739363 11.014422961429249 7.470556701137593 24.37406930956755 3.279806252501116 13.996018739219831 11.01480803319655 12.167779207915627 17.63643641721461 17.00392767464177 27.846002935809423 27.602298670858605 23.66729530782081 18.954189308583953];


nDrivers=54;
max_D=[167 165 124 147 240 201 198 149 219 122 156 184 143 187 235 139 174 174 234 228 125 183 193 209 142 202 126 232 221 193 146 167 198 155 170 201 210 132 173 204 198 237 232 136 230 194 145 178 211 216 170 207 164 233];
        

nServices=57;
S_starting_time=[301 454 206 4 261 370 707 149 202 2 627 507 657 658 440 233 507 655 349 144 19 500 139 643 329 124 573 79 322 360 566 309 294 293 11 261 111 492 562 193 293 301 506 389 666 385 645 700 3 594 367 465 298 312 231 497 384];
duration_s_min=[69 64 91 109 105 66 73 64 70 102 93 93 92 106 104 111 98 112 72 108 100 114 93 119 72 86 113 81 74 70 94 70 101 113 73 91 71 88 60 88 67 88 111 90 117 65 110 80 119 75 76 65 98 87 104 61 78];
duration_s_km=[45 30 53 52 32 43 58 43 52 55 32 38 37 39 56 31 39 32 42 37 40 45 50 44 58 56 49 32 45 46 46 57 45 46 41 41 60 42 43 34 46 44 49 36 41 30 53 57 53 37 47 58 58 52 34 32 34];
num_passangers=[37 69 93 93 89 52 36 27 76 24 32 84 82 37 95 55 60 57 64 30 64 60 57 93 82 48 72 70 91 62 40 78 63 95 29 45 81 72 58 20 97 31 21 28 44 35 24 44 35 54 45 82 54 79 36 55 20];
BM=250;
CBM=0.500000;
CEM=0.800000;    