nBuses=49;
max_busses=38;
cap_B=[71 34 109 129 37 122 57 52 96 51 24 109 121 48 134 101 135 46 139 49 105 80 74 117 75 134 60 37 52 64 104 111 111 76 126 61 62 122 50 72 22 139 24 35 89 45 34 114 112];
euros_min_B=[10.73503957475093 5.7399815061133745 3.298077099555573 10.739088322555247 5.501093264870618 10.256135467342677 5.282033861695773 12.72197279594093 11.543918645444474 9.894505782921449 13.354187304054332 4.0079291263293895 6.178312795422896 5.7012119492765105 6.466135301817655 9.712537084165971 7.12842430538938 13.068844918228336 5.450094120779324 5.608825750697921 6.4851343557520345 9.431301504853524 9.416961523347785 14.191285374874468 14.438359181165392 11.696301547498441 9.171666784993617 11.446881004041296 8.842724415657116 14.083649879073342 10.083899448550039 9.00066097255345 6.8113449369089105 8.690237935029149 13.125849053903147 1.3036809950018693 13.533121922629906 13.577207836917902 5.778223775964786 5.876689860408254 14.728718011094857 11.263329754404637 2.979278131661056 10.123581260376865 2.9971452036800104 7.504105711581373 3.331397589154535 1.473815490746602 7.565769053434348];
euros_km_B=[1.394101206782505 8.072713314940035 27.71488348261895 28.255505054188923 5.635457628164863 29.664187554927377 7.283797954725631 20.816914797251016 1.707859338227598 28.454610217209797 1.419110585244391 3.3987410442320556 20.667504251390703 2.6609456595888314 12.840731346906765 18.159765374080216 22.720814954168898 11.199612519950211 21.974514344816285 28.406402816307203 24.01929344059654 16.744446533658063 22.163119105761645 24.25914263133786 15.652829403122638 29.508440499446635 15.886667417624963 17.15662003809809 12.588950537137393 12.3355469670212 22.349355677331282 6.005309773936647 25.47083480978974 7.71617391096608 16.711141516598467 14.243044950534696 19.994381755393682 10.75812243753928 18.64596888671845 22.442161547527075 13.07525814414952 18.531200529222783 11.845255178151442 24.961900853593477 16.234602668423182 6.159502500194622 23.122866395840635 24.55571406089904 7.044835333973411];


nDrivers=50;
max_D=[135 215 174 223 226 120 195 156 233 238 130 195 163 221 197 129 212 125 238 184 189 218 226 148 188 198 155 208 120 201 156 187 173 124 213 170 148 210 142 222 153 144 121 193 214 158 154 218 122 170];
        

nServices=52;
S_starting_time=[228 156 24 677 458 403 336 532 114 140 5 85 258 336 88 62 640 549 502 129 84 27 466 266 242 636 646 336 415 183 513 468 61 715 320 569 484 618 606 86 264 75 274 497 33 15 531 329 22 107 464 394];
duration_s_min=[98 115 88 116 81 115 87 67 70 112 68 63 108 71 67 87 76 109 68 103 114 111 107 89 65 73 71 96 62 120 107 116 118 117 74 102 82 93 93 72 114 107 106 86 102 81 116 60 79 80 72 117];
duration_s_km=[53 30 41 49 35 42 57 52 39 44 50 32 42 39 56 37 47 50 46 59 59 39 39 43 52 56 58 45 56 60 32 36 31 56 47 46 35 55 39 50 48 50 57 53 50 42 37 43 44 40 45 55];
num_passangers=[82 75 64 81 94 68 89 89 48 49 50 78 61 22 81 46 50 50 88 65 25 71 96 37 54 52 36 31 52 50 36 25 33 62 70 31 35 48 95 94 32 89 35 66 94 100 56 49 52 39 60 21];
BM=250;
CBM=0.500000;
CEM=0.800000;    