nBuses=19;
max_busses=17;
cap_B=[43 40 98 137 20 75 49 114 92 102 140 30 52 45 104 89 37 102 45];
euros_min_B=[10.333204563257594 9.653106701365719 4.2408765835067035 13.86161490173047 12.161238537233432 12.266296302026344 10.270238170809396 1.363920949300298 11.098989755056964 9.313923103152106 4.928040381141354 2.381371267233135 12.548714662138334 6.840335019554932 8.342076133443245 5.895270043196334 11.006789276359443 1.4199818056650273 5.25527840582984];
euros_km_B=[16.01358121168286 2.922366938718998 3.375429065618623 15.661354203816408 19.726354221146188 22.575992566273335 7.90827069274299 3.7159724503495624 7.2621695469085905 10.94815853494208 1.1038863007207773 11.37394835022013 6.591704033934388 26.512124240892014 1.7744621072312954 24.664360795205724 9.655169164051673 1.4501977461822966 4.34160552207105];


nDrivers=19;
max_D=[131 195 210 188 169 160 173 212 227 192 237 231 157 124 235 240 219 144 176];
        

nServices=24;
S_starting_time=[150 170 536 405 55 76 98 467 361 98 488 103 684 320 621 579 453 611 143 408 295 442 122 697];
duration_s_min=[69 112 71 78 116 107 80 110 83 101 107 106 75 68 90 95 76 61 87 118 120 70 107 84];
duration_s_km=[35 40 51 31 33 57 54 44 45 30 37 42 43 37 32 44 49 32 56 51 41 53 33 37];
num_passangers=[34 34 21 87 30 83 66 97 71 20 72 92 32 35 91 77 28 57 91 78 86 24 84 36];
BM=250;
CBM=0.500000;
CEM=0.800000;    