nBuses=32;
max_busses=32;
cap_B=[64 30 54 130 77 124 76 59 72 129 111 133 29 129 78 134 75 98 78 83 137 69 82 85 67 80 42 109 40 136 41 22];
euros_min_B=[4.6233443642279815 12.441013070876274 10.893574252440724 9.232496221486416 13.293924145169427 9.116469078113399 13.981215762900499 4.5619831199516625 4.760571447675372 8.643548675966713 12.546773966789054 6.237290725703746 10.130922267233895 8.236702804930665 10.573792398163182 9.018679412888572 8.080952764572032 8.828153638841187 5.884014516387148 2.8246952664027116 6.9251335063401775 3.3284117003125147 14.239723299474592 1.8911228938635902 8.289961678466085 13.84002343703645 2.1911033978905436 1.027710838099659 8.31199644407866 6.133538519381036 1.7745203087316943 10.662688909000675];
euros_km_B=[17.89399869522839 20.78794716387392 8.661826276592823 8.323821346391426 4.021345148706562 17.763459153421284 24.36211530483697 8.430403616604913 9.039433773851991 2.691729566117922 14.89490320152614 6.10935201685601 28.177582154787295 5.731813044387219 9.10046523231599 11.057054273238471 16.28721227452272 13.647240038887452 28.39671321951561 4.873358617111444 11.508073296238367 22.35903250538227 12.203491066471326 27.04332559877415 20.433580471835587 12.398704666594156 1.5309094107271903 16.815841924837034 15.259161701926237 1.5608293855008113 11.019938435894122 19.64996327745935];


nDrivers=35;
max_D=[232 208 169 149 162 208 234 149 203 177 207 237 136 178 196 211 193 183 199 201 130 160 138 130 192 143 166 231 192 123 200 219 186 125 126];
        

nServices=38;
S_starting_time=[701 134 23 468 462 711 431 29 159 426 626 537 3 159 408 604 22 136 16 447 315 73 485 357 378 105 441 164 91 167 567 183 150 421 434 434 216 97];
duration_s_min=[100 72 100 64 81 108 67 81 100 69 101 98 63 71 100 73 83 76 119 79 101 75 67 94 66 95 90 60 104 109 118 60 86 116 93 64 105 72];
duration_s_km=[44 54 52 41 58 30 41 39 58 39 60 30 32 36 57 30 32 59 47 30 44 56 55 44 49 58 58 45 33 31 60 51 57 31 30 56 55 32];
num_passangers=[86 43 57 88 36 79 98 81 84 49 22 55 23 70 96 54 99 47 79 46 70 51 81 99 45 82 84 100 85 46 95 87 25 28 95 37 94 78];
BM=250;
CBM=0.500000;
CEM=0.800000;    