nBuses=17;
max_busses=6;
cap_B=[44 125 75 85 134 41 30 41 89 120 72 45 89 38 112 94 54];
euros_min_B=[3.1081087058091033 2.575736335488843 1.558577769279959 14.825949314505964 10.736432691881214 14.878160651087729 11.174482329988063 12.949537968159174 11.24737110202826 14.460057869120874 1.0154636768540586 4.147893260223334 2.6677996814885017 13.991885897483003 7.386239311930184 2.7057453149878428 8.664651014115602];
euros_km_B=[27.270134108604196 17.967315755212194 13.868528075618485 5.573386310052329 20.18658707548067 7.780513129233049 26.820103777219103 4.5990569511431385 19.42178167211026 18.349953642389046 22.354472924039168 24.62044197936661 24.057149185816687 26.480473874210706 25.56985936635579 25.129181063182713 3.631763804191542];


nDrivers=17;
max_D=[159 234 240 236 168 198 170 201 187 129 240 133 215 134 218 128 158];
        

nServices=20;
S_starting_time=[531 666 203 533 552 249 180 540 367 411 243 311 304 514 432 131 675 248 142 101];
duration_s_min=[110 109 71 100 74 82 73 97 112 76 70 70 89 70 63 65 104 77 96 103];
duration_s_km=[32 41 59 47 50 48 56 54 39 35 37 41 36 52 34 48 56 51 31 41];
num_passangers=[36 40 22 55 62 48 100 47 68 55 38 71 75 69 83 71 51 48 29 39];
BM=250;
CBM=0.500000;
CEM=0.800000;    