nBuses=31;
max_busses=30;
cap_B=[38 98 32 23 98 139 98 81 127 55 113 102 42 115 79 52 132 55 95 122 74 31 27 94 42 54 21 109 99 64 40];
euros_min_B=[3.6869412873591196 8.738891314062183 1.6824719629574088 13.629101631577388 8.92582557493135 9.09723783755765 3.5727263725333973 11.365734845889857 14.787249762117453 3.5703857075830903 1.925785094327145 7.909175762931344 1.8881280909948897 5.929514306389955 5.313007537265696 6.701028974992143 6.4889786842311015 5.456314124289525 5.81528488582792 10.632347310038536 6.378057335593296 8.475276294424125 3.3575752674004393 7.586565387925294 7.438533526637242 10.546111288493183 9.829611870412215 14.141801268528505 13.049066661769357 7.955638833881326 9.495489578827];
euros_km_B=[26.06962160455604 8.931824501833331 16.86949406673513 7.813750419987486 19.19207476545274 16.646605907890798 5.514783924191921 20.04313728111833 28.113419651005646 28.589346739940293 9.05391707646711 9.086796234348343 2.880959207058623 25.020688360624757 15.202063946422825 1.6884265919455923 3.0469267743364536 4.622787680424099 8.797563922901123 19.922613032838807 19.204585895209306 27.97444049092229 10.159796848228535 10.518491811854226 7.079780829137063 4.805078809396958 7.723586082818497 14.520229861263157 3.327161058963343 20.99104676009304 2.4086659970120103];


nDrivers=32;
max_D=[170 164 152 162 132 165 185 174 203 189 138 135 213 140 174 191 133 145 240 201 234 152 207 209 161 206 124 225 201 194 185 205];
        

nServices=33;
S_starting_time=[498 522 560 147 114 295 486 489 279 373 48 541 489 397 427 601 667 410 614 545 513 85 105 470 243 387 183 428 412 222 139 686 155];
duration_s_min=[63 108 100 67 82 69 118 105 100 87 109 72 101 98 90 110 62 75 74 69 81 104 81 97 70 80 99 77 94 81 113 99 106];
duration_s_km=[41 48 35 53 57 60 36 42 50 58 45 40 52 57 52 47 33 53 37 36 48 38 44 45 33 59 41 59 36 46 34 50 57];
num_passangers=[45 50 59 21 20 38 30 74 24 46 27 35 98 92 44 97 41 68 61 86 44 87 90 92 70 46 80 47 99 62 42 84 27];
BM=250;
CBM=0.500000;
CEM=0.800000;    