nBuses=60;
max_busses=48;
cap_B=[107 38 128 34 102 108 89 101 33 119 51 81 28 25 33 103 103 89 130 31 114 23 124 125 113 140 103 59 38 119 45 24 44 131 38 130 105 99 71 26 130 27 119 111 73 28 132 136 120 99 78 116 25 107 89 138 121 55 32 127];
euros_min_B=[11.881658028237101 9.899615137999776 13.360550657131874 12.593115856413503 11.750444951811506 9.564677502138993 14.134630987022897 4.869387785767352 7.295477233529293 2.0163532857280364 5.658667658982811 8.813977144442548 11.087967456260877 1.2101770185936065 10.281897683634856 9.048116125784126 1.5982645109424791 14.86785043017717 2.610432320642703 4.286743624822909 4.15131772600789 4.756421050434791 1.573217316383772 8.948604449090462 13.550034374466158 9.134429322003218 10.816869259006516 4.256127726292896 1.1797836840402849 12.489188396912704 5.102471461042231 7.71737071531253 13.824959348326432 6.129975785752514 13.963553874496919 6.982757967447899 7.39584319317214 10.654481983351888 2.980611440732809 12.164196760306227 8.851985402878919 5.968578675618114 3.0987634977416283 9.478369324380983 11.692710344224357 8.648002405146244 2.35099788797371 5.553408215831046 14.362252951543292 6.789573140452033 3.576990068319633 4.727731113054723 2.984531016397714 11.466575073102229 8.36859303486861 12.099903181773723 14.893244730091805 14.85776682315026 13.352511574505671 13.655623469609496];
euros_km_B=[17.35257504470094 7.870710960683544 6.866269947025122 16.887283061997028 11.268451880238459 17.76700936522984 22.53885201685035 11.993716931918776 29.305897086770003 11.25960531245484 22.609394340103243 27.634412599325703 6.125561968017363 25.094068418200404 4.628147454736019 10.499846057562278 11.546911472951892 8.501967328430577 5.717500757240217 18.12359611059719 14.359636624092344 11.757939702725357 29.501114215134688 21.044308809188234 3.0391046960505075 26.917326970400982 18.692195757270117 7.424949301371703 11.96941810972696 9.848493432270077 21.35960153553072 5.228307831617469 11.1415285421976 8.959577841765043 16.276597545443856 21.044147885934635 17.30700392049508 29.01452883449183 15.210417376984749 20.218631854786462 26.839325144665803 19.952467994155548 21.63547343734667 5.353732961271814 27.431410085058303 12.06095739899301 10.316493722530701 11.331119975934122 7.925727188981691 3.6743359353782306 16.04738994697673 20.55585867864722 15.6244152768373 22.437097592517066 21.947601392808433 18.545640689864396 9.60935049639033 3.368585704025037 17.692940312414503 22.981380553616546];


nDrivers=58;
max_D=[232 240 187 202 189 215 164 138 144 156 161 215 212 192 207 136 201 229 190 188 161 152 136 197 199 233 134 126 185 158 224 140 134 194 158 204 122 169 232 183 173 230 238 240 222 239 238 233 144 182 121 163 201 217 224 212 218 128];
        

nServices=61;
S_starting_time=[136 107 466 502 547 584 532 622 667 134 476 516 549 350 62 332 234 364 428 638 186 228 164 399 700 685 480 249 481 710 544 328 594 398 79 198 138 364 265 280 225 216 668 236 717 28 266 551 355 279 512 6 559 511 696 500 128 706 537 157 348];
duration_s_min=[82 116 108 78 106 104 107 119 73 70 102 99 89 77 72 118 63 61 110 102 83 61 75 88 90 101 106 88 95 87 109 109 98 98 120 65 61 88 86 74 80 89 112 112 104 117 60 120 91 120 66 115 104 99 83 119 90 102 65 60 75];
duration_s_km=[47 31 34 54 42 40 44 54 53 41 49 30 55 37 57 38 39 40 57 53 46 51 60 30 47 44 38 53 42 55 41 31 47 57 43 40 34 38 33 57 58 42 51 53 45 52 38 50 55 34 57 56 56 57 42 39 39 43 53 53 43];
num_passangers=[40 27 54 92 100 32 99 58 26 25 74 98 22 49 45 44 40 74 63 92 84 27 89 29 96 46 34 68 36 80 36 100 82 63 61 51 87 98 37 57 70 73 80 60 86 70 63 84 63 74 22 32 96 40 92 96 20 38 63 62 60];
BM=250;
CBM=0.500000;
CEM=0.800000;    