nBuses=32;
max_busses=33;
cap_B=[137 25 89 124 88 21 90 56 90 109 70 48 45 27 36 42 67 74 108 125 112 92 29 30 138 107 53 105 25 82 131 23];
euros_min_B=[14.609816044409367 7.584591386967372 11.421631924089777 4.2728388353986375 9.277650094397682 7.713885088944274 9.729034590470707 10.82516515611177 12.9762754018806 2.9483219910678398 3.5103705576969855 11.576623852093796 5.60409010942463 8.488842255182355 12.357024204088168 1.03799183802813 13.399381589637848 12.410478697407694 7.208105828446157 10.107151776116186 13.213574493096473 10.401997433107349 6.485489313482721 5.844162042380409 3.3867931145799126 6.066126839091332 6.331902236972194 8.883486715077982 3.7686818221018727 8.323854256275583 1.6973730157838216 6.253876172419372];
euros_km_B=[24.846987896233095 22.74917761542832 3.7635397538337454 21.449135230575706 28.51887085918916 11.403963449656787 26.34483350732192 3.0262174166113636 25.589978916340165 27.152731785723887 13.926104424247724 23.63121949776586 28.093243389170805 8.83287126777237 16.409283796171444 7.886547746502126 21.4079255578611 2.701994654523335 17.433432476709577 24.685651206619355 19.60100647238547 1.9509180056232287 29.2070780685321 22.797660588276973 24.569204265485823 23.236297605226177 25.431625159537255 6.33818016146593 13.638491069989943 24.615561460807733 24.627265337849334 1.6096060816630495];


nDrivers=31;
max_D=[177 224 220 191 152 210 137 217 158 145 143 227 122 182 175 208 206 183 173 142 216 211 141 198 157 200 189 145 179 206 132];
        

nServices=35;
S_starting_time=[169 439 362 716 68 109 532 667 587 595 264 514 302 329 168 10 73 380 228 565 18 225 716 87 713 631 338 717 5 267 180 107 59 458 555];
duration_s_min=[105 65 96 95 70 61 89 80 84 75 114 102 115 117 119 107 74 77 113 71 102 79 75 73 71 99 77 67 62 75 60 97 76 92 71];
duration_s_km=[44 58 53 40 30 57 38 33 49 56 54 44 59 57 30 39 36 44 47 59 48 34 39 45 34 58 36 40 49 50 42 58 60 31 49];
num_passangers=[86 48 64 58 23 29 58 39 67 71 99 32 84 91 74 43 36 58 70 60 69 24 93 45 86 78 99 33 80 55 31 66 97 64 74];
BM=250;
CBM=0.500000;
CEM=0.800000;    