nBuses=41;
max_busses=42;
cap_B=[120 30 137 29 125 132 105 87 90 62 88 97 66 74 128 91 91 85 37 104 58 50 101 33 128 120 26 50 133 116 34 49 96 124 85 75 46 92 33 119 135];
euros_min_B=[1.8831180547469226 9.836091250200674 14.489989264162293 11.517516727667406 6.121263991584669 12.02454397113924 8.556347001934784 3.6758060870293114 1.4415138621570733 2.535924085820531 12.895290791684829 14.648097519542048 2.713623537674292 6.075345791922302 2.1063530584499723 8.74749234903846 2.9736260921462208 8.595806649589067 8.61670544578677 5.313258509100055 5.750403416388382 3.182938914562264 2.219409187143568 11.613698770132526 13.09335011152903 9.32944384774149 14.321292079372398 2.8842987970943854 3.5124993102091486 2.6710852286835127 10.256421388991345 1.0411945796897084 14.722876685434251 3.7421405363514415 4.006826030100244 4.651162502893998 6.506319506711977 7.3833405252794995 14.820348237813155 13.719504907807421 13.373026486504541];
euros_km_B=[25.438395544157846 20.257508274634084 2.5575562429544094 1.1342916509244345 5.879284627364432 23.128781951187012 3.3226133984513195 2.0225575251363748 4.393956538079797 19.99266524022841 19.092189173609807 20.597195249849452 11.266977145802645 12.991388355936824 26.782708702239983 16.156644420891467 24.061793561459545 11.814113535646353 25.341847534140133 20.768145413767265 25.65442027702869 5.218013996184167 18.052991639835 17.463631114006336 7.234295192926699 8.605748023371246 20.753728695349 11.19914078868676 4.699342429891145 15.568453334327275 21.530318706265486 15.92705571909045 11.175479319525984 5.317587878756181 3.828293575907593 21.997526504403236 15.612604526935298 16.339090974476985 10.638751037227271 17.09481463915686 25.706109115424994];


nDrivers=46;
max_D=[175 220 135 229 209 200 201 233 173 196 156 135 214 132 138 125 186 183 162 182 124 142 160 211 150 232 210 158 197 163 185 170 152 221 228 124 140 183 150 147 148 152 187 213 223 148];
        

nServices=48;
S_starting_time=[552 648 677 492 525 304 101 548 161 442 247 575 411 345 6 300 437 258 568 132 644 300 8 44 657 13 639 648 16 66 515 225 699 718 494 429 181 319 719 427 95 214 296 500 627 574 60 209];
duration_s_min=[116 101 99 102 68 103 83 67 86 95 110 75 99 115 103 83 114 97 118 65 64 75 76 93 64 98 101 97 104 68 119 105 100 118 89 99 107 100 100 86 110 80 72 96 118 75 120 62];
duration_s_km=[40 36 32 48 36 31 34 49 40 46 38 33 32 51 58 55 57 50 41 49 40 60 39 40 46 45 49 54 35 45 51 47 51 57 45 55 31 48 31 55 35 51 57 60 40 34 53 34];
num_passangers=[32 27 25 26 86 46 36 62 30 95 34 89 97 50 82 77 30 30 97 46 95 53 40 51 22 73 52 82 100 86 86 94 39 36 37 70 81 49 80 73 29 42 99 38 43 94 88 47];
BM=250;
CBM=0.500000;
CEM=0.800000;    