nBuses=26;
max_busses=21;
cap_B=[88 85 31 95 38 35 119 111 130 107 112 107 89 49 67 109 56 139 103 83 37 81 117 28 61 25];
euros_min_B=[5.739541962670504 10.197281691690886 11.89056452920356 12.565661343358606 12.14099896019159 5.662110153747642 7.202466727495386 2.9541654477050523 13.902085011546234 11.554467626413189 11.779644173954201 7.972063875681281 5.167085760113857 11.218683578642544 10.554282118425572 4.551135068506048 2.347793688715097 8.2704527239422 6.380111820840664 5.56288355544992 11.395766313822765 8.284103017989867 13.285824211023264 12.277359593792493 10.643131688345393 11.31538894728438];
euros_km_B=[27.315962807583716 17.70372688488626 12.054323194178892 12.144192939683117 7.9124582465682405 29.686243973214616 18.81805726765043 7.8012638953089795 24.737865912001034 14.126875309673052 9.97654126622876 18.52418750309063 23.772027810026813 3.174323059890595 9.656437452445795 4.083172904140964 22.51105083843122 1.250137646373021 12.029087068345325 26.4964929617769 10.289044460591674 15.165187725713178 28.22593364901633 23.302885442803582 29.891959994399834 27.905664026692055];


nDrivers=20;
max_D=[226 120 206 194 182 225 174 157 187 221 168 155 228 170 155 212 162 214 127 183];
        

nServices=27;
S_starting_time=[237 635 333 515 635 192 406 424 72 668 464 329 197 157 378 51 595 2 371 205 385 391 154 562 667 494 421];
duration_s_min=[92 90 94 103 60 110 94 95 120 100 91 90 117 63 98 108 99 108 86 79 96 82 95 119 108 99 86];
duration_s_km=[35 57 57 43 58 50 47 37 36 47 30 43 35 48 45 34 55 57 60 40 40 41 43 45 33 45 30];
num_passangers=[87 97 41 95 100 52 86 44 66 74 81 32 95 20 27 26 58 65 21 45 49 85 82 29 44 44 42];
BM=250;
CBM=0.500000;
CEM=0.800000;    