nBuses=54;
max_busses=44;
cap_B=[140 67 80 80 79 68 92 105 61 66 118 21 89 105 68 111 79 96 70 130 25 101 53 29 49 123 125 39 64 77 102 133 120 109 65 91 108 45 97 132 52 60 21 93 30 119 32 35 35 132 29 81 50 129];
euros_min_B=[5.343610250655172 2.743945061461717 13.131232527053843 2.7720771302397296 7.067147933858445 12.375023265326963 4.232911726581613 3.6943465573631267 5.28669016906605 10.149447147925745 13.813709961571128 8.160559531935412 14.443215734627463 7.9985964936791465 11.12819973034594 6.502875837151916 1.9780772246794547 6.820545219581444 2.6495006553662854 5.896015514156376 9.279558226143626 4.256509349021175 13.435133251734552 2.519694392989611 13.82365199849328 5.002153166243481 9.172873038623877 3.199939919759492 10.37700754782471 14.942715131152317 10.942623862983593 9.206871940144392 7.471398865983184 4.296091566871726 9.697336057973269 9.835522355765027 13.306186985597508 11.313094054379231 1.4207807543987698 5.852317957308379 13.80831877418143 12.997718465025718 4.879278428002745 3.2103057123126932 10.947658751027852 12.771525394415871 4.319449903677211 3.3270555579800014 4.674145489938453 3.0914749315128285 13.25205095831484 12.746361924867491 7.6889449172406765 9.784321178418367];
euros_km_B=[7.761093668790924 1.0931806822712806 18.778411111116533 25.063181085324445 9.995071132016378 11.579415529398148 9.321579013580997 18.1067717763989 24.274547870098232 21.69705477563588 8.121508700608658 11.367178481479986 3.3858058877220296 23.509662822225945 24.460316366486925 21.08059080865979 11.749513881705562 26.117874962270232 12.440834697690482 19.903014322715137 24.734916495946646 13.976969483594974 9.930506992556444 28.95584168611693 5.4203983733366154 18.751581372858862 4.062064888031804 17.553100072893386 3.5570935503725867 23.712535581920108 23.143411201865934 17.919145764619053 10.588282785996148 4.351281843538833 10.100749203532295 14.011128830198047 8.078630128591282 18.037877839947132 6.14782076265693 22.322415280903975 27.00027944644185 1.5876921778701378 19.50264389760539 17.666544150612513 29.13251616113481 19.219938993695592 5.1013751627842545 17.380612231909 28.916060727681483 9.342455102662317 22.072149494693356 6.103705395243369 16.437653725854183 14.793470774445954];


nDrivers=51;
max_D=[167 173 124 120 170 181 183 135 162 140 217 200 193 198 203 142 122 125 161 135 157 240 215 181 142 192 135 195 235 210 152 165 232 139 221 227 179 169 224 181 233 235 150 120 235 209 207 140 166 156 141];
        

nServices=55;
S_starting_time=[414 173 495 307 650 677 534 212 425 550 96 679 326 7 386 99 136 406 702 161 174 295 612 485 713 21 41 573 397 520 49 157 314 168 306 417 712 411 264 224 481 619 222 74 91 205 702 38 41 85 651 236 514 64 114];
duration_s_min=[61 69 83 74 105 102 89 111 85 81 93 85 65 70 62 69 82 63 110 100 110 107 87 77 75 96 96 93 117 84 119 101 84 75 103 67 66 104 72 113 61 111 64 74 115 91 119 117 116 70 68 75 88 97 107];
duration_s_km=[38 48 58 49 58 43 58 51 50 39 51 37 43 32 39 34 53 48 51 40 34 44 55 40 36 40 58 59 54 34 30 30 46 48 32 40 39 59 54 36 35 45 50 40 60 56 54 33 51 40 59 48 48 49 42];
num_passangers=[99 36 27 93 70 96 90 96 77 71 79 71 59 25 60 41 35 53 58 95 75 99 30 35 85 28 48 62 49 28 79 55 28 83 63 80 31 75 97 73 75 41 69 39 80 71 63 27 33 35 95 37 23 20 97];
BM=250;
CBM=0.500000;
CEM=0.800000;    