nBuses=22;
max_busses=21;
cap_B=[130 70 120 43 32 34 36 92 25 50 82 65 118 43 62 93 60 95 89 49 30 136];
euros_min_B=[13.760733434647017 11.764817738222586 6.635303327419618 13.349477929454633 14.22398802128088 9.100844351143095 1.2863225404235261 8.17828028225626 14.106540210260045 5.720983200706424 8.022142115019122 14.848574045327839 2.626133726487723 14.396570500162259 13.924915413120942 7.033457585057669 7.910225771891484 14.289849533372372 3.2819489138544133 3.923604907113127 1.8648521191038683 2.6134085587820204];
euros_km_B=[6.342810567493894 3.789366407498785 20.61951642485425 7.64715723583798 10.338646192585278 16.637039143112553 25.095520268664494 17.474368367473264 23.993682325938938 7.737904196440066 4.97376488072643 16.81703856432557 20.2142002469428 16.61605364521307 23.260065169300624 24.767959109845524 6.9767665386035365 23.41278335000697 8.274784323961388 9.228768637181098 27.0747292616895 28.521141886070932];


nDrivers=25;
max_D=[221 165 177 177 136 130 131 121 193 182 151 214 146 160 177 187 200 240 129 137 138 223 187 240 128];
        

nServices=28;
S_starting_time=[696 695 104 513 38 316 254 597 627 208 642 378 643 296 69 463 569 517 690 424 208 431 712 594 522 632 428 279];
duration_s_min=[115 113 105 76 62 115 65 116 114 119 118 78 95 67 101 116 61 108 72 72 90 101 64 79 61 113 76 90];
duration_s_km=[34 38 32 57 42 49 34 34 52 50 41 33 48 38 38 57 58 30 58 37 41 32 48 31 34 40 40 53];
num_passangers=[86 96 53 51 85 75 40 73 20 25 83 43 83 71 45 91 66 53 41 57 58 71 39 80 97 63 94 88];
BM=250;
CBM=0.500000;
CEM=0.800000;    