nBuses=57;
max_busses=57;
cap_B=[43 126 120 122 125 121 131 111 24 85 60 77 110 118 133 56 71 34 138 135 38 139 42 82 124 75 140 35 125 24 93 107 115 37 100 104 75 105 21 58 40 27 55 74 28 52 85 131 105 47 92 92 92 47 30 139 107];
euros_min_B=[7.7889730534010475 11.754213088993406 7.296529472849475 12.717543884176521 7.916882351461853 12.431596490015755 8.024620713753556 12.771997827445146 6.767226226880286 12.080567353881767 6.842122560441505 8.063762518202092 7.976747987932093 7.461985022451264 13.023616814163084 6.158629965666811 6.357759111790982 10.838993388770263 3.8895433335941956 3.7964207093147744 5.235260165913269 2.232061301656055 2.3685199445870815 8.451286448418582 11.15555942657313 8.42146931985546 4.135745945430788 7.754534829956329 8.284576942995901 2.845973811549717 6.843652625457163 4.846794362856574 14.61682221138674 12.341980793713674 10.16766013000893 13.171159594587083 10.21415371828154 10.61793775761582 2.0324333336849163 11.045951095893919 7.429576262009376 9.848263488677313 6.226094895241749 1.831382947040489 3.2423635800944437 8.264277534177404 5.944871576122718 7.943042373746112 13.31460491893827 4.05515497854828 3.697924933919683 13.05854627514736 12.24539474896489 1.3630953981124472 13.964279667153882 7.38332727834306 4.965340326015719];
euros_km_B=[27.65702014897788 24.714573959562426 5.357052855251725 19.53170557544544 25.638695534967617 12.695698314664075 29.836894263737165 26.824257923232018 16.49263775508424 22.951949362765646 26.567629636202444 1.5622585282515706 27.36513666600865 26.361598349489004 2.328272771971537 2.6081652227208485 4.494738794822814 18.89099789909736 28.2764317944533 18.334805992905675 28.201845490453486 22.86874130498109 11.604098185282837 23.263413114290643 15.562620854513131 17.661135209020333 16.633426317209732 23.37862778950924 9.56687427407643 6.031659755139826 26.130401297128035 12.86805779474264 3.329637054641079 1.7966694859201686 27.52443414953691 6.541806922438472 16.230902399074868 6.895364687542284 23.303335480128105 21.34796275851893 6.334164775389366 3.7103224731015723 6.074385913934089 21.305691904858225 23.11360068605434 5.065201454654299 3.5082546045927776 9.985039677717022 23.050704553344595 8.502375648850041 29.354207129909057 10.66030576016661 23.56361252258964 23.053821622136823 11.844466517377883 16.45434887061385 19.651733292717893];


nDrivers=62;
max_D=[159 176 190 134 208 168 222 205 129 145 185 142 230 125 167 165 176 135 233 158 177 172 227 185 213 214 168 222 179 128 224 182 186 202 192 177 175 195 169 176 183 205 191 196 125 212 188 158 238 238 201 197 147 211 187 131 207 234 224 221 124 158];
        

nServices=63;
S_starting_time=[700 496 645 601 482 463 549 83 243 342 76 442 250 323 234 551 429 1 448 155 170 36 646 363 447 273 700 361 398 211 148 241 190 451 592 29 340 264 667 536 77 170 128 663 623 270 420 410 694 75 267 286 634 140 321 152 320 425 253 416 160 240 559];
duration_s_min=[94 95 100 97 103 118 100 91 83 109 118 93 81 82 101 95 100 72 111 64 100 69 92 86 70 81 71 72 118 111 114 89 104 107 75 109 71 114 117 92 72 86 119 111 117 87 114 102 90 62 93 93 93 94 113 72 107 96 103 67 112 85 68];
duration_s_km=[35 38 43 48 41 48 55 46 40 52 42 39 30 36 52 47 44 45 37 44 36 39 45 33 36 51 43 60 39 54 57 50 40 38 43 40 55 55 56 46 46 50 45 59 46 53 36 54 34 49 54 51 49 58 54 50 56 34 46 49 57 48 30];
num_passangers=[74 60 57 68 94 41 62 80 83 29 66 35 34 50 29 72 29 95 63 60 59 95 100 40 90 93 88 100 91 35 31 89 63 78 55 43 99 31 41 92 34 79 42 67 80 42 58 79 26 40 51 85 96 30 33 69 82 99 49 76 98 35 39];
BM=250;
CBM=0.500000;
CEM=0.800000;    