nBuses=53;
max_busses=49;
cap_B=[126 23 86 21 95 111 98 127 125 24 114 101 101 40 29 118 98 100 59 98 55 53 41 73 46 138 72 107 115 49 36 124 45 51 104 75 48 106 51 108 61 52 62 119 137 139 45 60 113 129 44 107 37];
euros_min_B=[10.803258243240276 7.046095351221783 10.99989937607152 4.36478285681083 1.2094021010977782 4.528448160715018 7.324715709445995 4.164740309759302 14.196335414079567 6.316719118255718 13.428541124227335 3.369897120130611 8.541266561145145 9.034232660507522 1.6196798912434816 7.4255454786194015 1.914908338738164 11.89148302126986 1.5753303075988077 6.946097542812583 14.69417612177471 1.1958498718919643 1.3634904339770832 9.159760043166974 11.37632417149212 5.620988544818475 9.485699388187527 11.874566001773115 4.957272139157909 2.7076118236885165 6.925468128534548 1.7637927945053282 5.065335863704243 13.190624764893814 6.418518842787316 4.811386519859164 9.38045545358739 8.027213280263743 12.114531979004258 7.0677838626573255 8.085812278968202 13.47553737481549 10.06616986050858 10.250699942263484 6.391892609827651 7.658201587613551 7.579864219654789 10.695207334347206 5.094663603854821 12.471282379834733 2.930566520674372 6.703769180554158 7.235336540321904];
euros_km_B=[5.007860692826638 7.1544115446685215 26.242375259981184 10.700701044910362 6.6338172498392485 23.58383002863893 21.6671365186121 8.40416369415736 18.857233683793492 3.6010672411521893 20.209232329280535 28.38380663732943 13.354009045161465 19.680917091166737 3.1475102126918797 4.947567604138657 12.528188886333917 17.75574600403621 12.257144080422787 19.844674690440495 2.7335863963439233 6.642366794444657 20.880429639772935 29.53401343354227 27.271577243983526 21.470243744270853 2.696665009127004 10.944701286045085 20.754018881803233 8.68858344440407 6.283842480995764 9.814958381987518 8.074669725320746 9.832928849691804 9.29300014184763 7.581983516730715 29.57771615494524 27.27848638720933 26.306112162216227 15.735645632702157 17.002343802475412 14.500324165909687 15.520902549231984 10.505396389489626 24.68403988336218 3.605473056084687 11.894286254323449 7.105090592973914 28.821817431727016 23.74353495345276 22.483197670051734 7.528524972850609 5.228697230218514];


nDrivers=50;
max_D=[133 154 187 235 205 189 182 180 203 231 161 156 182 137 209 139 195 228 186 207 152 201 179 187 163 213 184 174 135 189 225 129 143 221 214 201 181 192 132 129 180 232 149 194 212 235 192 140 159 137];
        

nServices=57;
S_starting_time=[401 197 218 115 53 604 466 71 289 317 543 76 254 241 379 90 619 119 511 194 317 45 313 631 253 20 252 717 580 199 542 273 30 16 310 385 564 598 64 705 515 483 304 146 408 379 175 55 199 484 712 155 671 388 485 473 577];
duration_s_min=[87 89 92 96 77 74 107 81 77 82 82 112 88 87 78 67 65 82 74 104 66 76 69 84 110 94 108 68 105 72 93 70 76 70 101 89 109 66 99 107 115 61 103 89 66 85 72 111 110 63 69 75 114 92 80 83 102];
duration_s_km=[38 37 59 42 32 34 53 57 59 54 55 60 55 37 56 31 43 48 35 47 32 51 38 60 60 44 41 32 40 54 43 60 51 49 49 45 55 30 43 52 59 50 32 49 33 54 44 54 40 42 36 32 31 48 54 53 41];
num_passangers=[51 91 82 27 38 58 72 57 100 31 80 25 98 40 44 20 67 33 69 70 36 66 99 31 29 92 56 97 86 93 83 37 60 31 100 87 69 82 79 59 91 98 36 29 48 77 75 97 39 90 92 80 29 55 33 100 30];
BM=250;
CBM=0.500000;
CEM=0.800000;    