nBuses=30;
max_busses=20;
cap_B=[119 133 50 61 26 102 106 88 119 127 93 106 56 54 81 129 90 101 39 93 82 74 128 53 62 34 120 53 102 76];
euros_min_B=[13.291509122377057 5.903847489899101 13.266575803165157 7.7030208147367 14.359382410983304 4.010608058298633 8.134213319313329 13.898890311068966 3.433037530342996 3.572958700657258 7.61552680266973 3.578206751586177 8.778422631209239 5.675679989976262 9.576375377771297 9.453494574667696 4.444517400294766 1.858734641692839 10.42618567709453 10.026256659166766 8.642725362160308 2.2204950107531465 10.065652882439876 6.951629780854996 11.359449565993176 7.6370631668096545 9.044585276999573 9.965048281453802 5.420099684023041 2.4172773648803383];
euros_km_B=[16.465836853669217 10.341089041682828 6.725508145727386 10.845645319108488 24.230156163596774 14.262398878696702 22.182943043806706 29.3790066629366 13.141751708298575 13.889969075338435 26.700206269635338 27.92778765226397 9.291478369269269 26.43506172489794 6.239584520187458 23.453076858738967 17.446159286940635 11.65979586207059 20.922346476055047 23.519565253681552 27.010178693583022 1.105423131238036 24.695341540427624 27.9657327589565 27.077547107568268 28.19472512964206 13.715128079403748 1.8794279778474303 21.940903362876327 14.545183528358724];


nDrivers=33;
max_D=[152 230 239 195 228 200 180 128 142 172 142 230 141 211 188 208 237 209 139 127 199 240 124 214 168 188 163 144 141 175 163 147 201];
        

nServices=35;
S_starting_time=[357 578 232 557 493 691 82 483 530 296 308 162 259 319 433 512 53 48 301 434 657 543 659 401 523 216 350 396 203 422 577 353 716 163 247];
duration_s_min=[96 110 86 84 88 115 79 119 116 85 89 69 60 71 76 83 78 78 89 104 81 96 103 63 92 110 96 82 74 95 105 84 69 118 73];
duration_s_km=[42 32 53 56 57 41 39 35 56 44 37 49 32 52 49 42 39 33 32 47 54 31 59 54 49 46 33 38 54 53 40 56 34 56 59];
num_passangers=[98 55 90 29 66 76 61 71 69 71 29 59 75 31 100 98 90 35 23 35 73 68 56 54 98 27 30 63 53 69 97 40 83 83 92];
BM=250;
CBM=0.500000;
CEM=0.800000;    