nBuses=17;
max_busses=19;
cap_B=[126 39 90 54 50 119 48 46 105 48 45 103 119 82 125 93 54];
euros_min_B=[11.773943811015283 14.40587036605702 9.550717986984903 5.930694779644118 13.455649926463144 4.206080591132967 5.788996011718819 8.130998336340804 9.058626279456472 2.809409584215543 13.362888424528508 10.441113104410363 14.48764696220831 1.4130329238420882 13.418559398905195 10.448873163986434 3.9567136301920005];
euros_km_B=[2.4326779883890057 2.612951505619407 3.7949848220903957 4.314871594731167 26.996230351352544 26.986253549643923 10.49295085780277 10.475736101071526 23.371576230462775 19.515730432351408 21.14159399490525 29.550031130371625 20.74683735984484 22.946262813914895 28.752711291370012 10.391402474294285 18.373014403184502];


nDrivers=16;
max_D=[214 172 150 198 193 232 159 154 196 164 132 240 232 165 136 208];
        

nServices=22;
S_starting_time=[91 675 593 275 665 135 482 85 404 466 638 132 543 623 670 35 199 572 646 87 279 118];
duration_s_min=[112 103 111 108 109 71 105 107 91 69 81 103 70 62 117 81 72 109 87 77 81 99];
duration_s_km=[40 31 58 60 33 41 32 60 47 53 57 52 51 34 59 36 34 38 53 34 53 59];
num_passangers=[84 59 78 42 54 58 95 88 21 72 32 75 69 44 96 50 75 76 77 75 59 96];
BM=250;
CBM=0.500000;
CEM=0.800000;    