nBuses=48;
max_busses=42;
cap_B=[113 100 86 40 104 45 92 32 28 119 89 63 28 32 111 97 140 104 118 137 25 61 107 134 120 21 103 73 75 128 81 69 92 74 124 46 80 111 119 79 80 21 103 61 133 136 85 139];
euros_min_B=[14.375975001137316 10.354717905871466 9.731516976792134 13.480680495918996 12.223501604447584 8.031846394976085 1.2852455518953012 1.8053670402168385 9.078168885799448 9.548735579889435 4.252138200578435 2.2561346850826034 13.070703455419181 2.250447817966389 12.104960045770348 4.765023696371479 14.476090079684258 6.988720665162484 5.500127390314232 10.65325607794477 7.859018574377083 11.246728531646937 8.12651092092377 2.8233384711089338 8.578252620568138 12.024298403376834 14.701746792545404 1.7206955265485475 2.91862534766399 11.968726333584412 13.981562363917384 10.579020219627298 5.131895665292854 11.336279397233202 7.194632488815017 9.942415227653541 5.958851527154131 1.7059869081086145 5.52059183426867 4.493176876741853 1.1060104695697324 13.905537665982889 9.01822890960347 1.9566845309649379 7.623765709914163 5.130199500769719 13.608696508033674 8.121861213678931];
euros_km_B=[13.342934622285322 3.2963224873072474 25.071922786688205 21.541549111284112 20.899816755644203 7.979225865600068 14.818273200858847 15.253997360542671 4.322422882692514 6.966055871227816 16.503780797196725 23.6274503982397 5.7767653467650595 4.035803416048463 3.8525717981622307 24.408364832422457 29.816953927970488 6.082241322094985 18.279864984842366 22.48082777536932 28.90298966685872 9.665771897005463 7.66249692940009 18.93685961306413 20.128669366508092 14.386599904847726 21.032760049572925 8.966401751940904 27.319915744182644 29.11279158631403 19.113928502298368 25.113687984378444 14.859332172193596 12.12724707539954 1.5438241223725435 3.1778563637798314 27.29542837346842 18.479367197460867 1.9348101316715272 18.638565039832034 24.353092227601735 8.260814172324519 5.326782098555824 16.477125516900266 28.53742450284728 13.013605706102066 1.7479370537986991 3.543597234322712];


nDrivers=51;
max_D=[212 130 193 221 144 162 157 132 213 238 190 191 196 144 170 203 133 166 221 154 123 123 179 193 195 149 226 155 133 124 164 177 130 179 221 163 136 131 134 223 174 143 213 143 183 168 145 175 135 233 184];
        

nServices=55;
S_starting_time=[223 428 613 267 515 578 581 121 19 676 326 431 211 546 196 441 298 582 391 285 180 598 54 699 647 486 577 362 344 15 233 540 360 619 588 152 711 561 387 517 523 45 373 558 694 415 203 132 184 216 53 130 207 274 494];
duration_s_min=[111 85 96 60 60 103 99 85 73 62 87 106 79 112 94 71 82 105 83 109 96 113 99 63 112 88 80 89 75 81 115 109 107 72 76 107 69 87 85 100 60 104 105 94 100 72 70 68 77 94 120 106 98 108 119];
duration_s_km=[40 41 52 55 39 47 58 42 58 54 52 50 45 54 54 38 48 47 48 54 41 31 54 42 32 55 58 33 44 59 51 33 59 32 49 37 50 30 40 41 50 60 33 39 37 60 50 46 38 45 57 31 39 30 60];
num_passangers=[69 97 54 45 85 26 35 37 36 69 86 58 88 25 36 86 53 52 84 88 60 29 69 77 46 69 50 56 96 71 30 23 22 95 73 84 31 29 99 68 55 79 38 73 85 61 52 86 98 88 85 84 84 91 63];
BM=250;
CBM=0.500000;
CEM=0.800000;    