nBuses=56;
max_busses=55;
cap_B=[122 41 133 101 105 79 101 139 34 65 133 112 122 20 114 45 51 89 96 52 23 93 56 99 107 133 86 52 33 93 115 78 60 56 22 33 106 94 117 73 88 75 85 140 42 81 123 65 130 121 131 138 62 45 75 102];
euros_min_B=[10.256783590359953 10.296571332967583 5.263184672110652 14.286140419812673 5.6685122460880795 9.27440639013858 13.183421138074818 9.27695748744566 10.347060264535413 7.475813984650873 14.455120862475304 2.8036645545666588 5.660427351203543 14.62026519078167 8.74530282140597 3.8705441223335564 5.171186706193857 9.389329197980285 8.907002977363597 4.05954307324529 9.669180016761219 5.702124783337438 5.166329178616007 12.719128087606983 8.896392691891698 4.6960163176198595 8.093488638574343 4.429134223713923 10.759710809323144 4.6290356814924145 14.411359232957237 12.717027016138422 2.4714827314470877 14.0313462949159 9.319925039981516 14.373990434051839 14.41946778775617 6.750976184378681 4.920454013224165 11.623683751793507 1.3447244066966124 6.110109831071378 14.798439153628628 14.829958252678775 10.022070100975997 1.4776063016520238 8.583376534726145 4.340982640367303 7.187308040576581 12.926439024237744 3.124601579844999 5.364858190221375 14.939793847584161 13.67596528510748 13.710488820968237 13.439705480100693];
euros_km_B=[7.500984836201689 21.505730206566415 21.160032298083816 12.414253688088232 19.716906017492743 12.726866784560968 24.156939140586825 21.90844649960167 21.783740550718996 8.745298947962901 19.411933462434188 7.544353610160476 13.923504764079103 21.249828283804177 25.09033564752347 27.429961230263274 14.474210752757342 16.65750822362273 4.431135823805068 18.110785100054347 28.68015779692947 25.516756236033004 4.095344848276106 6.903971077658346 29.212260668417713 25.843923389369326 9.381787333636822 17.94764519945408 14.204242732781736 5.839009777895551 10.988047661527249 19.740034437813677 8.339051724571553 14.320639548028328 11.734235099067108 29.295159478165353 4.480599227433748 7.886344783666982 14.02854841931206 24.951311224921668 1.9493928304647539 28.793518978165952 16.490786843210337 16.040954736369237 17.003367537264797 9.574219657706394 19.06892050837548 29.4053819685426 27.488553172153665 7.881373874573081 6.858146115211747 27.463730605863606 2.720340035789749 19.588471082266363 19.752782604159485 24.713269906948565];


nDrivers=57;
max_D=[135 132 228 221 151 219 122 226 231 199 182 187 233 148 235 175 198 165 213 174 153 198 173 159 236 125 208 195 156 199 172 220 125 159 201 157 221 184 229 215 133 124 240 180 183 137 123 231 186 168 225 192 222 133 191 149 147];
        

nServices=59;
S_starting_time=[661 627 313 201 242 141 97 687 651 218 158 256 335 460 42 418 608 601 47 585 197 223 546 414 158 466 231 199 672 61 344 237 197 470 50 472 681 245 439 630 329 76 16 642 324 578 629 656 696 53 647 10 188 337 67 4 607 632 448];
duration_s_min=[90 90 87 67 79 117 103 117 62 63 98 72 112 119 108 70 90 66 80 113 83 63 61 117 66 81 61 119 76 98 101 108 81 71 80 62 84 81 89 77 117 105 77 93 87 117 84 78 104 69 105 101 82 98 74 110 84 87 101];
duration_s_km=[38 30 56 58 57 41 37 44 35 40 53 32 43 45 60 47 53 44 60 52 34 43 48 56 41 57 42 44 58 55 39 54 34 55 55 54 49 57 43 40 54 43 54 53 55 45 33 40 45 41 36 50 52 59 33 57 59 54 34];
num_passangers=[42 72 37 33 33 48 73 58 20 58 32 27 86 67 42 56 24 71 89 37 36 70 24 32 53 87 40 37 85 21 40 83 38 65 23 96 22 83 38 29 92 59 38 71 63 85 34 67 44 44 82 59 82 83 65 84 76 60 75];
BM=250;
CBM=0.500000;
CEM=0.800000;    