nBuses=23;
max_busses=16;
cap_B=[33 104 117 111 45 76 67 119 135 27 36 59 29 85 50 23 32 79 128 64 32 85 122];
euros_min_B=[3.626796337514596 8.796225604478726 10.523647275943771 12.991992821117016 10.082785395942771 14.606409301669705 1.3737818778765758 14.469271009209743 8.800312868463871 4.796056367545665 3.5709842347791163 6.3827015105884986 14.13715969318888 12.01432184029451 1.5878264151123123 8.281307747358587 3.117017997804158 14.295386919546964 13.038889488216572 6.2803660459212844 14.456983331248288 11.00917370499659 12.515627819846223];
euros_km_B=[9.483849206712842 2.364388692897383 23.24357214160546 27.385529179037707 5.1426451952128795 7.067960495704193 3.3304337375477773 28.534058136696533 21.07172276866526 9.400588716992337 23.09200439929042 9.313486104486238 18.86992930215439 29.157507959541572 22.07438631267585 25.32593256664254 3.499158303525315 21.03511356874679 28.682765070301855 24.617898724876607 29.479133444509436 20.147191302013695 9.355432100372477];


nDrivers=19;
max_D=[174 164 187 122 237 195 157 160 186 202 157 212 138 158 157 148 174 147 142];
        

nServices=24;
S_starting_time=[51 683 298 184 517 131 411 632 98 575 325 444 666 424 168 686 699 76 540 405 607 273 716 149];
duration_s_min=[60 93 68 119 118 67 91 105 70 68 87 74 109 108 106 66 75 65 73 116 118 114 92 115];
duration_s_km=[57 55 59 31 47 31 30 34 30 58 37 47 52 33 47 32 31 30 58 37 50 38 50 53];
num_passangers=[34 58 30 86 82 62 28 33 65 100 72 52 69 49 38 79 37 28 36 80 95 60 95 34];
BM=250;
CBM=0.500000;
CEM=0.800000;    