nBuses=37;
max_busses=28;
cap_B=[37 102 34 137 43 73 56 39 109 128 128 118 122 30 61 49 28 112 86 121 70 46 98 65 62 107 25 106 50 131 128 69 130 136 106 66 79];
euros_min_B=[10.231869424014096 3.1920163303226796 8.757641827623047 13.949186229658375 12.114066478112527 4.519715325803041 12.031131748719627 2.426486921663865 14.345772482563232 1.5910908450469197 1.7971107937064057 1.6789649400450537 10.479262856073888 13.309594219463557 8.816192078405285 5.304659255578406 8.436942956417077 6.857931370985917 5.478436892761259 1.4710566253141046 6.989449740208464 11.7075876414193 14.560404065192987 3.179815383727753 3.0314570067446844 10.99537459721657 7.559311315157783 11.02723104497369 7.328141552782876 13.402322043582709 5.887002519246162 12.921424577348025 5.57153712079505 8.94067772156194 13.593044328659792 2.0509583583306483 6.0503464690456426];
euros_km_B=[27.594710371565412 18.39099542078384 27.9880469724263 11.469631217588226 20.763800761398887 24.56689494394661 7.265790141028123 12.525375910240607 25.45258434209307 25.059694541317935 27.72791351386374 22.910617369514956 8.643081858247564 23.595269684616767 23.102516297241745 17.894799538733423 9.332990483926835 14.36997850137862 18.489894829854997 2.930346091426201 29.618841823557975 13.12539321907737 19.167876208119488 12.245776895054766 6.864058557079428 16.2648038474251 15.002339708530148 14.986497533204432 20.032545545618213 3.311475442122776 24.889233563389464 17.965197003485546 21.00885094795383 15.943737055121423 24.902858536159602 7.008277765402099 15.498966286394603];


nDrivers=39;
max_D=[128 180 175 131 217 182 157 203 224 222 219 240 174 137 122 131 222 238 224 189 178 153 199 155 133 160 123 217 178 224 181 147 222 134 155 188 148 152 199];
        

nServices=41;
S_starting_time=[218 494 136 149 171 612 53 46 228 158 529 675 683 225 666 28 460 242 14 689 595 679 354 221 183 96 376 579 583 78 687 56 354 84 672 594 106 505 0 176 265];
duration_s_min=[68 83 93 101 67 107 91 112 111 112 115 64 97 86 66 74 65 116 95 101 110 60 72 83 110 120 88 79 91 68 91 102 66 91 103 111 86 80 71 107 120];
duration_s_km=[57 47 56 38 45 48 45 46 46 46 58 45 54 42 47 51 31 34 60 45 33 60 40 43 48 54 35 52 46 53 50 53 47 31 32 43 59 48 37 58 53];
num_passangers=[87 47 87 47 38 98 22 48 69 34 45 98 41 26 86 59 24 93 66 48 66 59 93 27 64 44 79 22 92 100 69 90 80 65 89 24 41 62 78 73 42];
BM=250;
CBM=0.500000;
CEM=0.800000;    