nBuses=42;
max_busses=41;
cap_B=[21 69 88 131 24 104 140 51 39 79 55 94 42 79 26 26 22 61 88 23 133 62 37 37 29 112 64 69 35 102 44 93 133 126 125 56 112 21 89 107 49 96];
euros_min_B=[8.593722010867465 5.031874076587818 10.124024033488462 8.08383140032344 12.57745537037526 14.997823291932937 13.464002019326529 11.750763709385055 10.553614548673503 6.659476807424515 11.908473087526177 7.30707539129254 2.523782893056314 10.062319935702412 11.637587798275327 5.621039080847266 10.966919074960087 8.348574588543494 14.700372521655048 14.283518732394025 6.257531976007239 5.172853185302598 14.799843586690518 5.927397237128545 13.222856497580658 11.773884632931736 3.860152997588431 12.443940368973081 12.904371594283989 11.278023752368288 7.397241697466597 1.1834757169273398 5.030488741527817 13.382343214554467 5.987338949003437 4.100754894989748 9.267192582090425 14.927770237002544 14.11550697793641 4.413677925631373 14.855868617231113 8.004300186063102];
euros_km_B=[19.255388061402343 11.321267740168384 9.833565874113782 11.79141521456852 4.103830348672612 2.455687763484459 18.372653718008873 13.194289598804504 16.748467426395514 10.888717475226038 25.72121016181957 18.682206790621468 16.544901582703446 6.724912175516369 27.157728048534988 7.088735315804585 26.68574412326518 20.52160245819956 6.081655371478627 17.783625382925656 1.2855924109520362 10.935704560040293 12.165959533672078 19.436601521892907 16.11950629249668 15.110003055321904 19.94186979742162 25.90488427397454 4.826338804220277 19.23921332575377 16.3262709102964 3.1465771884993265 11.155149120141848 23.770122807361084 8.43057040427923 6.463094881275408 16.2909401553169 1.982856900939011 4.6465256001344795 24.953209203951825 17.931458636983386 14.918379955283395];


nDrivers=44;
max_D=[217 166 196 123 209 173 136 235 184 217 127 169 228 237 170 160 187 185 174 128 238 133 182 203 138 214 176 219 176 121 236 207 123 150 174 167 227 161 214 171 149 205 203 129];
        

nServices=49;
S_starting_time=[593 344 181 520 632 331 570 195 228 159 75 433 51 404 4 318 241 237 238 710 272 458 692 61 167 213 439 706 636 348 335 409 410 198 532 378 350 524 419 572 291 159 90 93 400 236 292 672 318];
duration_s_min=[105 100 98 97 88 115 111 65 99 73 68 91 117 99 114 88 90 118 86 110 100 102 88 112 117 113 109 74 78 96 100 114 118 97 101 71 84 73 111 75 83 93 78 99 68 103 111 69 100];
duration_s_km=[38 58 45 46 56 47 47 59 58 34 46 40 54 42 39 49 60 55 60 59 54 47 35 58 48 40 34 51 50 55 51 49 43 49 46 39 33 40 40 39 35 40 37 46 37 42 47 46 59];
num_passangers=[67 60 20 72 52 89 29 32 76 59 57 21 98 72 58 45 96 98 42 46 66 30 46 86 63 46 39 35 30 49 64 55 33 91 44 35 92 76 76 73 82 49 80 89 43 22 80 47 73];
BM=250;
CBM=0.500000;
CEM=0.800000;    