nBuses=15;
max_busses=9;
cap_B=[25 83 53 64 115 76 116 66 96 113 33 136 42 20 34];
euros_min_B=[7.87581676778553 4.714304797134324 5.212070832783192 11.67189013137313 14.323639125756694 13.885783307250533 6.675134889751764 1.3216972125191266 4.551528194417887 9.714168907408506 3.5476061584648866 9.314655909659756 9.822505993213884 9.38206548631045 6.5187542927066024];
euros_km_B=[21.81469898183634 4.891815529982901 28.72463511352257 23.46899924562319 13.175159039698919 7.447036652853402 18.809704222311623 4.750897122968244 1.420976287456618 27.2106111583657 13.300491664026739 21.16235796788344 18.888811123116987 4.878216752863578 21.46507244786794];


nDrivers=15;
max_D=[198 147 182 235 181 140 224 182 200 133 164 186 137 121 138];
        

nServices=21;
S_starting_time=[84 276 328 673 47 430 714 52 482 577 86 463 493 272 337 41 220 671 423 76 58];
duration_s_min=[94 87 83 113 95 112 94 65 112 106 70 72 76 84 88 84 120 89 60 102 66];
duration_s_km=[30 55 47 57 52 41 60 33 33 53 36 39 49 48 44 59 34 33 53 31 41];
num_passangers=[73 34 32 57 41 24 53 67 48 48 95 20 42 26 76 78 44 34 48 46 80];
BM=250;
CBM=0.500000;
CEM=0.800000;    