nBuses=41;
max_busses=40;
cap_B=[35 52 77 65 62 65 133 65 53 68 107 46 69 52 125 66 26 56 33 45 139 70 98 104 127 52 78 71 124 26 77 55 23 91 30 51 94 83 41 110 84];
euros_min_B=[7.29623820434251 13.280967522973189 9.849585306812198 1.5224525513026244 2.5408634364900795 7.637408705908406 12.038153734800593 7.732572466955449 11.859142268009192 3.467684639053529 12.30736182996763 5.6547653405261675 6.672596812196373 13.719605248901157 6.593516606432129 2.202150659513658 12.531245988923462 9.900083909321808 4.612485476313286 1.4228519123166903 6.076207993501315 8.995234143442316 13.785447740347264 13.867243393022108 13.933880989813368 2.336778015558315 14.427836070035957 5.997280050087886 8.46074191495559 5.0632569939888565 2.3453770069578312 6.555697274260645 14.266556115881158 7.680559253371927 6.799463110796262 8.825245265388302 7.50023286581226 9.500688029424454 6.1352925874485305 5.427819246020754 10.552609634565808];
euros_km_B=[5.006692858954461 21.51269257220529 17.25762215734133 9.625830294839192 1.4490767002301181 1.2560143538919117 7.153590184029784 9.051153851347545 7.743856386620882 23.657346325754922 11.719525231539805 9.37136135741551 25.276602614210606 1.8557511418549661 24.132528400738828 11.545926411162375 15.055967687228934 15.150317959594299 17.794464083533438 28.241080590179575 18.82904577381059 1.1537064897003866 29.22715400710111 10.451616040156496 1.6167341216085798 19.308890560672605 10.72947869142245 23.073462805811666 9.03814952989526 16.014366900623457 11.803461170989934 14.432669605842252 11.610739841003769 18.89294170197039 29.493091212210828 10.44134213353477 2.1540981253659104 10.891507680413282 23.89210536063489 5.184251172871578 6.863540360965628];


nDrivers=43;
max_D=[239 162 176 209 211 145 149 126 185 152 163 217 238 228 124 182 191 203 222 168 195 201 143 205 201 126 136 135 205 220 201 125 224 142 194 154 173 148 128 198 217 237 227];
        

nServices=44;
S_starting_time=[194 422 348 291 65 324 248 522 570 49 621 330 157 139 252 605 15 171 249 244 230 181 317 213 430 118 543 313 486 521 237 124 609 51 258 466 701 92 706 133 531 163 330 375];
duration_s_min=[79 98 76 115 111 106 110 92 97 86 93 73 105 101 71 119 87 61 65 98 61 83 86 97 70 113 65 77 96 105 82 108 102 75 100 72 99 117 75 61 99 61 86 116];
duration_s_km=[42 49 54 53 46 49 32 54 44 51 56 30 59 60 59 37 43 36 47 48 48 31 34 43 32 51 38 59 32 42 43 51 58 44 60 48 56 54 48 59 33 51 48 33];
num_passangers=[36 77 75 61 96 47 91 100 49 98 84 31 29 31 26 88 40 65 99 30 46 45 95 23 23 57 74 31 80 83 58 77 96 73 75 87 92 78 64 30 46 33 49 47];
BM=250;
CBM=0.500000;
CEM=0.800000;    