nBuses=14;
max_busses=10;
cap_B=[97 87 55 124 121 56 45 81 117 118 89 83 60 124];
euros_min_B=[1.8961335943972115 5.582028102608025 10.54178256530781 3.271774099693099 14.57170946490927 2.5057284718007025 6.846606716706802 6.881077653002882 3.252647690140576 3.370947572993116 4.78543626445937 14.122738234167596 13.945628596902388 1.341314473110588];
euros_km_B=[12.866819234512676 3.7480341008999276 6.0441838280366404 2.034098766880996 23.03131412184592 16.262756722870137 27.77839141430118 12.12025113932657 12.41368835905017 8.197270488586089 15.888047732395238 21.01428566797512 27.57193436331752 24.81839295521698];


nDrivers=17;
max_D=[227 176 151 129 193 167 168 177 120 163 210 122 203 224 207 161 183];
        

nServices=19;
S_starting_time=[539 400 515 88 701 338 672 371 576 432 102 644 365 423 293 384 442 553 504];
duration_s_min=[91 87 99 97 65 111 68 83 73 83 82 89 116 91 118 66 93 106 119];
duration_s_km=[45 60 51 44 48 54 32 50 46 46 56 45 58 59 58 60 40 33 50];
num_passangers=[65 21 47 52 53 28 78 45 42 89 68 52 62 41 60 82 72 48 24];
BM=250;
CBM=0.500000;
CEM=0.800000;    