nBuses=14;
max_busses=7;
cap_B=[136 102 124 62 96 74 37 71 117 83 122 52 49 106];
euros_min_B=[8.63243783953292 6.727004843825337 7.020043688702497 12.000885960586922 7.179051335065068 10.876350215454641 11.123073989821016 8.782821308086703 12.407593375924364 10.598006809038676 7.743194497412478 5.346856235685997 9.235693898050343 2.182783292009926];
euros_km_B=[28.19813136627821 17.71759019078138 14.464312055014833 4.912734401949486 27.574548350987058 3.1236139421657496 26.81679726832934 29.70991662850454 14.394068532724923 23.15136783960746 13.902982285841212 25.371523432209358 15.76511124089794 14.657804843582266];


nDrivers=20;
max_D=[136 231 208 136 187 239 206 126 240 192 196 209 144 125 133 157 142 164 139 176];
        

nServices=21;
S_starting_time=[398 633 134 679 289 97 68 128 261 689 545 641 467 371 227 291 271 706 292 349 672];
duration_s_min=[89 66 65 107 99 118 100 110 109 83 81 89 109 81 85 66 84 72 69 84 104];
duration_s_km=[60 33 42 31 34 58 59 39 56 51 42 55 35 47 40 32 55 47 34 43 30];
num_passangers=[85 90 66 50 50 20 67 53 65 44 26 62 64 31 63 79 88 55 37 65 59];
BM=250;
CBM=0.500000;
CEM=0.800000;    