nBuses=40;
max_busses=44;
cap_B=[104 104 20 130 49 26 75 28 107 34 50 108 102 100 105 112 133 129 60 41 99 44 81 74 30 61 28 35 40 35 64 119 61 129 22 106 83 79 139 65];
euros_min_B=[5.463762244075513 5.169388069687429 5.483189018087943 10.56459230428204 6.557871850710173 14.27881221555661 8.50885691274297 13.681147709839612 6.326793684755891 12.347683582901984 6.367036055350878 11.757690246962435 7.555417229119328 10.956264670294289 11.1245735047621 12.979496266257959 3.9894221526405618 3.9173536327008796 5.432320766902032 2.0361909704283283 1.6298484594156302 3.123115646684802 12.090471391884074 13.287869688169597 4.825593726889627 12.183182841773869 1.3039843735660481 11.631260811552835 2.2761950659577392 13.844567355128614 12.940218754642222 3.5469593480417494 4.302566765072142 2.6379505373702097 12.442973456700514 9.667950099556796 4.4605169501658475 8.164979488530825 7.395629268677922 7.04131706036666];
euros_km_B=[4.973492133810282 13.890885120511934 19.20024218477421 11.949176901447778 7.110259640520089 14.82275039152723 21.008705248877288 9.745593086379026 19.11575971854082 17.820508065613573 17.555570959511083 14.996131325106921 2.456665136906164 18.089106106578164 3.2693583167785647 13.6880729040026 27.13388997716035 8.170432037482112 28.98292571103044 13.211009935554106 17.92580906312306 28.99523083208773 6.927908173400334 20.037800288372342 24.739694721860687 12.63868323902141 2.113493914089658 13.660093026841702 3.2007655226010447 19.585421931320234 2.0618428011551773 25.205715732855015 22.836298472192812 17.552009043802226 7.757123252822327 18.68599806573393 15.055124332961773 16.339184113562233 15.855786614675695 7.08080492688263];


nDrivers=38;
max_D=[185 185 135 218 233 152 194 145 165 154 181 184 193 167 208 230 133 147 167 217 181 165 186 219 228 174 224 227 124 166 223 225 181 200 211 216 223 210];
        

nServices=45;
S_starting_time=[498 342 406 52 408 574 148 646 592 264 654 325 650 429 176 422 474 579 126 289 501 383 271 530 582 483 98 398 327 31 523 709 423 125 424 308 542 364 281 225 68 31 589 475 302];
duration_s_min=[93 79 108 61 92 112 66 120 108 73 74 115 78 97 120 110 119 101 103 76 86 119 77 119 101 91 93 82 64 115 78 76 120 83 87 91 85 96 120 96 95 64 96 66 82];
duration_s_km=[32 45 51 58 55 49 39 53 42 38 50 33 37 53 59 58 44 39 55 54 38 44 42 41 43 33 34 37 32 30 48 44 50 46 58 39 60 39 31 43 56 60 47 35 52];
num_passangers=[84 48 52 51 21 67 68 39 21 67 32 46 65 82 44 21 88 67 29 88 46 30 39 37 92 53 73 66 51 23 55 47 88 98 35 50 51 77 93 99 94 69 46 52 58];
BM=250;
CBM=0.500000;
CEM=0.800000;    