nBuses=10;
max_busses=6;
cap_B=[107 132 109 127 125 119 137 111 135 134];
euros_min_B=[7.782140761904599 1.597179691104662 8.011495218829658 8.77574765441593 2.320096621566571 14.620973664653375 12.950218534368956 4.93788683802397 6.176675919915131 7.16053749079207];
euros_km_B=[14.40195407397031 10.701049331565034 3.975833452595375 11.680793549329914 4.539342053725367 17.1713700309189 15.749574276971444 24.18692611541227 29.782694923058955 10.617320548044836];


nDrivers=15;
max_D=[210 166 202 231 180 144 199 186 151 158 208 170 195 169 197];
        

nServices=10;
S_starting_time=[542 280 594 504 898 98 713 444 834 229];
duration_s_min=[113 100 71 85 96 64 60 112 64 64];
duration_s_km=[38 47 33 39 39 52 56 42 50 33];
num_passangers=[27 57 39 61 64 98 98 62 35 37];
BM=250;
CBM=0.500000;
CEM=0.800000;    