nBuses=20;
max_busses=12;
cap_B=[114 25 119 64 69 112 56 50 83 105 37 111 105 66 42 46 25 92 57 25];
euros_min_B=[13.432587998276794 7.246618820497018 14.454690817050723 7.022007681221611 14.953168365078007 3.67450060963871 6.916217139756567 8.243851888509003 6.069366333039291 7.473664673437231 4.5273173566148825 5.183370577055919 11.657551961055752 10.155283273141404 1.6530554500410666 3.108268537254686 2.0060776862654865 8.778120588959888 2.3556890038789486 12.511712399348276];
euros_km_B=[6.289322840293387 20.395692809876465 21.816684770748502 24.548948555705426 28.612342372057014 6.411493397475833 15.022875831759775 17.219592900785823 24.191954196462948 29.896712500819216 18.489464959116 18.403433494515525 17.63953275949931 26.841077071456617 3.290093989109747 12.00084766630199 14.101738246258032 9.416477781239184 9.96833844789115 14.989890065250984];


nDrivers=19;
max_D=[154 234 164 202 222 186 224 165 223 226 229 175 124 207 239 120 198 175 152];
        

nServices=22;
S_starting_time=[346 481 408 569 394 627 520 248 0 435 35 35 430 437 450 256 32 681 563 303 519 290];
duration_s_min=[87 63 97 116 111 117 103 64 102 102 118 86 108 94 72 71 65 67 107 91 80 83];
duration_s_km=[48 59 32 40 42 39 54 41 47 59 57 48 32 56 34 36 40 56 44 50 57 55];
num_passangers=[76 69 68 58 96 75 96 31 40 44 53 30 38 60 93 53 20 99 47 46 21 83];
BM=250;
CBM=0.500000;
CEM=0.800000;    