nBuses=31;
max_busses=20;
cap_B=[62 40 73 76 119 70 70 139 106 102 43 43 20 120 131 28 124 104 58 135 67 109 116 91 94 61 47 59 45 62 40];
euros_min_B=[5.463519411030229 4.1200813251629596 8.057618394135428 4.7113833492910135 9.773759128913944 3.2089436264409685 14.161250159136532 14.737986107651977 1.1247149276898825 8.938957255662206 4.436525156388392 4.344751253255146 4.023011492952222 7.170858859957336 11.570805354873816 1.454277578874799 8.707533286117998 2.9188188044985632 11.837679690252386 4.5154857077730295 3.101257081942919 13.234251361009274 1.6404521421289808 7.660942580327042 12.090987750344373 6.912120874686557 13.04679191102803 11.550495445133885 3.5251020465046716 3.2553748743024347 6.772391621860843];
euros_km_B=[29.079899966154713 25.0454664297709 18.45898365284474 7.91700439364044 25.88990081980335 16.168084868935118 11.662563608741953 22.080042795225896 7.166849458610961 27.344953536279565 16.184554165070033 29.665243192576487 26.672334713603135 23.39238947472239 11.929479465050482 23.967751430845453 9.405280565378527 29.303995362765576 20.674198758007027 5.907395609622247 24.810899896800812 4.421464039812519 16.879024116468337 2.460306387476524 21.431406263787004 20.512922551095958 6.764709687768239 24.76604146542857 15.912432035293548 12.36623855718576 3.9146487734853945];


nDrivers=30;
max_D=[162 166 233 174 236 171 162 197 226 136 223 233 171 203 122 224 120 208 159 138 124 137 150 193 149 167 202 123 210 136];
        

nServices=34;
S_starting_time=[15 206 160 129 649 367 159 474 601 196 618 697 595 348 16 367 567 434 9 561 115 223 522 292 491 496 706 614 56 463 649 185 432 343];
duration_s_min=[113 112 79 93 111 68 87 97 111 69 69 97 100 107 80 63 95 79 68 84 80 78 83 110 70 106 97 115 94 65 75 116 96 120];
duration_s_km=[51 37 46 30 42 34 50 45 42 43 56 53 41 47 39 43 36 38 35 60 33 55 38 39 35 60 33 55 51 35 32 42 55 30];
num_passangers=[26 53 91 96 49 84 75 34 79 40 97 99 90 70 91 80 82 34 91 96 77 35 28 92 24 46 99 42 40 48 75 26 33 83];
BM=250;
CBM=0.500000;
CEM=0.800000;    