nBuses=57;
max_busses=53;
cap_B=[72 116 32 26 106 104 49 122 74 42 53 102 90 31 132 80 126 23 87 130 30 25 136 78 21 83 59 68 77 70 99 109 139 30 117 32 59 93 127 113 85 80 90 103 52 112 43 120 75 20 75 106 58 74 51 137 90];
euros_min_B=[14.984417340437398 12.240139912211774 10.384737660928849 4.091508317637821 11.792171520426121 3.2183156063474625 7.0486840780751585 3.3444665622979874 8.426053625533061 3.5855338950244127 14.32588515139317 10.937004141310908 1.7584716074926545 10.045815167727762 5.549346637303167 12.355977177243794 9.794204807404991 5.2968069043291806 1.508837769079591 11.555394567242315 14.293957219757486 7.3025430783825085 1.2538140780163274 6.675924264035651 9.297554065289544 10.570383390373227 14.412019729337313 5.543733303415802 11.148736868975803 11.88231921071376 1.862777764450013 1.9332623938626565 3.071627889753126 5.898063109906504 9.030011007273739 5.6088704818789115 11.726028967930066 13.73241485967335 2.681839640578863 4.963592832068721 4.201571003433948 4.074168261824376 5.993864212170517 1.3267870483808268 13.504946678065155 14.05879912247884 5.860768820198231 10.676879200136105 8.364533249846689 4.36488866267935 7.761660986886233 6.238611095469834 1.4377196720120142 4.0368235049496715 5.5453551113187425 7.967431978268724 7.95828369985957];
euros_km_B=[2.4258600764025138 9.907059924409033 28.835599655484224 17.20334209543589 9.08665788215003 4.644286386705178 13.430245510763374 22.656751812955992 22.04371606288766 15.825137837265123 19.756636313227865 27.5674678853258 11.125618535890693 25.721679985235944 5.255288185312333 13.771268087450764 19.301628805641005 21.948397286379365 10.120454545009505 28.715812075286944 16.65040458337227 6.467828162597936 13.31636764440955 20.906439031168123 19.855538182238117 26.92511109151419 27.21601324853723 19.694725469817612 16.839216613199305 23.583314786601367 13.816281361684803 13.949095027470664 26.883011790675177 19.38383075466774 2.8657724040457 25.552898656665747 15.477176887398727 13.133707437242819 10.45410800729236 20.66391424431422 12.841340640786838 9.06438531485528 5.595638901609801 14.090924539389489 1.6939267494927117 18.125955336858723 6.835009261865661 24.930335679026527 8.972509364678123 15.759705407654078 26.55324300169522 25.430008501052175 16.8978159650817 12.262594036520282 7.677444471886622 29.799247100173645 28.156769032812722];


nDrivers=55;
max_D=[226 155 158 227 160 188 171 169 230 156 227 128 132 153 129 207 226 170 138 160 218 185 126 126 211 191 214 126 228 236 217 213 150 139 189 182 151 133 240 156 217 208 143 133 208 220 151 163 144 151 173 132 198 168 189];
        

nServices=62;
S_starting_time=[349 302 72 247 682 186 305 408 8 202 510 653 176 274 652 163 232 248 267 292 97 176 577 19 48 708 683 502 220 421 270 385 15 471 63 483 389 171 640 639 322 323 605 602 641 643 405 523 29 238 108 67 715 474 575 655 562 398 541 253 363 542];
duration_s_min=[77 102 74 111 106 115 116 75 101 82 60 69 107 69 103 97 68 115 112 100 69 63 92 60 82 73 68 60 61 107 111 67 99 80 112 112 86 77 60 87 120 83 93 88 105 87 113 104 87 63 98 83 103 72 110 113 97 107 72 99 89 63];
duration_s_km=[39 54 35 58 34 55 59 51 46 58 31 33 40 52 41 45 57 54 58 43 48 34 54 34 34 57 48 30 38 44 48 35 54 33 45 41 50 41 33 57 32 56 39 31 30 52 57 36 31 30 46 55 31 35 57 50 50 48 45 37 53 40];
num_passangers=[33 58 36 43 48 46 30 71 48 77 85 52 51 85 61 45 70 84 33 41 33 69 27 47 92 28 100 77 37 35 68 58 27 50 45 43 48 96 45 87 100 77 62 56 91 88 47 60 34 43 25 29 29 28 34 99 37 72 52 21 69 56];
BM=250;
CBM=0.500000;
CEM=0.800000;    