nBuses=35;
max_busses=26;
cap_B=[81 84 29 112 39 87 66 49 59 126 93 127 74 101 110 113 76 74 123 56 119 140 88 126 87 72 43 124 102 124 120 56 68 61 85];
euros_min_B=[5.570652791650369 4.574156760005396 11.985624521203524 13.526157219843295 8.277452003438071 8.326087167907922 14.537978445753737 12.723393176629637 9.154784098747758 9.655058396669098 6.564601196591926 13.819045664662434 7.761456826783824 6.290514432351376 10.5599550728149 3.831497325608079 8.123279708925223 4.88157771583602 3.3056676607415776 3.0025394211731857 8.70001221764325 12.342272391369983 4.966592005885849 5.693180287871286 6.32743312087173 9.99987265341851 5.182343381993633 12.113649334507446 14.899491615262322 2.2718567040052684 6.5347593253674106 11.101706244178734 6.134531639052508 4.686383188359824 9.715289285878358];
euros_km_B=[20.27614212830503 6.6758646852915255 9.553224714889016 7.337937462535556 9.707402608561262 4.518881280998488 5.162945017235926 4.768441390363242 9.308830163404082 27.505082455440053 14.42802342699672 12.125336504424123 9.704879141061172 3.361041891099369 16.42113364145151 14.078235101998377 15.21796675547148 16.07334572351142 14.331407870177735 10.592194574507781 17.85675234491104 14.820069384613086 17.025496742050937 15.727688086257343 21.138639581794344 10.786919875127664 17.811156326766408 29.309106003470962 27.17116207931656 17.939370543583927 15.623514584308282 16.669671077403486 28.03037018475395 1.0156943041161737 11.22359728665378];


nDrivers=32;
max_D=[179 164 207 198 222 206 199 148 121 221 147 120 133 230 189 208 199 139 187 158 212 232 235 154 179 143 160 195 154 219 146 171];
        

nServices=39;
S_starting_time=[230 455 678 104 653 225 195 563 113 412 542 531 681 60 592 410 280 98 564 468 607 77 160 504 543 120 174 87 668 583 393 697 604 286 666 249 26 537 527];
duration_s_min=[82 117 67 89 111 106 77 113 61 102 84 120 114 113 65 61 77 66 101 67 80 60 95 107 120 82 83 113 118 64 111 97 103 104 70 97 66 63 69];
duration_s_km=[41 48 30 47 57 38 30 37 48 55 49 51 42 32 37 35 54 33 45 52 60 37 58 37 59 50 60 42 53 48 36 48 52 38 59 30 56 35 32];
num_passangers=[78 56 77 57 25 58 87 84 33 23 42 94 40 48 22 85 46 80 32 36 80 24 51 78 97 28 52 32 34 95 25 28 48 83 21 88 24 23 79];
BM=250;
CBM=0.500000;
CEM=0.800000;    