nBuses=60;
max_busses=58;
cap_B=[53 92 34 76 21 106 94 115 34 106 29 66 91 76 131 62 120 91 73 28 111 99 25 94 26 125 102 85 135 91 25 37 113 102 123 43 138 40 135 118 62 39 134 79 53 21 125 37 34 33 85 85 63 106 63 33 50 97 79 102];
euros_min_B=[4.4456378980081475 2.878088384121922 1.389194029519023 6.712970903959363 14.427980426241652 8.473476206574562 13.717790800095402 10.356297865564649 10.927827995753534 2.5373371318079836 4.725662447919575 14.66517144965014 14.062823361336795 6.724459564513275 8.963416776700448 5.758027020336119 9.125810483486806 8.792247825032213 5.850881153671298 13.547632942124256 3.01400152956057 13.279301836996503 6.587056451331724 5.315890163527493 2.9771828233546778 7.772285476204913 9.224175047683048 2.330173874944416 10.597949627463812 12.594246597953775 5.503609977678348 4.756220767345084 3.511969524096421 14.904031791566329 10.206998657562341 2.788206231559189 4.102718221753772 10.692369981876322 2.6738214367170006 2.3029015509490276 14.65071039776782 8.66871498882781 4.311165941108885 1.0879096183402706 13.35359836770253 5.175760132643169 6.23868003590116 13.361694360624286 6.093106018640727 5.385785730170236 3.5376721305411944 3.694227448583109 7.19071519524366 10.526785947614522 13.211893296970963 12.486676015801256 12.936257824415083 14.385291569559714 2.7617394900172276 1.6689822862018369];
euros_km_B=[28.642949369867637 5.555107775285262 19.583405794793222 24.38107215218682 5.114063708541488 24.596718200448798 11.363882525116718 26.348432674722122 26.47000271501548 22.210440415378812 28.71097419627986 21.291962485496 25.29197402548204 23.467869493467468 19.970833070830267 27.8986367734286 9.375751206977373 28.458149049560827 2.702487573428184 21.577392351140013 5.603378763915687 23.182875843186906 14.972310869068817 13.38989785774854 6.867434513549385 11.420310788185274 17.644138123699577 14.662883055383496 24.837242760016156 23.82033327020511 9.949003351434213 20.324979970123334 11.028963834059184 6.2872887901776275 10.176171158264422 5.254087596860724 15.17410963006335 18.718602749649563 17.849702925253126 8.146643505573731 3.199309762612094 25.473032360384472 21.96820911127758 12.26859485024408 27.20493106359384 27.860601970602378 21.943219332652518 28.398409100216146 29.339795727561434 9.11289606119308 1.5917831319906994 24.261474330292465 8.105335178246715 28.81725295994599 15.327629008824957 10.925668178473112 14.501849034590473 5.85942632892337 14.874162732693094 23.265680467005097];


nDrivers=62;
max_D=[191 221 130 159 231 198 204 131 191 181 214 180 208 238 208 129 147 129 229 128 224 231 181 150 193 156 240 129 132 148 160 124 173 223 215 219 180 137 177 147 237 169 206 204 195 197 190 206 160 181 149 157 230 235 226 153 166 179 190 164 219 139];
        

nServices=65;
S_starting_time=[526 272 673 605 585 163 8 188 542 314 517 408 287 111 296 405 632 339 681 485 108 423 185 122 548 26 167 77 123 116 523 248 71 124 533 587 645 449 432 71 186 239 501 186 620 192 331 8 534 417 282 662 107 614 413 134 477 484 265 357 132 239 112 361 35];
duration_s_min=[82 103 73 78 74 88 96 107 75 101 94 106 71 106 116 103 67 111 93 112 71 79 68 64 111 85 90 71 64 70 79 62 63 116 74 60 118 100 65 84 77 112 112 119 104 111 67 92 69 105 93 113 116 96 114 92 94 87 79 119 78 96 74 90 83];
duration_s_km=[60 58 43 43 42 58 34 31 46 44 37 31 35 46 50 36 32 41 40 50 39 30 40 32 37 54 31 37 43 36 46 55 60 47 38 60 40 32 37 58 36 40 52 57 58 39 40 52 56 46 53 45 31 60 46 30 55 53 60 39 31 39 52 48 40];
num_passangers=[39 76 85 61 41 97 68 58 53 97 28 75 82 60 79 100 40 65 48 31 63 26 57 46 60 52 43 79 37 31 85 86 65 25 56 61 97 89 100 30 37 59 99 41 50 24 23 29 32 34 22 52 90 72 56 53 58 22 73 37 72 25 37 69 98];
BM=250;
CBM=0.500000;
CEM=0.800000;    