nBuses=34;
max_busses=32;
cap_B=[38 50 121 75 29 78 129 31 127 43 22 113 101 38 106 123 76 53 32 129 77 117 29 128 24 38 121 27 45 78 99 32 61 93];
euros_min_B=[8.513736796717176 7.071152542281823 9.925278194367625 6.869467789254471 12.079400503638173 14.25512005432216 14.910827194670627 7.711176607837433 11.921485991559646 8.924525397816213 2.3803038210832566 8.000505312940534 6.3258789209758195 9.071449855181221 6.213283766833146 3.554118776619992 10.709817605008263 6.632482726106473 14.922374460145013 7.026574847455475 5.337218989924774 2.185291138149325 12.751527080652618 5.586622650973673 12.868600513099638 4.679153220228606 1.7543284346255357 6.9081141562833945 11.394502513226833 9.22597713564695 3.998747287783446 11.85044950970369 4.148255916959227 13.145420035244278];
euros_km_B=[1.5605492069372306 17.723562217506878 1.5113334514322472 29.52705835717936 8.531271429433264 19.423848603029935 14.610692122518094 29.834336630199747 25.705984410518543 2.5605266954979577 8.876273721556402 5.065783346668816 27.73410321986693 18.90678920115857 28.976574899009293 1.6891569582288124 26.218297300525503 18.48501655497151 15.056084276617721 20.647832268476343 24.273432772515424 9.831437831845024 3.4757494995437677 3.4059648779433247 24.03442985266083 29.006108976856016 1.4720401859443135 14.22236980462782 5.448027107670624 12.489778056204148 2.702854167334732 27.581087084208747 14.661305895910752 13.210662660436196];


nDrivers=33;
max_D=[234 220 198 129 207 226 137 142 162 146 218 121 135 159 206 171 174 134 129 137 136 185 208 209 152 219 223 170 158 215 136 131 192];
        

nServices=37;
S_starting_time=[406 439 168 531 341 31 224 345 616 525 358 548 346 134 605 133 341 293 350 644 18 539 699 258 307 39 390 250 586 703 2 526 9 130 244 472 547];
duration_s_min=[77 111 93 76 115 103 107 96 91 104 104 116 105 76 69 97 80 101 64 117 109 113 64 114 82 111 94 113 92 101 99 72 87 60 61 100 91];
duration_s_km=[58 53 47 51 59 37 35 32 51 55 31 50 59 31 39 52 52 34 54 34 54 52 59 42 45 48 41 56 54 37 47 32 52 44 54 39 52];
num_passangers=[81 65 76 27 45 95 72 79 55 81 91 83 58 75 40 28 78 100 32 42 74 51 40 71 60 35 36 40 74 66 62 64 46 61 56 58 40];
BM=250;
CBM=0.500000;
CEM=0.800000;    