nBuses=19;
max_busses=13;
cap_B=[42 84 103 54 36 127 92 96 88 102 140 87 22 120 82 114 126 46 92];
euros_min_B=[10.724028578733325 11.453550439209126 6.268972744764185 11.953801343095972 1.3968987489247533 7.712858891265298 14.752379619238557 8.367618738461127 1.5274001642459754 10.167348383061949 1.1488716530774232 6.914387321901361 3.3587460676426812 9.643068619178184 7.470767108769454 9.903588324355596 8.344748887341488 14.676361012862127 3.251484805429043];
euros_km_B=[5.753060559436693 18.268135153272848 29.07120982638754 25.10540441784498 22.660783539342077 23.664808220194907 28.031974059998923 19.633237416581114 28.60455454810638 21.122702586264783 26.198358836984923 29.6206401007973 23.988549493927668 10.571008623773126 22.623336450367965 19.870139629236782 8.379069995334914 8.807056511541864 26.807279641370883];


nDrivers=14;
max_D=[176 194 223 137 161 143 216 189 157 217 142 192 149 171];
        

nServices=21;
S_starting_time=[599 527 603 537 200 306 644 540 217 513 279 526 31 71 415 59 81 492 393 146 56];
duration_s_min=[98 85 64 70 79 61 75 91 92 63 107 94 109 104 97 72 75 118 83 77 70];
duration_s_km=[55 56 60 48 60 41 36 50 48 33 41 40 39 40 38 45 33 58 44 48 30];
num_passangers=[42 84 43 100 95 21 24 32 24 96 71 25 26 33 90 28 32 76 79 68 93];
BM=250;
CBM=0.500000;
CEM=0.800000;    