nBuses=54;
max_busses=47;
cap_B=[21 73 70 46 89 20 64 134 94 47 96 135 42 21 140 21 53 71 119 25 73 54 53 36 99 125 96 126 72 131 89 72 126 25 78 29 65 118 36 117 84 42 41 63 20 109 75 47 71 76 140 74 101 22];
euros_min_B=[13.67626823449624 9.885462965453044 9.078520172150407 9.301850534284185 3.74147181510288 3.809474496613692 12.99267043708078 4.7561418318902335 12.733891491856832 7.173493230302693 3.752956664824854 11.387140140481286 1.137102334056215 10.839676895882448 9.09862291564906 8.100752183240363 5.750973553478856 9.26164084695709 6.051018928325233 11.463444473080541 7.4098913391533605 3.441414717135805 12.578327091317524 1.9316554650304298 6.575561747754428 2.282288236601415 1.3687145253320692 7.109693021451625 11.649167889760928 11.233129851931372 7.188784347753244 8.40210111806336 12.626270827519637 6.990889777030712 4.732420190837129 5.740004901317168 4.470908277850857 6.7723757686262935 1.2556854896237342 2.8522311050072755 6.154659470848061 12.2147251755984 13.045658369351907 10.683794946321283 2.8783325624748337 10.719473837866179 4.862290749064312 7.115729955260548 3.444365757371124 3.9158841700144764 12.539289831346972 9.937050718437893 2.6087753902255653 10.972649948408382];
euros_km_B=[5.296085193421251 27.293259746027417 3.6798143583598604 21.14269493913327 13.771811526449692 23.89413231116853 7.651835306263989 3.5389535691320786 1.6305878380215506 9.027069184606846 4.652975508459502 22.99602942838357 11.64463048231193 26.341483166620993 26.507777868287977 28.118871929444136 18.117442761224247 21.842710037570793 6.686334777442261 12.341200942160818 7.72581452626855 4.31100534418408 24.359827496581232 7.198865671741612 2.021260113601869 12.409142050324942 29.4028724354944 8.803723894364502 23.757433363205646 28.606794632348272 24.049951066901354 25.89039763059647 26.42402650730744 7.240662957437346 25.39846696731478 17.6095372772526 10.92785712966455 27.252122130733927 27.047974462930263 15.930576198012899 11.127621354626909 9.479909638320121 6.71559763227155 13.631297057363946 23.071460473094522 10.059529249807275 21.61956202097732 15.970942285253471 27.33624108396611 13.942408251259888 14.1822920700522 23.931238622138935 7.311032872738393 10.143610680511399];


nDrivers=57;
max_D=[233 222 207 140 136 154 197 168 208 149 147 173 125 230 158 202 142 182 186 124 186 231 209 150 232 139 187 208 157 233 178 120 145 174 129 164 132 140 177 175 157 128 203 131 191 137 233 128 222 145 169 190 165 175 165 189 230];
        

nServices=58;
S_starting_time=[63 250 70 71 98 174 61 480 451 549 593 346 530 101 34 190 151 439 321 1 561 58 540 130 335 3 178 301 418 195 53 465 114 364 361 508 18 82 355 573 507 668 567 123 76 366 106 21 87 62 369 618 661 19 337 363 18 613];
duration_s_min=[63 104 116 70 75 67 89 105 106 89 94 113 76 65 72 76 64 91 98 82 97 66 71 96 115 99 80 85 97 92 63 84 104 78 112 109 91 114 72 87 95 74 64 87 82 74 94 87 62 83 96 80 109 83 97 101 102 117];
duration_s_km=[56 58 37 41 52 43 54 50 45 41 44 30 53 35 40 43 56 32 42 58 54 48 46 41 40 54 33 32 35 41 59 42 54 30 37 33 39 34 54 41 60 49 42 51 41 49 49 60 46 49 53 46 34 39 53 36 42 38];
num_passangers=[43 53 90 87 40 99 50 67 27 91 100 61 73 32 30 96 35 61 99 100 94 67 43 55 59 47 73 44 54 65 56 52 82 71 59 55 37 57 78 24 97 44 63 78 56 46 68 72 58 78 96 70 70 71 88 89 75 44];
BM=250;
CBM=0.500000;
CEM=0.800000;    