nBuses=44;
max_busses=40;
cap_B=[23 92 55 102 119 70 84 50 94 38 122 98 133 70 42 44 103 129 46 33 64 76 83 51 103 20 44 44 134 140 88 108 91 24 56 122 63 53 22 23 27 53 56 134];
euros_min_B=[8.90505871035837 1.892233289416507 3.0222233945735972 8.070910557479316 13.99171668170898 7.559690869873142 9.044777033224742 12.68303957762447 5.411958399822453 10.371052630120687 3.093212184962792 14.483050547294386 5.6975480171298445 3.5147562447880327 3.0724543135933864 3.131553787766911 9.869720012108349 6.5744407288499005 6.929673358553611 1.9789458686215788 4.558039928618955 13.938453951229556 7.563225399860995 12.272488889846626 3.64313825021627 4.169747035312806 11.399908747586107 11.906465295812549 14.402945099011868 8.591160862015249 11.363533962654108 5.155106633198525 10.581321768172435 13.515479934128862 14.411835079187243 6.574642391247589 11.278291103527009 8.192797508827008 6.8486742401001734 14.92225596297019 9.373841277517036 2.6413456738752608 3.1527518017752687 5.37576389722918];
euros_km_B=[13.289690888778019 16.253963346647886 4.286355662968518 18.649633353103845 3.295197634405337 4.4178041821143275 12.54218825222946 24.246859878537926 16.49667441415432 12.941719437926226 21.082647360970544 1.1094002823423934 2.0271412451282296 19.850514853397797 23.24592300928089 13.166049553276386 27.738639095654797 10.399158182170119 15.701406321286896 14.245026463139844 18.213688309283803 17.13690020025249 24.101882181931128 28.007393307819733 15.223970744101399 18.250694119108456 25.02879679739323 21.886320966166856 25.920867020226012 12.232632069002698 28.65849898715743 2.203173288596493 1.8205456640503632 18.076398604085785 12.920255252089827 23.23905536206585 18.930894673187186 22.36676989529646 11.6403251971377 8.350279326868161 4.837027778838442 28.142002580003183 5.3864820967092 1.4110833706814145];


nDrivers=42;
max_D=[199 127 203 185 212 146 199 205 149 215 169 226 163 135 124 151 165 141 224 180 235 138 133 175 210 187 162 221 146 134 169 174 220 225 186 200 221 127 210 171 237 130];
        

nServices=47;
S_starting_time=[709 1 110 302 518 440 254 199 520 706 665 112 241 480 709 278 578 333 316 479 669 90 540 545 402 72 82 455 561 291 162 648 423 40 635 322 584 440 173 224 540 433 98 618 257 362 716];
duration_s_min=[88 63 68 61 89 105 94 66 116 114 109 110 102 97 61 88 112 83 83 78 119 75 71 115 69 96 77 61 70 118 85 112 118 97 103 106 117 84 62 88 79 82 81 88 91 100 65];
duration_s_km=[60 60 45 47 44 52 43 48 54 48 31 54 44 33 53 36 59 51 36 34 33 32 42 54 44 55 41 30 41 45 31 48 51 47 57 43 59 36 40 42 34 60 34 35 34 57 58];
num_passangers=[78 84 39 84 98 23 98 21 57 54 38 26 69 60 41 94 97 26 78 84 34 84 44 48 78 45 95 46 30 54 30 35 36 51 72 56 60 40 47 52 56 34 59 26 98 21 37];
BM=250;
CBM=0.500000;
CEM=0.800000;    