nBuses=36;
max_busses=30;
cap_B=[139 58 32 116 121 72 137 36 61 29 124 23 132 139 114 110 69 128 32 120 140 95 72 27 122 132 67 41 94 112 67 81 22 20 67 70];
euros_min_B=[12.621562794574912 11.902584741271411 3.621438779377887 13.883094089608118 3.0005896213205037 8.840183741503878 10.824252401143577 11.567886777479423 14.45754917006786 9.30213361153276 8.716025175159263 11.166578550022058 13.476448708470562 11.904543776756459 7.784337861501209 2.644743757284676 1.3468344353071913 9.273526285427366 1.0745199542271218 12.620749022236527 13.847015837543227 5.983991138885986 14.225763142018337 7.807353040523827 8.678345033039685 8.393803744492175 2.9364888777398406 2.3414362893168894 4.13299696009423 9.187255938572124 12.693225724343186 6.555348019847966 8.73019365359643 5.35468578300949 11.183075547430626 2.2903132341353114];
euros_km_B=[14.694123110078586 4.563973506613629 28.13739783855933 12.939470995535553 17.66898307405792 10.292760262117792 12.743084122064358 13.767361734512896 6.946126351554427 4.984509472839067 23.224361068858524 21.325258057687122 16.572929662878842 14.298042206689562 13.616027337791042 7.140948911799962 24.03903478643797 5.983233769811439 6.1121142618326685 1.8698492472839705 19.534332076987777 17.192213248974387 13.612064137745879 6.532056093699115 22.96537900010801 5.904744051309404 9.885594793541605 10.674080041076106 18.683551450439303 19.919386298756947 13.82224677764311 13.493259312042065 29.270803048639007 5.214304277816414 16.972229302930568 27.677067365680905];


nDrivers=33;
max_D=[174 227 167 182 121 141 153 217 190 200 231 163 204 192 237 230 149 156 132 150 157 141 135 192 219 196 199 200 224 148 169 121 136];
        

nServices=37;
S_starting_time=[83 16 496 377 269 42 542 207 54 194 243 414 557 113 676 393 585 190 297 617 650 226 204 407 36 572 328 678 473 337 528 45 386 273 280 364 361];
duration_s_min=[116 98 93 69 103 60 73 101 96 90 93 112 86 94 66 108 114 99 97 119 83 108 117 91 113 116 81 62 98 90 118 98 69 94 116 65 99];
duration_s_km=[33 42 57 35 50 40 40 31 42 43 40 50 53 30 37 49 34 35 32 36 30 34 47 36 59 50 33 33 60 60 55 38 49 48 54 39 32];
num_passangers=[26 55 56 67 63 51 28 56 50 38 80 58 22 99 82 36 82 35 97 66 82 60 40 99 94 51 81 88 71 29 62 41 43 23 67 64 27];
BM=250;
CBM=0.500000;
CEM=0.800000;    