nBuses=25;
max_busses=15;
cap_B=[106 110 121 104 138 23 55 136 79 52 120 117 94 103 123 30 37 70 136 60 21 67 60 114 95];
euros_min_B=[2.4748800654677328 5.555554979008306 2.4137843935703835 13.00729073744517 11.754838933053659 6.259271876349965 10.64141850009888 13.558446893390519 14.336246847756101 10.7542433070897 2.3931353483761173 1.1652651020358658 3.2664060515626656 7.647330436806952 1.1265183940149708 3.5454016698704187 13.950228588165482 9.759115949620211 13.275017666926908 4.388809025484331 5.49122788094072 10.849835431913712 7.978165987838075 9.51089849774287 13.464721065479512];
euros_km_B=[8.646066306523066 9.723094388866095 7.600876263059949 10.58704008899396 20.24197822492739 14.125923790310694 8.228304664084998 3.919739459019012 12.729004167438852 27.881283483258063 12.783530462817485 9.880827297261288 28.861204595242683 4.073534872559296 2.471795744526934 27.483075255183046 27.466045594163436 17.717335584119052 4.682800087810927 17.364220456827248 6.781727382997482 16.4495474354015 14.14411413413036 8.355787090864322 8.699723101077922];


nDrivers=21;
max_D=[179 225 224 214 181 173 143 125 131 238 166 149 229 218 231 149 193 164 233 157 233];
        

nServices=27;
S_starting_time=[80 14 139 64 462 687 161 30 688 381 508 548 4 81 330 532 698 342 658 719 688 680 645 538 670 716 639];
duration_s_min=[85 111 108 94 106 92 68 102 83 94 82 77 81 92 113 102 93 86 89 103 70 82 70 80 69 80 97];
duration_s_km=[52 45 48 54 38 60 58 31 56 45 41 46 32 53 46 38 56 33 41 41 59 58 56 57 44 58 52];
num_passangers=[81 56 36 22 59 98 83 59 93 66 30 72 83 40 56 91 55 74 58 82 100 50 55 48 87 37 93];
BM=250;
CBM=0.500000;
CEM=0.800000;    