nBuses=32;
max_busses=36;
cap_B=[98 113 118 103 73 103 54 86 34 33 134 75 69 128 59 82 96 23 34 61 117 88 74 73 115 125 89 31 21 125 26 126];
euros_min_B=[4.488962722114945 10.679182566827539 9.31430040203112 14.295734196485467 10.269241746290897 3.630924136020086 2.9083472878560475 6.1847764725554875 4.103959792955901 4.669086221097479 11.740130466388969 5.489732320756111 14.548969642210384 9.070027860367103 4.637877650964064 5.604707003905933 7.159438149488034 5.488786433275281 14.473562153206501 2.2953429829891094 3.0557959163252573 6.977716176526288 3.65430548986169 9.118019988533975 2.8047201567292834 11.876846428699439 11.697314637407946 10.758603012007791 6.681520698882505 11.680312191276927 10.102212101479827 2.9031453898876407];
euros_km_B=[2.6494094479244374 19.893439517400456 9.577006340244179 21.301342438553565 12.52927613213381 6.585895376037656 2.0385892581584093 27.20810965652407 26.193312693204906 17.25513821962698 6.95812877465472 4.046024185355554 6.320799885966837 10.075121801039433 17.00445585494972 13.341322639258472 3.1546266512061543 2.8893920693151474 11.429287570117037 8.424213536547075 29.157702596134317 27.585551806729825 19.491171085446705 20.1120565305324 2.9753391602324584 3.036724571551111 19.878508814985857 15.758922088423127 27.386033512442918 21.01203765854696 14.729061886113435 16.523872527079483];


nDrivers=33;
max_D=[121 161 210 145 239 120 217 217 188 237 162 169 138 130 182 231 164 121 213 213 180 140 222 125 167 148 154 192 229 134 155 155 192];
        

nServices=37;
S_starting_time=[37 686 208 154 419 191 120 69 507 354 603 361 343 383 274 161 582 316 198 356 561 213 283 204 595 421 461 594 340 478 622 467 229 140 240 188 220];
duration_s_min=[95 105 61 108 102 80 106 77 108 74 62 102 79 79 80 77 97 65 116 86 74 91 104 97 85 113 66 70 103 91 70 104 113 111 83 68 83];
duration_s_km=[35 44 57 37 45 33 55 55 47 44 42 47 41 35 50 43 38 56 44 39 46 37 48 31 31 46 32 30 32 58 38 60 30 56 33 30 31];
num_passangers=[43 60 91 86 86 40 79 83 76 40 88 24 53 97 62 54 36 90 48 78 36 56 58 58 81 68 40 50 66 95 58 22 66 83 75 39 52];
BM=250;
CBM=0.500000;
CEM=0.800000;    