nBuses=44;
max_busses=37;
cap_B=[79 109 85 130 124 114 125 32 119 139 108 132 51 37 22 86 95 97 71 34 67 130 113 71 93 98 48 93 59 39 93 131 86 25 31 60 140 76 128 115 99 79 48 38];
euros_min_B=[13.943739820104009 12.622130321174263 3.2210199345041977 1.5561524307734973 11.640712448026854 4.252422747595631 2.6473129680212946 4.555988328281741 5.63640061717425 3.2271475873444766 6.5017661549439145 10.326431486269993 1.0674240228064862 14.169907966106877 9.648416429652332 6.424836961827176 4.186953013185583 11.192575416293264 4.298749434427329 5.782802627680575 2.711082303720947 2.4897696728423937 6.872945382123628 9.793608811744797 1.6005180238351593 4.647939632246826 10.611786619927987 12.316982502588393 4.550646668318866 7.094689646959861 14.45816096201806 7.404163626016343 8.44816627777076 11.788364516592662 10.744016935294734 5.559031431217667 2.3603359414379335 10.235665371042096 11.145516794764145 4.7952767505541765 11.586738090971796 7.038514178446011 8.367173479993749 1.4226240227528364];
euros_km_B=[11.03701028934515 3.017821593829506 25.90366450116398 26.766105286274733 23.97555451534747 11.369646533326948 12.06449157542827 21.613658147206344 17.410190220106152 20.569930951641627 13.209570504340702 27.75003650436741 28.084168005888774 20.619442261743888 21.626608173853114 28.67793601625734 17.997362482459152 24.56441557302014 15.968645587972837 10.544573518278863 12.699922143077728 17.191446415197156 13.488944060289667 23.993260679182747 17.680509267622543 25.81876349729869 12.854308305388896 5.413782151554056 28.783019065883078 10.523176707579408 16.73039487669513 11.20762426589438 20.506412174173562 16.18881082751542 17.706213657214384 2.995427505229153 27.629193233764482 9.600272438677734 6.568509843814504 24.940873268860386 26.73678736313215 19.341042185507106 26.162226425349893 11.31176008490636];


nDrivers=47;
max_D=[212 149 136 182 126 122 206 134 239 227 197 204 148 227 202 132 180 229 229 207 228 187 149 231 165 139 166 215 151 170 231 201 215 176 177 136 215 125 219 161 165 137 205 144 134 225 155];
        

nServices=51;
S_starting_time=[124 332 264 91 278 259 7 565 382 74 717 659 628 0 231 498 290 356 177 466 9 658 554 332 348 68 689 24 68 655 424 516 689 713 602 22 168 192 291 160 367 5 77 425 4 616 179 554 443 719 43];
duration_s_min=[117 111 116 75 77 114 65 116 85 103 102 87 100 95 116 90 103 116 63 106 104 74 71 116 103 97 68 106 89 107 114 67 116 92 74 109 116 89 72 74 64 73 67 65 79 91 103 80 69 61 98];
duration_s_km=[46 47 59 47 34 42 58 46 34 40 56 45 51 46 33 43 34 49 44 52 32 47 50 32 46 54 52 39 32 49 45 35 34 36 34 48 36 37 41 49 58 34 36 33 54 42 53 55 58 48 39];
num_passangers=[91 37 48 67 98 93 94 63 22 39 42 56 62 38 25 91 67 68 97 64 80 99 57 67 42 46 85 86 58 46 75 64 46 53 70 96 87 67 44 24 84 34 41 46 83 25 88 41 100 66 23];
BM=250;
CBM=0.500000;
CEM=0.800000;    