nBuses=17;
max_busses=9;
cap_B=[70 134 67 20 96 98 49 93 126 78 89 131 74 98 39 51 58];
euros_min_B=[13.732349047774498 7.413864489503914 2.4083864987871486 12.936920959618815 10.16958607051177 13.68255538690685 4.791859582372758 5.4663538084468275 10.56068060049947 2.5006998081905767 4.62543282333867 12.912719483583174 14.616448448840968 10.923277790197115 14.87341423455952 12.640905595785842 10.231821212794006];
euros_km_B=[8.33977302904492 12.690298509303735 13.865694019172455 21.05770637789655 17.426132316071786 15.279770223172557 9.490179002187862 4.237579971497696 18.79802152945622 17.275799659034288 22.108137781427036 24.177984265494956 16.504549892445993 1.338703595989419 25.87380716978132 10.058776577497085 16.615529740859614];


nDrivers=19;
max_D=[154 157 125 208 143 122 214 210 151 213 203 166 162 159 209 223 216 121 207];
        

nServices=23;
S_starting_time=[118 345 613 273 583 283 437 408 455 363 226 189 244 213 177 555 347 369 672 8 59 235 650];
duration_s_min=[120 115 105 80 68 95 73 89 93 60 68 70 107 92 92 60 83 81 114 100 116 87 73];
duration_s_km=[38 39 58 49 39 35 36 53 32 58 49 58 44 39 60 58 38 34 42 46 53 56 50];
num_passangers=[35 23 89 49 30 91 79 71 68 92 96 72 25 92 70 30 45 70 65 29 42 51 82];
BM=250;
CBM=0.500000;
CEM=0.800000;    