nBuses=17;
max_busses=14;
cap_B=[72 81 33 84 118 138 109 32 80 76 29 34 90 128 20 86 132];
euros_min_B=[7.37041977512651 11.02932545719479 3.6401226454175566 5.680841560524326 12.041018238786936 10.894107477785173 8.748081304059538 6.3094738274354105 4.128396481687092 2.946177917894662 10.949294663791617 13.544304706176689 2.5382513900316517 13.574859236661572 8.719367256192879 9.148988833050765 14.658615969792567];
euros_km_B=[25.441429284112825 5.587926331224754 2.411354315969118 1.9916806785774028 21.902606336274122 15.559141449315737 4.060747328618211 25.376498173534948 19.87449961983989 29.398360432004058 18.928761098034677 7.952197955427864 3.8095001875926378 25.57901753453102 8.184127115897734 26.542258069978256 22.737915284031065];


nDrivers=16;
max_D=[204 203 215 215 224 151 134 134 174 134 140 131 124 169 211 180];
        

nServices=23;
S_starting_time=[699 491 592 260 616 319 75 567 77 276 667 240 709 590 291 316 552 522 648 568 93 174 146];
duration_s_min=[119 70 104 80 71 76 86 114 73 64 110 120 69 98 94 82 116 89 103 114 80 97 118];
duration_s_km=[42 38 59 45 34 41 53 42 53 35 56 31 52 49 54 51 40 48 48 58 57 51 30];
num_passangers=[46 27 59 85 34 74 45 21 82 92 73 89 45 46 81 96 21 33 88 25 69 81 26];
BM=250;
CBM=0.500000;
CEM=0.800000;    