nBuses=45;
max_busses=48;
cap_B=[128 58 37 85 140 64 27 30 90 24 21 57 64 50 89 30 57 37 119 32 98 45 76 73 22 47 120 74 41 107 47 133 99 82 34 66 129 107 69 40 39 109 69 87 36];
euros_min_B=[11.017769450582273 3.70000782078394 9.406347867042918 8.95413651747732 11.136615460047116 12.065355450985015 4.356315807445396 14.117116418853271 10.231630431408284 14.701087418077302 14.212822623285806 13.211219894103271 7.006861968408151 3.444345233980653 4.61496189073562 5.072605042344237 5.361423180420143 6.192437140886315 8.367797577865096 4.833745691174805 1.2657304792154243 13.273238697087072 10.20598634189756 8.687936786860904 14.911234177151732 12.370944372989538 3.294972085001297 5.247867433704899 10.196468266326457 4.626397350383986 1.4332954378823473 10.493331362020994 1.107686784690167 14.568223363577658 7.848518872830306 9.665360018413127 5.468243686852827 6.10834368589246 8.941631857069838 14.672266859902102 6.686429659585112 3.4726020876010537 1.4025460212216092 13.426269585346855 13.765808495301403];
euros_km_B=[20.72934115868472 10.499819619881263 2.3250586482045175 29.060650762482194 5.929652153801381 27.596910701287033 8.58081876128762 28.78977645952761 13.53023103163167 6.052706416295972 22.605835295847786 14.85791767481287 13.678903898880893 24.111565963091152 23.88968009621111 10.564560780128838 17.161171559078987 11.924226190579388 20.43873212258992 29.08816052914042 8.49947086746242 17.816888356634593 20.863636235817186 1.8294745943491417 12.433397778433477 6.022244409053363 24.747465156675247 4.530055602361848 27.088699658104616 6.590148520094793 6.391604852487002 18.159194699944383 18.10604952655117 4.3855227630228 28.006702912342924 15.611919474702496 13.538981312411305 27.938126134777637 19.844514591295017 26.246643811578352 20.34078627710459 4.443606443792232 16.249071246117715 13.663225376376941 2.651052784189811];


nDrivers=42;
max_D=[143 124 132 160 215 122 197 134 227 146 168 215 195 227 220 131 180 176 237 192 135 120 123 188 200 238 120 124 138 141 236 221 223 166 166 228 130 194 132 192 168 217];
        

nServices=49;
S_starting_time=[258 492 222 555 623 195 37 239 19 684 365 656 658 239 697 33 245 682 249 374 528 688 289 535 91 522 302 110 399 318 278 684 437 358 500 629 430 371 448 52 535 94 451 518 243 227 493 333 341];
duration_s_min=[96 78 118 90 94 102 92 97 110 116 96 117 79 100 103 102 92 105 86 67 63 94 97 103 83 79 117 100 120 101 66 61 87 76 75 96 118 85 115 97 96 89 73 85 114 64 88 65 98];
duration_s_km=[50 35 33 57 53 37 50 44 33 53 54 36 42 34 46 53 32 40 34 43 47 43 53 57 38 40 37 31 54 37 35 39 34 41 60 45 50 37 35 46 42 53 44 54 49 44 45 42 39];
num_passangers=[48 39 94 97 79 21 25 78 30 41 52 63 82 39 66 22 100 97 39 55 84 73 78 85 34 57 38 97 60 100 22 87 86 56 93 31 85 36 88 87 65 44 43 64 23 35 35 84 44];
BM=250;
CBM=0.500000;
CEM=0.800000;    