nBuses=62;
max_busses=67;
cap_B=[27 22 110 44 78 22 118 85 90 117 86 121 55 91 88 72 44 120 104 81 72 71 97 67 93 130 60 114 96 92 39 25 125 104 49 116 75 120 57 32 44 85 118 96 61 45 53 73 80 67 82 51 108 68 77 102 20 41 136 111 68 75];
euros_min_B=[9.636424517265729 7.820235551801883 14.404287677193405 13.772223065325317 9.54047707927779 7.079092327582893 4.095971721182392 5.293221251636815 10.822743251308816 3.6101094308191075 12.344638463241047 4.545952343289926 11.896505752895884 9.506335335339568 6.724543673011104 7.31199705124847 7.3805714070291 2.276984572430934 13.454788299615661 13.539564718066035 6.722499302685453 13.652791342208129 9.129055348955 4.05671303251912 1.9736707048921953 2.39915701578602 2.330103142501282 4.804806477809914 8.056018422051672 11.262015097431288 2.5427556814319345 10.911648246914766 1.1200770848122328 13.053296747713418 3.7869818274356115 4.086934298217213 10.138860692725899 10.127206591432087 9.132416648506709 14.514203555515198 6.461664232188321 12.822108730136517 10.02779678025688 8.444140997566072 1.7096371737119962 12.044565919811609 8.647061567092447 8.972134215776762 13.449290163210566 12.808427834377117 8.510831387935838 13.235197882380987 8.850486623665663 3.832732019209077 3.224546878888675 2.598263290343271 3.76451725127224 13.013827284270347 9.762738366473155 11.847320736587765 5.997840575619396 8.169808536048173];
euros_km_B=[19.929155796678444 15.022520150792696 25.340129191342452 7.5029116250215075 21.60684708240295 1.2184686279434662 28.327100428590658 6.023732714552958 28.45917870236019 18.850574195204008 2.569214291712129 17.288468368207404 15.385226428744469 15.939588421423915 23.94679065044812 6.755433685075764 29.129227704408006 22.52373225397564 17.242927143307693 28.916836084912923 4.665146944159368 7.912663284356785 1.4727304918138788 4.850861909574752 12.75655934014616 28.406840385670712 23.584389239606168 8.061610494946876 6.769033765082754 27.837189618434188 9.605471050520787 3.681681460138102 17.609400012294305 4.513583787306471 5.507459621560974 20.49095413435307 3.2496103174000335 2.9851008688314162 24.705374979085718 4.62331917825013 27.02211631890139 28.325044040785762 10.517250113745407 2.6717943127005968 8.817931646189157 6.365679901208773 10.787975526663615 29.930730234092376 20.387163301478658 28.176957367202675 20.72254580095694 4.839226924384214 19.794311966506505 9.777899555184149 11.885670823555424 6.145175886566211 5.57201108533542 3.811682206585827 6.861749675767858 10.685977133180659 3.497421353292146 17.810245898835568];


nDrivers=63;
max_D=[186 191 184 159 190 169 191 136 132 192 207 229 226 169 200 203 203 170 168 240 192 166 230 165 158 221 215 190 158 233 121 120 239 192 227 181 166 176 229 126 197 208 229 142 211 197 120 153 230 200 149 187 141 206 240 122 122 125 170 130 148 172 130];
        

nServices=68;
S_starting_time=[121 288 357 573 6 703 104 651 532 4 436 23 306 531 68 601 193 551 87 24 55 608 313 244 590 162 338 494 313 591 521 391 608 123 395 689 489 202 194 57 297 697 607 327 5 43 174 332 262 372 488 74 56 39 690 79 524 344 360 340 7 578 148 175 162 293 273 381];
duration_s_min=[112 89 80 99 104 89 65 100 110 119 106 65 115 73 77 93 91 93 76 73 91 92 106 99 97 97 74 80 110 85 105 73 68 97 60 72 113 87 81 109 61 101 107 114 120 70 118 105 67 84 105 95 66 82 87 106 89 104 95 88 70 98 88 74 72 78 117 108];
duration_s_km=[60 45 53 50 37 35 35 34 53 59 58 35 49 34 39 45 30 32 38 42 33 30 30 56 58 59 38 50 58 41 34 57 33 57 41 60 49 41 48 60 42 52 47 34 49 37 59 41 51 50 41 38 45 39 45 35 30 55 47 60 55 54 43 52 58 48 36 53];
num_passangers=[55 52 79 65 43 44 78 37 93 69 67 63 25 84 98 99 33 55 89 91 42 63 88 74 65 43 64 61 63 67 21 64 85 23 72 92 80 83 50 81 66 28 73 26 76 61 58 32 60 89 46 47 78 58 82 95 72 41 44 24 81 49 33 60 55 95 60 67];
BM=250;
CBM=0.500000;
CEM=0.800000;    