nBuses=28;
max_busses=31;
cap_B=[118 96 36 108 58 78 101 58 68 117 69 84 81 47 109 108 41 113 61 79 95 105 36 140 129 69 116 124];
euros_min_B=[9.390912394680456 13.105623019807979 10.574659718712153 4.4202706529848745 7.809303536339925 10.98119129521888 6.180659310053077 13.051007501063673 10.785208665812533 10.279815851070648 8.442836714854131 2.6171626736941263 11.047317299111617 14.019707269968276 14.157466252689932 10.59964185368673 5.700980581932001 7.077903542579653 4.879271414334138 11.88494130738999 12.282848806282203 8.941539463933992 13.769590762620211 14.453263455003835 8.336515160036182 10.792368891495276 4.363995212347643 2.3951541540638606];
euros_km_B=[6.729250535797463 2.1187785506540946 29.34694111731992 10.934553324842508 23.587327135766476 10.821662660857514 27.398404911520117 3.899879735181747 1.246366523253896 19.91111824552898 20.56747771776266 2.722868441009813 5.713021794120655 9.2472045408072 18.113307020752597 26.41407126717575 27.666390008663157 19.271974088637087 1.8511424205948788 16.698456721049993 14.917917680768854 10.56418446781834 9.816788444198428 29.444907580290515 3.056313351010334 10.99605806198008 7.9593107589185985 18.67898870391234];


nDrivers=34;
max_D=[141 218 208 227 132 165 238 211 238 193 194 172 168 149 143 179 178 204 221 157 179 147 234 192 130 192 187 189 181 199 161 139 193 147];
        

nServices=35;
S_starting_time=[531 369 98 130 20 103 417 599 68 127 167 625 525 554 274 674 222 448 76 269 438 39 453 604 596 331 135 261 444 244 537 135 667 34 350];
duration_s_min=[112 116 64 89 66 75 105 99 83 114 92 109 90 98 115 117 71 64 93 98 70 96 60 61 64 91 62 86 115 111 83 80 84 79 93];
duration_s_km=[35 33 40 48 32 34 44 44 36 51 56 31 55 45 56 59 32 51 45 31 33 30 34 60 33 55 57 44 50 37 46 48 33 47 45];
num_passangers=[94 77 84 64 74 88 97 81 94 26 24 96 99 83 24 100 35 58 82 68 77 66 75 24 86 92 30 58 76 51 57 62 72 49 38];
BM=250;
CBM=0.500000;
CEM=0.800000;    