nBuses=42;
max_busses=35;
cap_B=[102 76 74 119 123 83 85 74 132 63 64 54 137 128 60 97 76 44 97 111 125 140 93 39 129 43 71 70 121 101 127 108 80 61 102 86 74 125 95 22 54 107];
euros_min_B=[11.332133563875457 9.899751984636561 5.1781337760480035 12.976420340098752 7.290460351314261 11.455719429468019 7.091366756642278 10.545984210290555 11.107351195275616 6.3911783648775575 8.69841382943812 11.021880807737695 5.020239127805649 8.712283143840692 2.6316396218023996 8.374545006928388 3.703530715141469 3.217777937358041 1.4029990818963907 10.371313016364578 7.986492149020085 14.398504306694452 8.986533877840618 1.2108708289462835 13.328254649090717 1.9436174757826212 10.521019809643205 7.2267150518561225 2.3132721493232 8.680502285121253 6.150997645306413 11.752016602329196 9.215072067569498 4.065128489089071 1.2776346719929157 6.07389920160001 13.782533406712743 2.814368243961561 3.3266857306540283 4.768256910595343 11.291766476636976 3.2798368586396833];
euros_km_B=[4.659756865116621 29.11330553938072 23.97675942071677 11.573264408586438 11.481822275077697 21.927539354432845 14.431956660535697 1.4844009775693672 1.1897988754683184 24.566245299685203 13.634115316983964 14.370187407446993 29.985085814633436 21.124680071415433 7.865107182948115 17.344578333274146 26.167943862395266 10.48509921018691 24.452699154562183 25.624575084054086 23.192606199912266 22.625677610581082 21.744020580584397 12.002420554815975 26.211841005831115 13.763029126602717 7.75516604904929 15.806184416417839 22.641781307219695 27.71237983852566 26.57697818050506 19.004383744171385 21.89512088337098 5.517850333379146 28.954454043864295 7.631951351306338 7.534027672856462 15.825315460395604 25.385266790042152 10.42753257384452 6.624981247261878 17.65438600622186];


nDrivers=46;
max_D=[199 216 148 162 211 174 223 216 196 183 134 127 201 187 238 177 218 212 147 141 152 200 194 189 224 197 179 163 177 135 162 192 188 141 188 193 163 198 228 225 181 121 237 235 224 199];
        

nServices=47;
S_starting_time=[255 211 121 687 312 599 385 461 153 107 611 589 377 27 643 672 695 29 380 511 629 706 235 702 581 177 685 97 313 401 95 34 435 213 399 682 432 317 714 698 69 633 209 704 339 201 181];
duration_s_min=[91 63 104 110 74 108 96 113 106 96 64 88 113 100 80 120 74 118 108 96 119 93 119 119 73 97 93 85 102 92 119 118 81 68 80 99 65 73 87 82 75 88 86 99 98 74 108];
duration_s_km=[37 46 34 49 56 49 38 55 54 53 31 33 44 46 41 37 50 33 45 52 58 35 59 43 38 57 34 35 43 47 35 31 57 55 53 39 60 58 42 60 37 38 50 50 48 31 55];
num_passangers=[65 76 90 35 42 50 68 35 36 54 48 45 55 57 38 66 43 98 34 20 46 50 32 76 47 27 20 46 65 97 38 45 26 72 39 23 67 61 59 44 81 77 66 48 87 23 41];
BM=250;
CBM=0.500000;
CEM=0.800000;    