nBuses=18;
max_busses=6;
cap_B=[40 50 22 46 28 25 35 38 39 43 31 35 39 40 24 44 44 22];
euros_min_B=[2 2 1 3 2 1 1 3 2 1 1 2 2 1 1 2 3 1];
euros_km_B=[18 16 18 20 22 17 30 12 23 24 30 14 29 26 22 11 26 24];


nDrivers=10;
max_D=[230 217 218 212 204 204 216 234 221 216];
        

nServices=28;
S_starting_time=[20 14 14 15 13 20 16 17 20 19 18 14 12 18 20 12 14 10 14 18 12 11 10 11 18 17 19 17];
duration_s_min=[55 29 62 43 29 30 26 21 52 49 32 87 39 42 77 73 79 40 81 86 82 63 63 52 58 85 56 89];
duration_s_km=[17 13 18 16 17 19 16 15 17 15 12 10 17 10 10 15 17 15 12 10 13 15 16 14 11 14 10 18];
num_passangers=[40 12 18 17 33 29 31 37 14 32 22 12 18 40 34 12 21 35 21 17 27 34 30 35 24 13 16 38];
BM=30;
CBM=0.500000;
CEM=0.800000;    