nBuses=49;
max_busses=39;
cap_B=[65 56 55 125 83 123 75 73 40 50 76 103 80 120 92 116 64 116 119 79 86 116 24 45 49 67 135 117 68 95 130 23 102 55 128 96 66 138 118 35 92 56 50 28 65 118 26 34 75];
euros_min_B=[2.6264708376271253 14.092759391292462 7.930909987600039 4.7604191933128845 10.958519508616025 11.170065426840747 13.203265314570904 14.304388850342914 11.949832394232846 7.6991423477961325 5.05408181068759 14.41676608709667 3.149553767564435 9.976890277908835 5.389029301174718 5.664460374645029 2.011537946649435 9.406895394349425 14.933331299370145 1.676491086372196 6.056477487582441 12.877218309734932 4.87385033222322 8.462084999759954 6.520145933478598 12.944456802302064 10.027547704737648 2.1865403011974403 3.9997020843263273 13.59051942159174 7.275491903549323 8.430041095292012 10.882663026232647 4.075194566434237 7.701776629564079 1.5470194000214792 8.52916857998843 6.98481748896807 13.721787224296763 9.226144533526954 11.510185411048024 8.492685535049254 3.6629307235836364 11.550964131405456 4.918726566874579 3.702234750774896 11.07271268492442 5.736572088811002 11.087000128705315];
euros_km_B=[5.58124506479053 4.515709653665658 24.100326055146727 1.9723050628682468 28.886635211901513 7.234446831417174 11.987306230767146 28.615051980606783 2.511410626134663 7.823045366970518 11.306658937660655 2.6606473566149713 4.286166000083093 2.4665021899156265 5.01365147112063 28.492482504507283 10.931790064543877 6.07512773650761 5.039338812794593 6.427431205292549 6.889664325203196 16.681234379244106 10.3445896113185 11.69285502757039 29.19797581659909 14.909633969356642 13.11240235638896 4.492018802871104 13.064403811059158 13.766008944615354 27.73683170085098 24.20613913447213 6.9647301409693725 13.503875990259287 22.01271578118674 10.13156853251299 12.239903986127667 23.528645307577396 21.201688317155373 27.252696138928474 26.883633677885545 27.13489928773891 7.664740213194327 7.561531497793808 11.795834836922822 20.282360678581092 5.999791798569252 12.934029302261958 28.151670490196903];


nDrivers=45;
max_D=[208 190 193 168 183 134 177 173 188 213 231 185 189 154 160 203 154 233 164 236 220 136 233 155 171 240 207 127 180 129 156 205 212 212 144 149 139 171 189 204 221 160 146 172 205];
        

nServices=50;
S_starting_time=[679 1 563 40 168 435 97 86 327 591 74 282 216 276 361 454 274 649 652 591 237 576 553 545 715 37 623 498 151 635 334 643 287 719 577 313 122 623 373 423 455 241 458 243 162 215 468 67 306 434];
duration_s_min=[118 68 100 116 70 94 115 101 83 65 78 99 102 105 69 107 109 61 108 97 90 65 74 76 108 83 61 68 64 107 101 83 115 73 71 79 76 74 109 82 63 73 65 70 75 91 78 64 74 61];
duration_s_km=[41 57 60 60 45 37 55 41 41 32 55 54 40 39 53 45 53 44 51 52 45 57 50 51 56 40 32 40 43 40 35 32 49 45 54 39 41 50 52 40 59 47 48 58 42 37 35 41 48 35];
num_passangers=[49 24 50 26 30 53 92 26 37 57 34 25 51 93 64 86 98 67 76 40 100 41 90 24 79 84 97 68 68 85 32 63 91 25 95 48 86 57 68 98 25 52 77 57 53 86 93 28 48 74];
BM=250;
CBM=0.500000;
CEM=0.800000;    