nBuses=58;
max_busses=50;
cap_B=[46 72 21 140 23 113 85 46 45 42 135 101 124 116 108 130 68 130 76 99 140 94 42 103 71 137 74 110 130 31 56 59 110 129 104 112 81 31 94 32 133 21 70 137 106 94 70 56 31 52 70 23 50 109 114 26 69 21];
euros_min_B=[12.627103835561861 9.801768889029884 11.034722132891282 1.5957119819574577 8.73632153454813 1.198364755698718 1.6252355542383274 1.2035080482077036 5.3672256608527835 2.069621758862077 14.172719364569733 1.291796153231599 8.56866146886378 6.376750096137638 11.607016072020725 2.924265319559331 4.732761147211203 9.106440880465598 6.123512345015749 2.033432074694433 14.91809708790557 2.3378068607157694 8.63053104735336 2.56560461982711 2.193742092859738 10.674542169386388 3.6876178802007473 10.615169307520809 3.3097351422229067 3.575152768013744 12.36655767862721 3.5252860600636753 5.238161246125191 6.408671661414923 4.064770405461137 14.948441171888406 2.652096359236331 5.925012069249095 8.777937399843136 12.643760949723427 6.0695814163811 6.216891056360523 14.662356029188233 6.146330046576031 6.299496734123221 4.812914196462619 2.3219511116472247 3.3753691303134112 10.78451686926221 9.902740100552823 9.440522332634533 2.3035943468583224 10.19216049169876 14.450666211532138 7.22888302201936 13.69940648716698 7.030840309262038 10.95558717158619];
euros_km_B=[27.000644930527265 20.36614054814304 5.885756091935667 25.004806791081663 29.84539796157512 3.6120231125531044 9.021576523779757 17.59967157956476 17.830822056777066 17.21913288275781 26.9473867812491 6.14128958952493 24.09912551780767 18.67474856441239 17.750224571719347 15.955247861031062 5.967398191917466 14.796703893999574 24.914394675285973 19.30781207188311 9.932844353903343 8.75866097854083 15.649376963900528 25.653138248129274 4.835864689371817 4.379921853357287 24.584301093259164 5.276998357834015 18.118425847739935 29.89169756954114 17.674591204352332 26.165551540449954 16.12773604232742 10.674566780027618 21.078906219491298 16.757835810506045 4.903690206759206 4.608648943526147 9.953406327406926 1.4112031023119855 21.246592904900478 27.01037829891776 6.647966252612455 7.702213892174739 16.015911509196194 28.63489228303331 26.825737806606373 23.140543313955277 29.69009911465068 26.892506055100956 19.086108434444707 28.367418171921763 28.886414107118533 12.75587746139312 12.300861655305852 15.869748902440762 19.190839371466883 7.412931263333743];


nDrivers=58;
max_D=[240 123 175 209 234 136 157 229 232 211 127 132 154 240 235 226 230 228 163 144 145 232 135 192 128 194 184 175 222 179 199 168 234 239 142 222 179 181 181 196 206 165 197 222 197 183 196 172 235 167 130 129 222 230 130 160 228 165];
        

nServices=62;
S_starting_time=[526 326 234 608 137 131 717 357 199 500 562 174 451 629 195 284 252 712 362 274 73 597 683 287 476 213 55 153 70 579 584 636 479 131 653 582 652 81 8 132 324 277 714 349 189 350 45 264 93 594 239 579 462 350 196 509 296 81 417 605 379 260];
duration_s_min=[68 105 77 67 86 88 65 97 90 111 109 84 93 69 98 76 62 70 71 61 73 97 76 76 102 118 109 103 120 94 78 115 88 96 64 94 68 75 84 60 72 82 85 90 76 69 97 117 104 62 104 96 108 119 118 80 106 103 64 72 74 68];
duration_s_km=[53 46 47 30 42 43 38 55 54 60 37 44 32 40 47 46 55 59 32 47 56 47 31 41 46 54 51 50 45 48 42 49 58 34 41 33 31 59 41 37 31 54 55 32 59 51 46 32 43 51 56 47 56 52 51 50 54 34 53 32 58 31];
num_passangers=[94 62 86 71 45 93 57 56 69 65 59 65 40 50 96 69 39 77 36 89 21 97 67 50 74 54 38 59 47 69 26 67 76 37 29 23 39 31 39 73 70 23 91 83 95 55 71 74 25 55 75 53 29 67 63 84 35 41 27 38 31 39];
BM=250;
CBM=0.500000;
CEM=0.800000;    