nBuses=14;
max_busses=16;
cap_B=[59 90 105 118 92 28 73 105 112 111 58 91 102 93];
euros_min_B=[8.170370653296201 5.123549329529146 1.1457055372629563 7.626022606390823 6.2378523291985015 9.363377305291145 13.046535498137247 8.01127833315642 2.3612792736255717 3.185877562177157 12.328646590448692 8.69026259826942 3.00491650302312 1.0115138904864005];
euros_km_B=[5.93958750845732 17.607457348661036 29.91556592918889 26.891172546698623 21.54623903547968 23.591645827622315 7.6408688657308454 4.091306807267669 23.70924756022671 6.076056085919042 17.779312391707666 16.739140481917843 4.537130304881918 26.055238009540886];


nDrivers=20;
max_D=[234 208 213 121 200 140 134 169 193 187 237 171 185 222 222 172 146 176 217 130];
        

nServices=21;
S_starting_time=[238 448 444 300 659 198 278 240 235 241 508 414 372 439 707 379 224 282 583 639 259];
duration_s_min=[102 103 85 77 92 74 64 94 83 112 61 112 107 64 85 88 110 118 109 109 115];
duration_s_km=[39 41 40 35 60 51 57 31 51 40 36 56 33 48 37 33 31 49 51 43 32];
num_passangers=[33 94 68 43 73 47 83 37 75 71 84 61 98 36 94 64 56 22 49 75 38];
BM=250;
CBM=0.500000;
CEM=0.800000;    