nBuses=64;
max_busses=60;
cap_B=[86 119 118 46 66 44 130 36 105 46 71 94 40 64 140 139 57 116 34 87 136 63 124 22 31 76 95 67 80 96 64 31 40 81 63 47 36 89 112 76 140 35 131 127 85 46 51 22 87 93 55 110 140 38 40 138 26 26 112 131 48 112 140 126];
euros_min_B=[2.4586788328700333 2.8680678457362827 10.237885457797303 4.69616277689075 8.01234566989974 3.6339073524929217 2.065827982508124 11.744331882171743 10.079055690476064 1.9183738331379536 1.0198181943751674 1.6679800707363965 14.583928412292549 14.545251909380882 8.843816221328204 14.86133227694346 12.004032190948175 14.690282574929409 5.89204205491313 12.567699479751443 1.2680726429379878 5.265749840684293 5.0442488936400105 4.5389282052628195 7.8405909604156285 14.917451493713404 2.3362212036227348 1.9529926457837177 9.824537119011318 7.8274741129611645 9.294352660045414 12.307758297210848 7.240726579936655 9.167129582316571 2.7058645126783176 5.243121528793939 3.057185241089421 2.817908064937955 11.313821770327724 12.679020974285507 3.5708827146151307 2.6855311457499225 13.071729189188998 4.623918942000738 4.042256560166651 9.985621025634966 9.994618527085883 11.024998980317294 6.188780982337298 12.003261705833037 3.3270941646650423 11.983986301015339 2.710693622703487 7.471273428783666 8.99527466673893 9.02008483933345 5.711655755787887 8.103347211128174 1.0347751542813615 3.6810397021262338 14.893608604493945 8.760317025044504 8.545027021472684 3.134132050855226];
euros_km_B=[12.069440960096962 9.36169775330072 22.05544542218873 3.3813837830350026 14.390942266181705 8.135860492622642 26.668139278481906 11.050280436695685 27.27610688514285 17.371616210078287 28.988895068340476 16.49484241973032 4.600143853617463 13.164920521694842 19.79354317152782 24.481102462359537 16.56387890034918 4.82503856327849 25.957043261668375 16.144143955823125 12.082114134520454 14.569223313614474 28.829964599791715 9.20551228863988 21.631482110128342 10.769883324239629 27.738687941899038 22.797219649633988 10.16454109175587 22.465813051032224 24.122086998011497 16.499805185553004 1.0843425354170413 27.655420199359963 7.118640806128219 19.02953694774591 7.284659593700788 8.254326681183645 21.54622581386138 24.828213960620953 24.00572078146496 17.542728477577796 15.283389543668964 28.04153765984728 24.103015684619336 26.267671441842147 21.15869319637306 10.999817676341202 10.287264290966716 18.70121339396247 26.534897614758876 27.590482901326993 9.91013653605372 14.669050103862444 8.642120706942404 3.4429173535675646 18.397298280474224 16.066984199191424 26.851921379690857 2.6290405685148723 22.76927541258557 21.939145850649144 11.067177766858315 29.22453494431047];


nDrivers=64;
max_D=[219 122 235 130 151 209 217 143 178 186 186 187 234 237 154 128 164 128 148 141 224 235 149 145 141 239 145 208 120 209 171 137 185 166 130 157 120 181 163 204 189 144 202 127 156 144 139 232 128 192 207 157 234 184 180 132 165 221 136 147 160 216 226 123];
        

nServices=66;
S_starting_time=[490 594 358 220 218 336 518 2 713 323 710 270 418 124 510 443 656 357 525 294 372 49 4 196 52 694 33 263 330 96 439 318 350 294 203 277 516 482 31 551 415 678 708 118 199 8 629 219 229 186 547 283 139 181 713 649 290 81 347 564 235 690 600 456 433 97];
duration_s_min=[93 96 69 100 93 117 109 90 86 106 76 104 86 72 117 62 65 100 83 62 81 120 72 74 102 108 81 64 76 89 89 100 73 70 105 104 118 64 101 103 101 77 89 104 85 84 108 92 92 113 76 70 113 73 114 66 106 117 92 61 108 79 72 120 119 89];
duration_s_km=[47 59 47 43 41 57 32 57 35 57 49 42 30 40 45 50 41 57 44 48 53 35 37 52 32 56 43 60 56 51 50 49 32 60 38 48 60 52 37 44 59 33 45 40 37 53 34 37 34 47 37 56 36 35 32 34 33 30 59 38 42 41 39 36 43 42];
num_passangers=[56 97 78 49 28 22 39 71 45 76 38 70 62 73 69 52 84 61 33 31 95 35 98 67 97 100 34 99 26 33 37 58 58 25 39 68 20 33 61 82 89 85 79 94 75 32 61 21 71 75 97 85 47 52 58 25 44 62 65 82 82 66 58 41 97 95];
BM=250;
CBM=0.500000;
CEM=0.800000;    