nBuses=43;
max_busses=44;
cap_B=[53 78 62 107 31 129 104 82 118 112 64 79 20 88 32 75 47 127 35 118 88 138 94 31 81 62 121 44 32 116 51 102 136 93 95 95 105 53 121 40 115 44 21];
euros_min_B=[6.5673668457765615 11.562577119620641 5.347068073869686 11.848905016847041 8.80344767876997 6.798876902538006 1.3269696659357937 2.2498301718188887 4.065819582803532 14.62825579622553 8.62192500906893 11.999448243829978 1.3016472430765131 4.918745376021117 9.448002731032526 3.8105446793454023 6.617062671104244 4.421615755730797 6.488978159430219 9.302748376627383 9.079173447688323 6.03375914030942 7.843985805021613 11.478874835717082 5.6667879089509 1.0813884470381316 12.59002877975343 8.492843069700415 3.7462861586010527 7.309435968614241 4.734944488657766 13.64013751904426 11.01661895394925 13.725970154033138 14.277409092010512 6.440197736717104 4.887079355552167 5.391141513198959 1.9859653350226756 7.623052911654763 3.5451028694432707 8.181942073167187 12.247224570377547];
euros_km_B=[1.2626321894660015 24.190350907235715 3.4651597164203727 6.882448697625951 2.2296773182456575 24.375567196186704 4.449130580705843 18.858429368312898 13.62242210072129 20.205607981324 7.0594203443457495 14.40604304352061 1.0941442198680336 19.569776154669213 23.54435378277954 7.811441499610317 8.187423825376694 10.00853125772489 12.947525355896156 3.4825310117517394 5.760382215601064 2.135117189796155 12.625938993365551 11.568583552899913 7.622346570756592 7.332709584042242 28.262846858027004 27.115381967934276 21.50138395011485 28.94896214819944 9.229036904095224 20.59117452943712 10.600862424412263 16.00433148798028 22.69358835765627 26.41124958300834 15.686426303831468 7.756704888545655 29.3338696324469 8.729620494346882 12.012170254372013 22.054039364789798 22.881150514036314];


nDrivers=43;
max_D=[154 148 188 229 173 128 164 144 186 194 124 144 162 135 159 190 220 127 167 209 188 195 187 135 134 193 181 222 140 212 212 227 176 162 198 214 178 135 227 192 228 143 142];
        

nServices=49;
S_starting_time=[502 439 61 338 422 3 4 28 14 215 587 31 303 416 104 452 634 471 585 388 695 472 121 518 338 584 0 25 378 201 602 326 243 0 75 516 102 306 511 242 238 365 105 67 230 41 408 503 517];
duration_s_min=[75 88 116 63 90 70 105 77 83 110 91 93 101 66 90 101 108 114 100 83 114 105 97 100 67 77 109 92 96 60 102 64 63 96 111 76 76 85 100 62 95 99 110 101 110 64 92 68 80];
duration_s_km=[60 56 36 48 45 60 45 58 38 55 52 37 30 39 46 34 49 45 30 59 47 43 57 55 49 53 39 39 55 35 56 35 30 35 48 54 57 52 58 53 32 54 38 48 40 59 41 60 55];
num_passangers=[78 99 32 74 48 95 52 68 65 49 60 80 33 42 82 23 84 69 58 44 87 36 76 80 46 86 36 52 47 78 70 74 73 23 85 29 94 79 65 76 51 54 100 95 65 82 23 33 28];
BM=250;
CBM=0.500000;
CEM=0.800000;    