nBuses=37;
max_busses=37;
cap_B=[97 35 50 138 27 84 100 67 122 27 86 39 23 95 113 112 37 92 68 128 48 122 43 47 106 106 20 38 51 50 98 51 64 76 38 97 103];
euros_min_B=[4.852481793576832 2.0307348219034154 14.693732808244823 8.839600259512673 11.622733110278626 1.671421803520802 14.233266136566389 1.7544483993539468 2.4070058808757793 8.529982457048447 2.136760830994815 12.546500099436157 6.2260733154042995 2.8036845365225087 1.4830753494427837 2.8809950275989626 12.847110496205232 1.9304709814180514 4.718469699118433 1.328095635566419 4.4079808285657975 7.7837795685783195 4.1738557364226585 14.640044015896352 8.211222150145586 13.402530406123189 6.158752797172476 1.8594181501357838 14.388956729826633 6.094088727323704 1.827387018840925 13.886941968177823 13.785983467146803 9.482317701261298 7.826933876333299 3.256465861006272 13.70475141301602];
euros_km_B=[7.79132711918446 3.3499851290483047 16.50365287059003 9.897949730513506 18.279873567289087 16.27577911813087 24.356091533952956 17.638388301499493 12.35151289623479 24.48285444661784 20.433036580524615 6.3473180052777565 11.313920682780367 14.74472727982429 15.934118860012294 28.660946435718433 26.602915457252234 13.270534051132772 8.519703957207863 23.122168521469185 12.933964410692324 2.4073999330375746 12.469297480367176 15.008120880830829 23.698241209099297 22.28078358235852 12.127583467962397 21.298052310128334 10.135380128436386 11.601030765680092 6.544860370306 15.82688013762992 14.741832748612353 9.381115465728705 2.1918853849102153 11.356671618654502 18.357255691784186];


nDrivers=38;
max_D=[122 174 174 199 124 188 185 142 211 123 137 186 156 138 146 230 146 216 223 131 182 204 121 192 134 130 230 188 233 143 170 152 169 156 215 130 159 146];
        

nServices=44;
S_starting_time=[112 41 659 88 551 367 142 462 299 663 59 584 243 474 603 692 671 534 709 69 52 625 292 390 336 93 491 83 509 659 14 242 318 352 48 104 141 567 95 139 127 136 416 569];
duration_s_min=[92 63 119 74 67 109 78 120 114 93 109 76 73 89 78 91 115 97 74 109 112 85 77 116 73 88 115 77 97 93 101 89 118 108 105 120 101 120 116 65 87 68 103 89];
duration_s_km=[30 31 30 57 59 53 38 35 56 35 52 33 30 53 54 45 60 52 59 55 37 46 53 31 60 38 48 43 55 45 57 56 52 42 45 30 49 46 48 30 30 47 30 43];
num_passangers=[24 86 89 77 86 53 83 67 42 97 72 100 74 33 62 85 89 60 45 57 55 65 95 93 95 94 42 25 41 92 42 79 85 74 87 69 47 37 60 47 76 89 92 73];
BM=250;
CBM=0.500000;
CEM=0.800000;    