nBuses=54;
max_busses=54;
cap_B=[32 112 94 113 43 113 110 81 42 80 67 24 62 48 71 131 139 110 93 72 117 139 26 80 24 60 105 36 37 75 49 134 37 72 71 128 92 51 106 45 118 68 68 60 88 105 99 53 102 134 48 69 113 55];
euros_min_B=[7.244310206224939 1.6994970779043623 4.704027809050408 2.8799324591798188 10.637609832422783 3.8708283312427603 12.284045637593307 14.51471311270657 14.121537956255185 9.715284023248948 6.216368692406979 9.896996721580184 8.38821800913675 13.193059097890496 9.549306742128023 9.149089829464408 6.213179500071868 10.064622589398562 7.3977137590944615 2.1314012721093407 2.0266979294364065 3.916473009725288 6.821299152557136 12.902556058455225 12.524596652932043 11.102953138157538 2.1356398011436464 8.691233472429104 11.044114618774623 10.339472747999649 8.640789332026575 10.7085924928325 6.341261501752469 3.1082396091987867 3.49575586057363 1.6995515731675368 4.767211212174072 9.986991201491243 1.201279462171579 6.9483780506808355 7.347849799612367 6.982341777731341 8.891531605727582 9.080218965186017 3.1706412059383684 1.3548118589615565 4.224092128929519 4.12434305554574 9.764344421892721 14.424350153403864 6.997806647313775 1.111294520940048 14.821516275158011 1.0823935808302383];
euros_km_B=[28.802619320778245 2.6132299828175456 20.157707994831163 5.043253358554205 20.463158469089116 18.24558020027657 29.938901832626392 14.86441404565845 14.788865335569817 11.186399499809037 4.860804321393026 11.793443860724468 13.517851975554919 5.934882236421298 23.17536755907622 29.781690197583142 13.331460444303145 14.757441540895412 8.814719699000245 1.4559164468062573 19.139286251770706 11.153057903108495 26.925987085855482 4.7589867629853275 29.740267233383033 16.278775404864838 16.03575902219675 6.333028518110728 12.41939740605654 29.559476603936176 18.368572397847483 28.601151567229557 7.020082607650512 15.275789282611456 1.955745865384773 23.37461896014885 8.907447681399479 21.586395335551515 20.87711279738708 25.835370012865386 27.4442996670042 26.5797740910362 23.87247814505542 16.021487608028323 6.712824279926917 11.439242267649558 3.0922966448282696 9.963763161747217 9.106797601219547 21.843618379910666 23.37977972474888 28.598658992850112 14.2974266541987 25.787323312488347];


nDrivers=58;
max_D=[164 182 124 207 146 211 159 188 121 201 177 130 123 216 187 224 124 146 229 139 144 188 165 137 231 208 200 235 121 203 216 172 181 145 156 233 162 224 168 123 198 187 137 206 132 232 172 208 215 126 139 214 225 229 212 150 218 197];
        

nServices=59;
S_starting_time=[51 512 218 719 195 600 178 157 541 226 559 498 257 364 510 348 677 688 316 463 655 587 283 51 564 632 484 257 201 337 362 404 330 618 425 538 240 107 480 12 556 611 407 263 422 230 561 668 374 484 402 405 438 462 422 640 260 463 506];
duration_s_min=[114 110 71 98 98 86 71 76 95 117 81 101 106 89 95 70 100 103 119 87 78 117 72 75 115 98 93 67 88 65 84 68 110 77 64 71 65 98 117 109 93 100 70 90 96 61 91 76 112 65 89 101 77 83 116 62 63 77 78];
duration_s_km=[43 59 43 47 45 45 44 44 42 50 31 59 36 51 51 39 48 52 41 35 31 49 45 60 34 32 59 50 40 33 55 44 51 38 55 47 59 50 55 35 56 43 45 40 59 30 36 51 34 38 42 48 37 38 43 44 47 36 56];
num_passangers=[100 26 98 57 51 33 36 26 81 39 23 46 24 82 98 62 80 86 29 28 21 61 79 34 86 53 70 95 71 62 81 97 40 49 84 31 74 72 24 60 29 91 68 94 42 46 57 100 82 98 34 91 74 62 89 47 20 39 63];
BM=250;
CBM=0.500000;
CEM=0.800000;    