nBuses=60;
max_busses=49;
cap_B=[33 52 58 28 62 139 98 96 47 117 57 49 28 67 39 51 99 88 42 79 96 98 48 107 134 75 98 69 28 132 124 112 92 89 95 20 20 127 30 137 59 94 26 37 49 108 53 125 78 110 39 95 135 28 109 112 75 99 22 60];
euros_min_B=[10.456926882493445 7.3217971948376945 6.733982985895355 10.104946165523023 4.828487093652304 3.949451259482311 7.978429720889833 7.195625311962226 11.653692829092359 6.011168017647875 6.128399178367728 3.095204221721974 6.88195659178787 13.989182726935097 14.974654193740905 12.637663380407439 4.7823106313181984 8.094992224637988 10.445721998613623 6.875929212459895 5.771199918730272 12.091801479638308 3.939833965026639 6.040506164028512 1.8183122684548592 1.3028586473583073 2.692193327473835 7.108117982715934 7.972334280831005 3.1162268781472413 5.463329588991343 4.494266738160958 9.186204301179997 4.0431422392467855 14.933708704167804 11.665278325322479 2.387520590716133 2.8615240960195694 8.58267400446342 5.223260385281673 7.1328533841520265 9.972255088853007 4.5899883755572946 9.528241683390153 9.19791476178946 1.3891726997927312 2.2783635284122425 6.772271988904181 8.777189221320167 11.603478769491172 14.897522385673623 2.14696923875936 7.5332586362371865 10.95040755643878 6.577946364651022 8.243498534635638 10.698319915494576 14.074109720637152 3.116235212696532 6.542902192732663];
euros_km_B=[4.880582872382082 2.522829307521996 8.497641995273248 15.814338764851023 19.833622711078306 12.699269658182326 27.184717149724285 26.311037528459305 23.082211192968497 19.46125806395514 6.707811118868785 15.145102626703375 26.3663822247496 10.141328703111848 25.221135015521313 10.167770996900419 11.91225523518428 23.92294414031673 8.288130320644868 8.955739775575896 17.746303047900057 1.3644233920479936 15.086411308934684 20.659408093099252 5.588699327347031 7.440772263573101 21.174313218032005 28.043297482023632 3.1047010371171893 19.773655392106882 12.004453283286692 26.925299423769523 27.799997491876866 6.553914853656445 2.609752980412214 29.631846532746767 1.8418599201689663 21.58695959463417 1.5955200280642958 13.439865701917856 1.0108518293892477 19.71836092616641 10.284021185567179 29.98416657979658 27.401667958219264 15.95333975121712 3.5250096070623753 3.320339556091535 7.632074298918596 23.546427412938808 8.664656759164693 16.925003817335742 1.1119557356338692 10.642241599565343 26.383496048352878 12.001404186516737 3.4630546899148626 22.590582021915726 14.062419607557553 20.3172616781714];


nDrivers=58;
max_D=[124 182 196 161 130 202 225 225 147 208 157 176 202 124 161 160 237 238 148 166 233 215 220 188 240 239 145 144 172 240 127 235 125 187 236 233 122 176 198 198 123 213 233 169 207 124 176 142 131 161 198 167 206 185 141 124 222 147];
        

nServices=62;
S_starting_time=[401 297 120 660 644 562 514 182 221 365 213 338 241 488 633 118 658 662 236 59 413 185 303 108 499 273 60 542 220 228 576 214 633 51 462 516 30 43 473 63 43 596 64 293 149 660 431 307 523 499 426 420 529 441 506 142 480 52 256 625 588 230];
duration_s_min=[102 82 103 66 79 92 60 63 99 104 104 103 76 79 65 93 79 65 68 68 62 100 104 72 84 72 111 92 72 60 82 83 99 74 116 65 86 70 74 65 111 115 97 69 96 103 95 120 67 103 104 103 88 118 75 81 109 68 89 105 69 61];
duration_s_km=[38 38 58 55 53 38 32 33 40 56 48 59 34 56 59 56 30 57 33 59 36 44 49 30 38 31 33 32 32 59 40 51 46 30 42 39 48 57 40 42 44 37 34 30 31 32 47 31 33 31 30 35 42 46 50 54 45 35 47 46 53 48];
num_passangers=[43 98 99 30 28 81 42 83 63 55 41 89 68 86 84 99 26 83 60 64 55 36 76 38 89 32 81 81 71 82 60 73 72 60 72 75 76 95 74 95 93 88 58 57 58 30 28 32 46 68 98 83 46 78 56 46 83 37 82 33 39 46];
BM=250;
CBM=0.500000;
CEM=0.800000;    