nBuses=40;
max_busses=32;
cap_B=[43 91 77 132 132 45 68 55 37 57 45 138 140 97 106 55 71 73 95 50 68 113 64 115 49 29 22 51 59 48 47 139 71 88 67 68 66 67 111 39];
euros_min_B=[10.474763406143543 5.179853801487156 6.009704541592405 11.748569590323909 9.094515075263985 11.994903953412752 3.051159960121284 10.586795369268092 5.506325842589401 5.7899371305083145 6.640447336932248 6.325905763147503 4.70544613811154 6.690927117009617 8.757045814552924 9.657678931806831 10.98383609341729 11.304759770680764 11.11947705289529 8.13419937096949 10.211079359537791 7.414244854148353 8.652308567490412 4.516363495517835 3.6925026940545864 8.240205504727331 7.9452618343678 10.730903382352833 9.025316008777208 11.563211643033108 4.894204162969782 2.964809339280423 13.16907892993596 11.562017711514766 11.695693405684908 9.478200402433298 4.428391932520951 14.88902540293844 13.837474573479536 12.721928401977337];
euros_km_B=[27.1913588972261 5.276094547415136 2.9455021044389014 6.8158013634159 1.8041056963268742 7.0472812675510355 3.8424397595249395 5.372477725655878 11.267320076377263 2.7107636832435085 21.181567988085444 17.49894764550239 19.565793339896068 19.25667540419644 16.66266780580081 22.3067933313456 27.587157706324042 16.03078923413844 20.81739581498927 18.441781649975965 14.71901049497368 18.28402894180972 28.924127485540254 5.903922471520987 12.970133252592749 5.297974223693828 17.475412701207823 27.78534657991951 20.67322758221035 28.542186779787663 10.277398319235683 27.637742730544 25.6600288407729 21.9474845777074 28.993918102893936 27.635455566156345 21.57552188331947 15.250266015658365 10.982674062449325 13.477795018726194];


nDrivers=42;
max_D=[153 172 149 144 201 202 173 182 140 197 218 161 227 226 171 150 236 126 236 193 128 161 199 188 124 134 171 231 162 150 224 230 149 129 154 214 136 180 183 219 142 130];
        

nServices=44;
S_starting_time=[335 547 252 331 532 149 300 131 483 358 288 328 482 456 342 424 38 301 468 17 570 503 22 447 259 614 635 707 199 496 230 21 562 479 713 491 306 103 215 241 456 426 464 279];
duration_s_min=[100 107 62 78 99 79 100 73 117 103 105 110 106 92 96 90 69 83 70 103 106 105 108 96 63 77 99 106 101 66 76 66 106 101 117 98 92 85 78 84 87 91 85 99];
duration_s_km=[39 35 31 56 37 53 42 38 36 51 53 51 49 48 38 50 46 56 33 48 59 53 44 58 58 37 54 46 48 35 45 50 54 56 55 58 38 36 52 33 51 39 33 36];
num_passangers=[87 21 75 42 79 58 66 77 71 44 49 94 69 56 97 30 67 54 81 72 78 97 68 47 29 93 88 21 64 100 66 20 55 72 85 31 65 79 61 25 97 57 34 69];
BM=250;
CBM=0.500000;
CEM=0.800000;    