nBuses=64;
max_busses=51;
cap_B=[40 103 92 39 87 134 45 23 135 68 65 37 85 92 122 92 120 34 62 20 75 92 37 88 25 48 94 47 89 90 134 115 139 135 89 104 27 101 90 91 110 79 57 47 125 91 84 117 21 68 104 31 134 56 121 23 109 102 42 66 44 46 122 31];
euros_min_B=[5.314557343251786 14.228932393076967 4.8153992281470686 2.1193545273045187 4.568410600347235 1.040618187281893 4.839211644042256 3.560531782280602 11.196106701948631 2.9805442347532276 2.815813448107286 9.444211492406625 5.819558057842811 1.947949369462456 10.979768848757402 2.434497292775145 14.539097951454872 5.978141506508793 1.7403948804510132 3.9945723606946846 9.135651005022156 10.934689681004455 4.60120389431437 6.290205512186677 13.941404455301146 4.504218044818494 5.169475049195507 5.191573314243936 10.225144488016712 13.1299008808158 5.954595499091784 4.31195457237194 11.866806837986976 13.034956308015024 8.61920078023887 4.781779861980871 11.161870056085007 1.9404539692576865 7.178016872595835 3.0435537043298257 6.860584158292627 4.78649728998186 3.3814439488344306 10.722688404493821 14.335196458965902 13.419965487602441 8.526429529490587 2.2329973873406974 6.174302266146999 11.992461122007864 9.127157664775853 7.388356179470472 2.4683376258168446 13.116537650735907 7.4314989916940934 5.670493648442228 2.6573351014310767 7.675277652437742 12.222133051194552 8.080022808663745 6.078855337553156 12.470827677767472 7.1762068698739325 8.025221943801343];
euros_km_B=[6.431754312524907 28.872848235971297 5.225835045429114 16.252067394639415 18.794724961508784 15.114696870022817 8.80651014490535 12.386319296824599 2.7502243662074166 13.022153909062698 23.315951330885856 17.8597610949017 18.098653142366107 1.9737736955483047 23.534407690636748 26.11388979744655 18.650830062921923 6.323163074506529 17.199630954433335 16.700864932034257 26.86045183717661 11.276456934925537 26.494092508818234 3.7704106933688464 13.220706489557529 4.716843401895329 16.44236624530643 7.332350499212341 16.03300946708265 8.75441283694753 5.84717660978184 12.507228931043379 3.4537551218241123 4.05277801611388 25.968653702677507 28.819256542326702 1.3219606823142342 23.99466216755891 24.108200326841025 24.561155308141565 22.717250923982352 4.195604115879793 21.73373864008625 4.901709539749734 19.398986110181177 4.8631586270991445 7.636761642743126 13.466374805146202 28.525085836586417 29.35333836989163 21.299598918495672 27.31495403082166 9.187387460953486 6.137460303532112 24.448762941181837 5.050431235465666 5.504176132605016 13.256744032808397 3.023148207607787 3.2251485092718464 19.693182054025584 3.4246165415553023 8.428260573730409 26.521172479400004];


nDrivers=59;
max_D=[202 159 145 161 165 144 133 136 184 217 190 166 232 125 178 139 157 224 233 207 153 191 146 181 169 178 144 145 234 224 191 234 239 149 120 154 153 131 120 190 172 144 141 220 205 172 172 151 193 136 183 120 240 240 193 224 212 219 142];
        

nServices=65;
S_starting_time=[709 141 253 541 183 145 378 45 111 9 515 108 584 156 239 428 430 331 550 593 215 92 130 664 15 592 310 644 469 425 504 581 509 11 401 37 618 446 320 541 555 363 16 474 1 51 370 92 408 297 62 376 251 371 683 155 558 305 462 211 228 55 567 502 698];
duration_s_min=[111 76 63 60 63 80 109 76 75 99 93 75 104 116 72 108 98 66 67 107 100 115 64 77 106 67 77 113 89 60 113 83 85 79 100 91 103 93 72 88 81 90 77 101 107 87 118 103 99 91 115 70 75 73 65 78 102 105 62 118 117 75 85 119 110];
duration_s_km=[50 60 44 54 34 40 45 56 57 51 36 51 47 49 46 31 36 39 55 42 41 49 59 59 59 54 43 43 56 50 39 35 60 30 49 44 33 45 30 35 34 51 58 43 58 46 44 51 33 36 48 31 45 37 53 56 37 54 44 36 47 43 51 49 59];
num_passangers=[51 93 70 73 57 62 42 63 80 99 33 81 98 48 82 69 65 40 87 98 57 32 34 40 93 51 78 88 37 22 82 89 54 41 22 60 48 25 91 50 66 86 37 48 85 74 46 20 21 94 37 59 36 43 40 84 81 85 79 80 84 100 26 78 31];
BM=250;
CBM=0.500000;
CEM=0.800000;    