nBuses=32;
max_busses=34;
cap_B=[27 41 76 86 29 60 120 111 61 108 94 93 106 29 110 44 97 35 100 24 130 117 115 114 71 97 35 51 118 115 117 84];
euros_min_B=[2.7864920273756106 5.920945505535273 14.022532394877087 12.05648744324668 3.043526136589625 11.174525707220518 1.0073491985171228 10.525180410417098 4.101088119466259 7.811628462951885 7.656332457650404 7.199803642064032 11.327746452771084 12.743423322177318 14.969636803853106 9.21099939120769 9.868363428657071 2.9914062031499298 10.007193357432392 8.124957715762601 14.285149052563296 4.91363033523829 3.6401490521020428 7.655394082766136 14.214587921823618 10.793883816931915 10.843106282219837 1.7047141130560572 11.754041073723211 9.170175497834055 8.320156343016802 14.723569995025635];
euros_km_B=[25.69422698907598 9.390347939300911 5.4852188865151685 9.17036192951587 25.858472616532463 13.41369118655528 21.64885561770734 16.201662802825744 23.124000860351966 15.926619802570054 8.081577639046573 11.702296159432565 17.648114669439614 10.237109137808881 27.332222680958132 21.334168438165158 4.557699475011468 21.237573666812352 16.693779756794314 21.359556003732077 4.347955347303268 18.147159130791906 27.304082555727014 10.784429796344822 18.44698332894086 2.4427350147688704 23.616065741017632 28.043415825324285 17.201941609905923 3.5885176930985967 15.164755763662543 24.86837715353646];


nDrivers=32;
max_D=[229 193 216 150 180 232 187 226 170 189 228 138 120 156 213 224 217 159 152 219 181 191 231 233 135 182 199 213 213 239 164 132];
        

nServices=37;
S_starting_time=[520 595 525 285 351 408 12 217 441 531 116 563 205 488 83 376 296 516 306 265 24 582 257 567 697 655 560 27 483 200 455 368 718 103 412 420 188];
duration_s_min=[84 60 97 90 63 67 102 87 107 73 79 117 80 73 90 102 71 100 71 109 114 100 88 81 87 81 63 117 115 79 74 95 63 108 111 90 113];
duration_s_km=[55 39 38 51 51 44 60 47 49 52 60 58 52 41 37 46 59 42 53 31 54 40 33 58 49 57 35 56 45 39 52 57 57 54 38 31 33];
num_passangers=[87 89 73 85 28 87 54 83 85 75 75 71 21 63 64 27 92 68 91 86 23 76 66 74 78 63 77 29 75 72 73 98 21 73 74 93 81];
BM=250;
CBM=0.500000;
CEM=0.800000;    