nBuses=49;
max_busses=51;
cap_B=[40 106 95 75 24 111 92 140 122 135 74 44 56 139 85 25 137 92 91 80 139 99 124 27 127 133 90 51 104 128 89 74 39 117 82 61 126 94 126 60 24 48 61 113 55 69 129 93 103];
euros_min_B=[11.104763672366127 7.459701899072812 2.4157685875560064 14.951620578453658 12.733731295335806 7.648809341482193 10.423126055238328 6.402184648318474 10.186320583054524 10.556683603539476 5.190238750087684 1.146040855046273 12.483052929774725 14.438963552396066 7.901889316296729 2.7488059159605234 1.2479493041443908 9.657786750633681 13.562043817430245 13.844881581061857 8.5732754817097 11.420549367205615 13.866915661900503 7.90032625404803 4.1035912087117286 14.01018437081833 6.849513919519938 6.768507330356273 12.48557014252228 13.804225521251583 13.234204564079995 13.110769880590304 13.91064068842282 12.022231570992153 12.825490692158683 2.2020663238588654 6.198598331415481 1.3618470620884964 1.461496692147974 9.710293076478374 8.936850417018919 11.418124233136007 12.467263897840315 5.584524082658919 12.835636288417048 3.4744043517789986 6.383371582346751 6.469098972209223 10.895406880199856];
euros_km_B=[6.542663819916674 19.263715364058136 16.22342265208922 18.05872498173232 4.700895631680624 26.45561215367001 27.573784185421957 6.270679194213626 7.008734772269461 13.731434954119385 6.873750712657653 1.8444833481445686 9.099618001244501 17.692159021785322 23.381756773428897 7.381574381241481 20.314045183406044 8.750591882497734 11.725426674636301 23.55153232324473 26.52389989705516 20.69945994618005 27.776357084164907 11.159448997113738 22.509765442778576 8.468271262591436 14.611397616881469 28.786481790215856 17.4899862891241 24.505473089765953 25.772451839083462 29.31476500041508 29.728201254320716 15.1360832366684 10.979812473014306 29.007215613753594 10.600225736002225 27.71456312166825 10.190251572656244 28.347475808424615 4.755248260215884 29.37061852438584 15.610096189344333 10.489333913727608 27.56256227115738 3.3711328022384217 4.773816628263668 26.722397377737195 23.027768110319215];


nDrivers=53;
max_D=[160 238 133 180 195 234 201 171 139 178 138 195 198 227 178 125 198 171 181 239 147 238 235 206 206 181 170 205 199 176 182 216 206 172 210 220 151 165 145 215 226 144 236 203 211 144 127 189 227 191 216 226 143];
        

nServices=55;
S_starting_time=[198 175 619 92 194 516 563 410 103 651 443 462 301 315 390 152 497 636 613 494 669 228 403 42 250 603 525 142 680 108 435 220 221 385 637 97 358 277 427 289 148 546 366 202 285 121 559 484 502 230 260 476 520 307 104];
duration_s_min=[118 119 99 116 99 81 86 87 108 94 103 64 94 80 82 68 64 73 91 92 69 93 109 68 87 66 88 111 70 85 80 113 76 118 67 74 118 101 98 65 106 102 66 113 83 77 83 77 96 85 102 100 82 66 70];
duration_s_km=[50 50 31 40 34 59 39 50 47 42 58 54 52 55 43 43 39 58 46 44 42 59 38 58 50 55 47 40 40 54 32 54 54 50 39 41 37 34 45 56 41 54 55 60 34 41 56 30 55 30 51 47 45 43 50];
num_passangers=[40 70 75 31 40 82 30 97 36 98 45 22 89 44 66 76 38 37 24 41 36 84 82 73 28 66 37 51 20 91 84 96 42 52 98 48 75 29 83 55 30 49 87 53 65 88 73 79 21 93 81 54 42 78 50];
BM=250;
CBM=0.500000;
CEM=0.800000;    