nBuses=19;
max_busses=8;
cap_B=[89 34 120 28 113 84 58 116 42 115 28 34 110 78 20 110 121 54 78];
euros_min_B=[2.322592986098606 9.15103163817297 4.906043834003943 6.665975647615655 6.657953710473918 13.654291679064658 6.849402757018322 8.872196240307275 14.295250984061731 7.3822304587481495 7.762294208344069 10.048171495490546 14.642596698629353 8.627874570167371 2.0181381742993407 14.504016421997232 13.666409684656116 6.264737127681987 12.211653995387437];
euros_km_B=[17.996088880072733 25.999146932092724 10.895288089437894 21.535315726003684 4.359052885439935 12.321584593714439 28.243524648334116 19.52039001584107 15.423876990960139 8.438171182003043 8.9011363828334 20.615140575776593 15.228212262208341 24.666111457065288 20.055967957277637 2.6792271397167595 3.8967893689663238 1.3953404063439299 10.3018933822752];


nDrivers=15;
max_D=[180 133 146 124 203 143 209 194 126 200 131 192 147 214 141];
        

nServices=20;
S_starting_time=[546 186 405 160 33 344 406 180 560 253 531 270 359 106 398 424 180 520 380 359];
duration_s_min=[107 71 85 64 109 107 84 117 103 71 98 73 71 117 111 110 65 77 67 74];
duration_s_km=[34 31 32 58 55 33 53 46 56 57 33 44 41 43 58 41 35 38 40 40];
num_passangers=[46 97 56 60 34 86 29 83 26 92 86 79 76 50 79 43 80 42 86 93];
BM=250;
CBM=0.500000;
CEM=0.800000;    