nBuses=37;
max_busses=26;
cap_B=[113 45 26 99 49 77 127 91 45 65 51 85 111 139 137 44 58 117 67 50 20 132 61 83 95 139 59 72 23 57 120 40 38 48 57 30 56];
euros_min_B=[2.902125891585193 11.915217809957584 10.389559884384663 13.701564070992905 5.679735591774332 6.469084828146192 14.63923304547297 6.387144998569747 3.5157762434147006 1.2137736217486226 10.893773120228868 5.7964653083546205 10.496568661147498 13.798680195631514 4.496265892499782 11.53452533526816 13.801345721242503 7.7720709379398 14.730951173792977 11.292239777785499 9.352761478637856 4.7506793244221655 2.4855852309818403 14.07811626515709 7.2689346274429205 5.059379915590282 11.841041050713184 3.0916846649395273 14.794789413720022 9.279937910491523 1.993517214832682 14.082583468910782 14.438181912928993 6.2919101145152725 13.488096152962797 4.072580492793919 5.238627549211495];
euros_km_B=[21.572546328761412 25.553888508120085 28.492358557951835 16.170123664451474 20.84086747377624 17.31863848866236 20.572233269562602 6.969391172623815 16.14949831946724 20.541503307765066 19.55517598078621 25.990748380419088 10.941619966362387 28.5694331138688 7.655390492864841 22.776678633452885 13.02815513116518 3.9361486248689843 22.167133047337725 3.068559103344429 11.494607595369024 2.3782298136064015 18.23469778886876 24.26703172691537 10.47062340278764 23.8990443127789 11.990155290146912 22.368519713369945 12.540595059047273 26.383754856014793 2.305702295483347 6.112282399793226 20.59932475220435 4.460863115967384 4.391361712382421 11.024401463480237 22.11297041389333];


nDrivers=36;
max_D=[234 160 202 143 181 192 168 129 219 236 137 220 219 174 222 128 195 181 138 207 135 240 149 144 127 122 138 163 217 143 170 225 199 171 186 225];
        

nServices=40;
S_starting_time=[466 327 75 360 665 16 706 299 287 650 670 512 479 326 302 331 84 649 97 165 22 431 290 120 438 397 577 596 497 353 267 346 496 644 449 216 388 58 202 496];
duration_s_min=[90 74 116 120 74 107 93 111 119 93 79 75 111 97 79 96 85 80 109 71 96 86 83 91 112 97 88 103 88 94 120 77 73 86 77 75 114 82 79 62];
duration_s_km=[60 49 57 48 37 53 52 59 36 43 45 57 50 60 37 56 37 30 48 59 35 44 42 55 38 58 45 60 44 57 40 32 34 35 41 37 40 58 42 55];
num_passangers=[96 98 65 33 44 96 70 56 92 95 72 27 82 58 42 67 81 92 93 73 22 33 68 37 40 32 22 48 44 92 99 50 53 59 82 75 20 63 76 44];
BM=250;
CBM=0.500000;
CEM=0.800000;    