nBuses=21;
max_busses=13;
cap_B=[133 92 108 101 90 24 62 74 121 95 66 27 36 31 72 89 40 73 134 31 32];
euros_min_B=[2.170964483041158 5.751150487695096 10.886150229234396 4.166100414743507 1.3332002908322573 5.766266118749028 6.712160094943195 10.143800070910036 10.337603388148805 2.4288433524005777 10.390030994163899 1.332339680549034 2.2300513333669727 3.4250480759817625 12.778481588121647 4.347346890333995 9.176330300389955 5.390825012604147 1.1513104711936755 10.87508813264346 3.5723831204118808];
euros_km_B=[12.768688980505956 20.195310475094004 17.85830894937293 11.67762439520682 22.596161189790514 14.352347273143561 14.868401336255257 10.833963853651795 29.24211229721344 16.30397510513071 2.8254763565656864 21.87468647705947 17.769619124916247 29.613982697808904 9.851387302242763 8.640588182870616 29.99045534051165 16.954640117698226 22.696518571425745 29.943124831336927 3.124430182328614];


nDrivers=22;
max_D=[204 160 135 230 181 199 162 211 236 206 151 136 223 133 219 220 152 203 200 131 183 179];
        

nServices=26;
S_starting_time=[188 514 650 545 108 396 106 250 110 387 153 464 535 107 162 693 274 692 84 27 434 219 193 348 51 75];
duration_s_min=[71 86 83 114 97 88 96 69 63 93 110 81 117 101 113 64 86 71 85 91 107 63 111 102 63 64];
duration_s_km=[45 36 36 39 42 30 56 47 31 54 42 50 55 30 41 52 42 31 31 35 54 31 55 53 58 54];
num_passangers=[85 29 80 24 74 26 97 83 38 71 79 38 72 22 60 54 52 39 64 26 94 99 84 32 51 98];
BM=250;
CBM=0.500000;
CEM=0.800000;    