nBuses=21;
max_busses=15;
cap_B=[122 23 43 117 60 126 83 69 35 123 69 29 123 72 57 133 58 73 127 62 95];
euros_min_B=[12.638327610765858 9.553374851092176 5.784880550954977 4.464940621474823 6.228612475206319 5.52570615317938 4.040776068204246 9.369938626224831 4.441735637412031 9.19207757473273 2.7511012132179893 11.809955704264807 13.481101365450023 14.467936510806076 8.97918547229124 5.039608862993009 7.89037785712287 1.781283947907922 10.787068093901258 6.741547821248234 1.3537523477538576];
euros_km_B=[2.987406076119851 11.587923501682834 28.97122617933759 7.5885825432843586 24.700785003124853 2.7922179774623093 3.4753812081992512 17.699237439810453 21.047682022509406 13.637523229311096 25.742997969294755 22.580582149171786 8.682904196210373 22.342279284581014 11.625742192468833 13.692336102008147 16.66042683828381 11.77212020390334 12.389223522643688 28.484447199147912 29.148791122572185];


nDrivers=18;
max_D=[136 219 209 228 234 139 167 159 133 149 202 181 217 127 200 226 226 214];
        

nServices=24;
S_starting_time=[718 79 200 434 284 292 253 520 231 363 85 559 699 581 576 607 300 430 141 164 266 137 346 670];
duration_s_min=[100 94 116 79 119 73 66 70 69 111 73 68 96 69 60 111 111 85 104 117 86 92 117 72];
duration_s_km=[51 48 30 45 43 49 51 54 31 43 55 30 39 53 53 52 56 49 60 55 43 45 31 42];
num_passangers=[100 77 57 27 96 33 41 49 83 71 21 43 95 21 30 86 82 33 47 35 59 60 44 54];
BM=250;
CBM=0.500000;
CEM=0.800000;    