nBuses=26;
max_busses=26;
cap_B=[64 60 80 30 73 55 114 91 130 116 59 116 95 127 87 122 79 60 24 89 72 120 101 46 80 130];
euros_min_B=[1.4563863517531508 4.893138343306719 6.612303307622456 9.770961737103086 2.7528746006204683 3.783393620039336 8.82338729907784 14.091056889305317 12.05395545257308 8.796325129673338 12.801949729158716 6.110660157605959 9.899228724460842 2.665560223622945 1.6434536054305469 12.608833465120703 3.4864481988224085 3.636916037752119 13.55670516012443 9.744033831877958 14.255213241994577 10.499701960122755 8.371874014937411 5.35297194332166 9.107431154080917 4.705561313820176];
euros_km_B=[25.423267610588255 17.42975110379786 15.887809622596354 1.7223715588840594 10.250059252605556 21.136679901008502 7.217708733790608 1.3994792009575432 9.798599478619877 10.761510113641073 28.080465976602298 28.44239065205127 18.72625085265077 12.29635511359547 2.2549251624149687 18.022766788673174 21.195633114017383 24.88858689899729 5.557048322960467 24.677005927204885 10.960934128844785 12.668504947703102 27.8077539417037 19.722784135990093 19.18939218137612 4.247910110259703];


nDrivers=28;
max_D=[203 192 160 134 210 171 148 221 203 124 236 224 148 236 231 223 148 140 178 121 127 224 124 133 136 146 211 146];
        

nServices=31;
S_starting_time=[113 59 191 425 689 652 683 554 588 199 699 620 13 549 216 479 519 549 163 26 225 644 650 476 660 465 238 181 442 59 121];
duration_s_min=[74 87 101 84 80 89 79 81 120 89 98 115 93 120 100 114 67 78 60 100 81 113 61 116 99 66 80 90 65 114 93];
duration_s_km=[52 40 44 43 55 53 35 38 55 30 42 48 56 60 50 38 53 40 49 43 46 49 50 37 33 51 30 57 34 51 44];
num_passangers=[37 99 68 88 43 73 73 34 60 48 99 76 78 24 35 58 62 26 58 91 31 20 47 78 24 92 89 99 99 73 76];
BM=250;
CBM=0.500000;
CEM=0.800000;    