nBuses=47;
max_busses=38;
cap_B=[21 26 96 27 67 55 56 120 107 70 26 43 99 111 72 61 127 39 21 134 20 63 91 22 61 68 95 52 49 27 122 82 126 121 111 95 81 113 74 60 84 95 33 41 90 74 105];
euros_min_B=[4.624270453344826 8.636160920466274 11.009980940838368 3.4415813384975085 14.872225876802267 5.334038950859805 2.814889682471951 3.869205546604231 14.256025102751359 9.304304951191046 11.642989434688602 14.578711957811505 4.200620632783155 5.147265423330576 2.4280852660557675 8.231884471461436 14.914807103931546 4.137141342532243 1.6076698616914271 13.736507255430054 8.476116303911011 9.625137810701254 4.38629661356957 5.204152535593467 8.51676464145588 7.228152429026351 12.999040118021734 9.315428972573908 10.47011455689804 9.476312003618961 4.260609291148325 9.651993533919622 6.580913799225546 7.801654833131283 2.5199599584271515 5.103745824113375 10.336883504223884 14.655831063014066 7.444331517473683 14.895798229715115 10.089602054550078 10.557723517374956 14.451671146135716 9.911734077067546 9.002876324356594 7.777689311361291 5.8288385565110525];
euros_km_B=[14.687921006421933 16.842519921944685 9.68535320278547 24.2294859110448 7.086974326140734 4.63419303050334 26.23630268164433 24.751667948694287 21.794290938652257 6.698969778203482 23.639353521913236 12.225294748522913 18.938352503447163 11.171769418962331 1.3460547738034463 2.494411860380028 9.390632444438886 29.745266825447676 5.450545297452852 26.71298168659083 21.895894132258352 26.74045212718191 3.2247545954053094 4.4669951503461505 20.058010279913113 29.960227632603278 17.8104075683624 29.099498362681445 12.021951759220476 17.3856133580099 10.481732164959299 13.128795876802435 25.98403624589478 19.054400620086756 15.086067139641694 25.246651408752506 4.156345878972795 15.985103622004301 12.722289592096086 25.98798640752286 18.440585033356335 20.24824280591796 12.896743161273884 13.51675414325272 7.649382491612203 27.387531888197064 15.005694488962078];


nDrivers=47;
max_D=[209 178 181 164 140 162 224 159 234 214 156 200 128 150 130 230 142 205 236 132 150 186 219 208 152 222 185 226 125 175 221 222 176 142 143 213 194 141 230 214 156 207 214 145 155 123 239];
        

nServices=52;
S_starting_time=[475 491 301 411 614 560 630 239 334 45 233 443 277 172 167 200 681 245 665 239 230 180 355 459 47 318 521 132 612 20 222 705 133 476 473 637 75 376 247 458 431 583 360 632 125 344 699 199 39 25 179 618];
duration_s_min=[99 68 71 115 70 62 109 103 114 75 66 92 97 90 113 72 60 69 77 90 62 103 78 118 116 75 75 84 113 72 75 101 98 94 93 60 102 112 101 104 109 74 96 115 92 62 63 100 96 97 60 115];
duration_s_km=[57 31 41 38 47 44 34 51 49 54 59 36 40 35 55 40 38 60 39 35 32 42 51 30 31 45 40 55 36 55 55 37 37 55 44 33 52 34 46 32 51 46 57 41 44 53 45 37 51 33 34 38];
num_passangers=[59 58 71 77 82 67 74 80 63 79 68 95 30 100 65 49 42 69 42 54 47 61 44 100 28 35 66 100 80 60 21 67 50 65 56 95 47 80 32 55 71 51 32 100 81 95 61 39 95 82 53 63];
BM=250;
CBM=0.500000;
CEM=0.800000;    