nBuses=47;
max_busses=36;
cap_B=[24 96 54 122 60 37 123 52 131 101 80 49 42 56 125 74 99 109 51 100 41 37 112 49 28 89 36 129 134 89 137 95 63 81 92 81 74 45 79 25 93 118 119 127 117 113 32];
euros_min_B=[7.331777719667625 1.843246977650378 10.466988031002069 5.844628411337994 1.1170030745906263 9.353468464437023 1.0918032438380982 12.245680765350627 3.5947987925005283 9.870072063618716 10.685513062139155 9.202599952519364 10.943150283125691 5.952919341672707 4.921272425235217 14.301163684102391 12.264520961185466 10.840402164442672 13.48805885097862 6.857293829892741 2.3568539567239357 8.998089364018401 9.655777447402798 13.576194857915675 5.756619340511993 14.909164098250727 11.469523344092675 5.841849850092368 7.665485100626245 6.70889408770063 11.559044738082916 5.40404180615353 13.453305623559856 8.282523012436062 14.260725574593096 10.118940000739354 12.344856538403024 11.823479935658195 5.573012924935902 5.455429934558918 6.1122346968063495 6.718841125547819 10.27311040656067 14.011988172892831 11.503415380310468 10.025040648344477 7.8519298237851345];
euros_km_B=[1.7249388422490919 21.50084902912047 22.693562829476864 14.829734403084371 20.395819488553744 11.131949011180302 9.672795492460585 11.429444048466115 19.12189136432664 6.900753138198628 8.057200294688887 24.297581366004067 15.812122677386824 8.688284759819467 17.088401539474365 10.761365477340323 25.549584455595514 22.31669354318061 23.762897927810055 13.878779335270341 20.608153750330786 24.179008404787773 4.070281987753784 22.67286674642037 7.150528058765265 8.411487344519262 20.036700011372748 12.898334978524497 13.371368131099167 24.821599681425614 5.430773667001776 7.478747887323182 8.722705465388756 7.169583561651416 14.119087335102407 8.360529727385376 7.486808307322722 16.843117724148257 12.91120903250887 13.156021444526797 5.407363310741535 28.949430138687934 16.78298968774315 3.799237134673667 17.788989157697728 16.093133035479585 19.2403680538908];


nDrivers=47;
max_D=[154 233 214 213 151 144 120 141 207 230 232 214 238 228 201 133 141 167 176 213 120 195 148 196 207 176 228 136 232 224 189 176 184 132 186 134 227 222 237 171 173 232 191 132 183 120 218];
        

nServices=50;
S_starting_time=[520 559 177 43 712 27 650 478 486 3 250 353 45 466 463 282 18 639 639 95 463 517 189 318 637 35 411 222 527 232 452 236 523 137 477 271 156 452 246 475 429 695 94 718 521 247 163 427 262 65];
duration_s_min=[75 119 119 81 105 119 109 114 65 84 91 71 112 63 75 91 79 65 100 120 82 85 102 87 104 112 85 80 81 100 85 103 79 98 82 79 76 120 95 83 84 95 98 85 101 118 115 107 108 104];
duration_s_km=[34 46 59 42 55 43 41 31 44 32 45 47 54 35 55 55 48 36 30 55 50 46 38 42 39 56 50 52 39 52 36 47 37 43 48 40 55 40 57 54 57 41 45 30 58 44 43 54 51 32];
num_passangers=[48 53 40 67 97 36 34 58 26 61 29 53 96 40 100 38 81 28 48 75 60 95 100 70 77 28 35 39 92 27 45 90 24 63 67 70 94 61 71 82 94 24 68 55 31 51 89 97 37 82];
BM=250;
CBM=0.500000;
CEM=0.800000;    