nBuses=64;
max_busses=53;
cap_B=[125 101 46 138 117 129 36 92 109 51 114 73 92 140 37 57 52 72 107 69 129 120 35 113 125 102 34 100 82 82 66 131 100 54 91 39 39 89 25 88 38 113 44 39 70 68 97 97 57 108 138 88 90 130 126 84 67 115 75 22 93 27 46 75];
euros_min_B=[2.545659147120105 14.74449123535311 1.6503407132456354 11.711215197382174 1.0893263730482698 13.910796905244245 9.934654628890856 10.391742945236032 12.076047425877283 4.688560888067816 13.644177015700413 8.76918928702262 12.698114193561194 10.187952356280416 7.261115347990244 5.04370006755311 9.9053899112 8.765807845917067 2.542266546144611 14.985648491679223 7.118029740906145 4.9808655087015214 5.715991424802471 5.2250338383249515 8.856659466454172 2.35448789436259 8.477791433987827 6.119086674959444 6.650763082084292 5.578581493930837 11.44766234989703 10.6958575709372 12.133098689666664 14.75644324171644 5.660231086947167 7.643597705078287 9.868679203224772 6.520864269520615 7.401036524893034 4.147298883596023 3.6233174832587225 9.284373688198166 13.22608341411837 2.3402182792975434 3.792013313451611 12.990031511826562 3.1091403073337136 2.3070124131636915 13.79001950578884 5.961108243606992 9.243234982947376 3.3345461035995267 8.022193737891987 2.098707950562272 11.528558759282918 14.230401259924538 2.619768376246781 5.038129663256948 7.707850670140697 4.140130142590901 1.057578285531596 3.8978579801497553 8.794844677410591 14.794131312194835];
euros_km_B=[1.089740629105556 26.46845402801336 11.966899007374309 24.48450088406945 25.97412133290887 11.357682552558348 12.743713352613328 24.32940380078118 25.62081992194386 1.376214228238768 20.695788037537557 24.289640057469533 15.048668603255157 20.42115041998619 9.88369848448417 19.011158653893997 24.89882553234073 25.60322613010431 10.788065789731366 9.323869883040333 28.052366652486203 27.415869082490424 19.96067433901192 17.830655197456046 14.758242533229044 10.800225771555773 17.39313096878888 12.567233932851764 27.516915636817835 14.578761809932343 14.782381999792078 24.551420950211128 11.82908344666324 3.4633257605633556 19.517048414124297 27.701926264465065 12.160659338416973 15.552150412207123 24.991474125419007 27.05561695453746 9.11234207969651 24.334933304468706 12.104530498235624 13.827334462318722 5.38135341924692 27.989712878553494 6.3470473748998515 25.322851854346972 13.246638269284686 19.630198234474857 21.80043574546634 24.99223595920325 6.631687082674328 13.871219804553059 27.780784453605833 28.11168334529384 6.427784156772499 25.584422959475944 17.906389482697207 7.562934236824988 3.268265679445995 27.543396975722654 3.091881184532184 24.94995632491548];


nDrivers=62;
max_D=[205 199 198 224 223 235 176 238 174 127 175 168 194 173 203 138 240 226 125 174 203 227 149 190 221 209 166 184 215 199 205 229 146 195 212 182 198 144 122 207 161 201 170 164 152 186 228 166 216 129 220 174 185 199 149 217 152 152 131 174 179 149];
        

nServices=68;
S_starting_time=[330 57 712 690 417 171 265 399 273 158 9 123 256 80 71 281 296 80 405 534 393 160 384 592 144 253 96 397 328 418 52 622 300 380 156 347 566 460 103 592 444 37 428 589 300 362 102 178 458 188 37 695 554 669 321 155 683 3 108 329 502 147 540 642 714 557 376 397];
duration_s_min=[96 63 111 85 74 86 114 90 77 86 100 106 117 111 95 81 86 99 117 93 79 108 116 97 85 108 105 114 95 107 77 90 112 104 97 111 78 105 71 83 88 83 86 60 114 63 116 111 119 106 105 82 78 120 90 117 103 100 96 105 66 112 71 100 60 98 75 90];
duration_s_km=[33 42 46 49 53 36 38 37 59 35 48 35 55 44 44 55 34 37 50 35 39 48 39 58 40 32 55 39 30 41 41 41 44 54 46 55 55 32 60 51 54 46 46 34 40 37 47 39 33 60 43 41 42 57 32 41 31 33 33 45 46 60 32 43 50 39 38 43];
num_passangers=[90 68 50 70 81 70 22 90 78 84 76 49 47 28 91 24 39 44 34 21 30 71 60 69 74 87 76 58 78 58 67 74 89 68 88 31 36 38 84 53 24 75 55 97 77 87 30 72 41 41 73 45 31 24 90 72 81 45 69 68 90 25 61 67 48 35 83 39];
BM=250;
CBM=0.500000;
CEM=0.800000;    