nBuses=36;
max_busses=31;
cap_B=[88 66 36 31 125 57 139 64 40 109 95 99 61 51 138 125 48 102 115 120 82 126 62 52 136 59 131 90 119 90 83 24 78 33 138 70];
euros_min_B=[1.9180255586448554 9.48473309981997 14.620442979209898 4.069954877588871 5.724300538758685 3.838417623896139 5.369680396562198 7.777118564741773 1.087194761305447 12.82414102992518 12.261931779720598 2.842163349643384 6.0215494425851865 1.3848316936758707 5.1408826252869595 6.829027517448353 7.40899881043886 7.401549200039838 9.799421922160318 3.0575350836413957 11.866017099320894 1.9149347348971586 3.525291902094221 7.429312631745351 8.407512996438962 7.842259738724105 10.483536818355521 8.851481886589177 10.699005452434958 12.809643913976199 3.44921176666475 11.42547338415821 9.988073311759209 2.2726424933850335 3.913486836803083 8.122672045564434];
euros_km_B=[23.00225183544729 19.48791181073789 13.642705337154052 4.7043831584549105 27.395728716553634 3.1808048875422283 23.551464780871473 25.436726134283774 27.76427819350301 15.233610288282907 18.768658182072716 8.630819654406368 12.440512695004069 2.498316504557956 15.705862787436882 19.675466144703506 29.076018679307595 6.700472140156245 18.10535475803321 12.570888825805373 2.9542631947200633 25.796602111320418 28.730008048426456 25.42535222719619 15.641070056561336 9.11907109376221 9.00271163906497 20.140935410296446 1.825115981887862 1.9158802691446186 10.280670748959185 6.554489150673016 26.111371198029705 16.841969701701547 6.166963543848952 17.848111501741908];


nDrivers=35;
max_D=[138 177 137 173 127 216 159 182 221 210 153 189 158 173 220 211 144 178 176 168 235 226 149 160 133 230 145 141 207 194 138 230 131 196 224];
        

nServices=40;
S_starting_time=[200 594 132 564 24 588 125 193 426 297 118 244 422 281 208 655 630 147 339 456 352 479 432 117 160 671 610 399 408 375 603 475 257 130 317 294 644 398 173 61];
duration_s_min=[64 99 103 70 119 82 118 97 84 73 89 110 102 69 85 89 96 62 88 72 72 113 105 81 66 61 68 86 85 107 85 111 85 82 117 62 69 79 73 120];
duration_s_km=[54 54 44 48 57 42 53 45 58 37 43 41 43 38 44 49 53 58 47 31 36 44 59 30 45 53 52 45 56 37 49 55 56 36 57 33 47 51 57 59];
num_passangers=[66 26 88 56 60 89 68 44 85 40 82 86 26 94 56 57 20 37 35 53 36 61 61 21 78 20 63 52 38 100 62 58 53 73 91 25 81 50 50 96];
BM=250;
CBM=0.500000;
CEM=0.800000;    