nBuses=58;
max_busses=53;
cap_B=[105 31 114 46 126 57 46 115 119 136 120 90 32 31 64 46 100 45 76 133 94 111 121 37 60 56 108 134 33 35 20 107 41 139 63 27 84 95 90 42 136 95 41 116 78 67 64 132 111 27 68 33 129 63 87 131 70 56];
euros_min_B=[13.009951700042567 11.686734929106745 5.243154000312206 11.731533728995334 7.64455097664529 6.207387896960803 1.4756162504271864 13.628248319749025 14.974224181126033 11.486332134955749 2.9229726278348167 8.343032202499492 14.320188051415318 2.5181605998226524 7.911949105753235 2.943164654928184 11.064653854977907 2.2298213400695692 8.387232268315902 11.901748886741881 4.02968265313099 1.7027543894778092 1.452582098233016 6.080675023138509 4.139462565603501 10.064379445583127 4.0127230615050715 11.38348344507354 8.987796780812921 6.8690829302132554 1.457755175159782 6.670308250339051 4.713475890023943 4.857086408841296 10.580624771139897 2.990834770445855 12.067285207561378 12.688329795630997 4.411590259809207 1.5785459111926792 7.148956669959464 12.977987539179567 14.766909845315439 1.7329694820670776 8.377224656422946 11.520535775664392 12.890424425087836 10.491467825046616 3.9133080037157226 4.940741305456242 8.239143821406016 3.730426103919074 9.49254623710524 3.373436944955521 2.2713203451864907 10.185428373861644 7.967954932209876 3.5224168066945287];
euros_km_B=[4.590946054450975 29.7012098251424 11.564102067788127 21.75232369159531 25.787923653449297 11.210680020821911 23.14453575269448 15.256964372186385 23.69414626192801 8.345751093726179 2.7136355124210243 12.167595074409023 17.30412304758279 27.781454656605057 1.4067972527153734 4.739986395578546 16.215873899018263 15.082968897447623 17.370898529003874 8.17148753135033 29.927380317985524 17.028397174336966 10.42651628162976 11.754699061918084 11.283636679608511 21.82898392268551 1.8353012030644797 21.34697150513195 4.866130582989555 11.842522533503507 29.220280539215747 13.272954762306457 12.101421246657768 7.1033030311778855 19.049889407601494 13.280837454626964 4.6552095799169635 20.157161986732703 20.284969102033777 14.838397023731787 12.34487333364904 20.78212569548187 15.34146495629466 26.32323421812111 26.28362998988797 23.895250667640315 20.73153297506026 6.278677364558772 7.135380133594876 14.591063738780765 12.325824524833937 24.344418824772536 24.324773865310732 20.041527869235757 12.996777049061215 21.831828368603375 20.495265930053694 12.171805779937326];


nDrivers=62;
max_D=[204 191 166 231 145 121 226 140 225 133 200 153 162 146 157 167 164 123 131 172 160 204 171 192 181 199 199 230 233 160 235 157 239 178 157 240 159 169 202 160 187 214 215 140 127 182 191 130 189 222 149 237 148 138 199 176 191 192 157 141 240 140];
        

nServices=65;
S_starting_time=[228 305 172 649 398 409 557 548 592 414 193 112 652 589 124 707 290 451 681 26 319 369 145 211 251 198 512 632 146 263 327 81 656 361 685 102 621 540 303 162 512 204 676 90 429 693 469 58 625 70 437 297 468 176 471 198 277 665 614 200 153 338 647 222 702];
duration_s_min=[114 70 85 99 63 118 84 89 103 70 83 117 88 107 102 69 116 72 68 94 72 72 69 75 60 88 108 73 110 117 96 89 92 83 76 88 62 64 65 62 114 85 99 112 89 96 77 69 111 80 120 75 114 88 117 61 78 68 110 89 108 66 83 63 84];
duration_s_km=[43 38 49 55 41 41 49 35 36 46 55 33 49 44 60 44 55 55 53 55 30 43 60 56 36 42 47 39 59 58 32 40 56 32 43 54 48 54 33 48 36 59 52 39 31 36 32 35 56 43 41 54 47 33 42 42 59 56 34 30 59 45 38 33 50];
num_passangers=[38 57 65 60 22 100 72 32 37 81 20 69 79 62 67 48 49 38 87 70 57 85 76 49 34 26 46 98 29 71 86 52 59 25 91 89 50 84 84 72 71 59 33 84 56 50 22 76 33 43 32 32 97 57 87 23 34 64 37 81 60 48 65 54 77];
BM=250;
CBM=0.500000;
CEM=0.800000;    