nBuses=24;
max_busses=21;
cap_B=[107 106 123 119 45 112 124 64 25 96 68 109 117 40 87 35 45 107 56 61 82 120 86 103];
euros_min_B=[10.23772331015588 14.823233212355216 9.21009418499398 5.907613065334014 6.538997558702266 9.406203068990514 13.125989621516007 5.08158159869704 14.36198232523851 5.178886849281829 9.639509388622736 3.260666565614233 1.5752343850544646 10.372093110006563 3.575965655970145 12.073507441601413 11.78491900392094 14.541182317703424 8.431016521237801 11.371934532403596 5.400101896782941 10.988696704585736 14.226678625446732 2.60114614047475];
euros_km_B=[6.765661875797449 24.337728666483848 13.519812558158865 8.931511151314389 17.361019271954056 28.325479222416266 20.064495656683707 12.669305946886093 7.311422303434505 12.229430351633042 17.489715326034872 22.219552008443248 9.689588347815015 4.118876571767629 25.342671329588672 17.59569281640046 6.502054484961802 15.503595591647432 4.614783215339347 16.44784338887157 17.939428826955805 19.833135128929882 9.496882804139437 12.228762220701626];


nDrivers=24;
max_D=[155 181 157 142 139 208 200 220 145 153 178 220 194 217 236 176 195 234 229 226 201 202 179 146];
        

nServices=31;
S_starting_time=[18 290 283 376 595 611 720 497 597 617 444 239 607 141 525 125 88 682 194 619 351 554 444 313 148 355 211 543 493 233 564];
duration_s_min=[65 93 111 87 88 66 106 119 63 119 91 119 99 119 114 68 105 92 72 79 113 90 70 107 64 70 110 72 89 61 99];
duration_s_km=[53 30 52 49 43 54 38 48 30 43 55 46 46 45 47 49 58 52 50 54 31 32 52 32 49 32 55 48 54 55 49];
num_passangers=[65 61 27 63 63 67 99 83 35 32 89 83 65 76 44 25 24 40 54 72 91 57 20 23 50 22 74 59 28 67 61];
BM=250;
CBM=0.500000;
CEM=0.800000;    