nBuses=19;
max_busses=18;
cap_B=[117 130 105 139 128 72 57 88 120 77 84 62 116 101 140 99 126 123 93];
euros_min_B=[10.58192507013533 5.079199078280428 4.4150363482036585 4.67295229868438 2.347530013318397 11.941803091053353 3.1275364122458997 8.054210248165319 7.38017513886597 8.048555907412666 10.551835876207416 11.007140557030937 13.149558087334707 14.404722025119938 7.579125665262892 8.633246860291331 6.522297820664266 13.37436066889762 9.785295952104685];
euros_km_B=[21.025393835798273 27.081082019054975 15.901356274910066 14.705791127572342 10.977364620642787 20.854281878870264 26.613698787916864 19.383878315359564 16.110574713903283 22.983914137540104 24.0187095231628 15.850592125694703 19.470018135648225 7.873413020812194 1.3496069474025314 20.822089551599177 15.66284726491929 16.92562655007018 24.086155717084846];


nDrivers=18;
max_D=[194 150 124 156 177 214 213 126 211 191 143 221 203 217 234 231 192 169];
        

nServices=22;
S_starting_time=[276 410 375 85 540 163 535 664 173 644 291 457 586 489 223 157 180 603 484 389 102 198];
duration_s_min=[110 85 65 65 75 118 114 109 104 104 95 91 79 98 69 65 98 67 71 120 63 116];
duration_s_km=[49 40 59 43 59 37 39 36 58 34 56 38 35 40 31 58 32 54 35 51 39 35];
num_passangers=[26 99 72 20 24 33 77 88 25 76 66 62 43 70 50 67 75 98 50 97 27 28];
BM=250;
CBM=0.500000;
CEM=0.800000;    