nBuses=18;
max_busses=10;
cap_B=[109 30 98 137 35 98 48 81 97 116 113 127 74 63 69 79 78 137];
euros_min_B=[1.793488880785688 2.8346123422490264 9.494143749975878 4.562062200313075 13.610744059853083 12.799328069446025 5.5040566247546385 4.064130749184287 7.294554379165538 14.57427030084684 9.294828156044996 8.051194068277486 4.1912633556899115 2.6967441744972627 2.685268816247454 9.039615356761281 1.8066547008295382 7.603306729350987];
euros_km_B=[7.051800076837529 11.195313303701699 14.416718083003163 24.85971197565306 9.899916301556297 14.51793135672267 23.949155752218815 24.542007371743424 4.442438957822891 21.90280550251953 8.393549542541129 28.43410134624021 20.519870888270777 6.138025439587802 17.11069988782234 7.038947030864962 9.193757310981859 23.925693820321385];


nDrivers=20;
max_D=[232 200 139 188 237 196 211 183 184 178 186 184 149 153 185 187 219 161 199 201];
        

nServices=21;
S_starting_time=[142 32 690 627 199 577 151 603 172 145 173 377 99 522 68 458 433 129 677 716 496];
duration_s_min=[70 80 72 85 119 75 113 109 91 82 106 107 80 101 75 106 68 73 98 109 65];
duration_s_km=[41 56 32 39 41 30 42 37 58 44 46 44 48 34 57 36 58 42 50 51 51];
num_passangers=[36 29 78 23 40 64 44 59 86 96 60 58 40 46 36 67 42 89 52 24 99];
BM=250;
CBM=0.500000;
CEM=0.800000;    