nBuses=18;
max_busses=6;
cap_B=[34 21 41 24 48 46 48 21 39 47 45 23 24 48 48 43 43 25];
euros_min_B=[3 1 3 2 3 1 3 3 3 1 3 2 3 1 1 2 1 3];
euros_km_B=[26 19 16 18 24 26 14 16 24 15 20 20 26 23 20 17 19 19];


nDrivers=10;
max_D=[229 237 233 202 215 218 240 213 208 222];
        

nServices=28;
S_starting_time=[469 251 780 761 754 206 54 256 525 99 323 157 316 161 443 597 478 195 101 464 586 38 815 751 19 246 817 312];
duration_s_min=[87 46 55 23 27 78 60 38 86 26 49 40 79 46 28 21 58 79 62 88 28 69 33 44 81 76 41 31];
duration_s_km=[19 14 15 17 12 19 12 15 20 16 15 14 14 19 18 13 19 13 17 14 13 12 17 16 16 13 13 14];
num_passangers=[11 14 38 26 30 37 13 35 38 36 33 26 35 25 15 12 13 24 29 39 40 15 36 28 26 35 15 15];
BM=30;
CBM=0.500000;
CEM=0.800000;    