nBuses=42;
max_busses=33;
cap_B=[63 131 74 135 107 127 132 100 70 92 67 116 30 76 106 40 97 93 73 131 123 112 84 75 33 65 44 63 43 75 95 105 48 107 124 67 32 131 35 138 50 108];
euros_min_B=[4.221083960033134 4.3088994797828795 7.091815139993383 8.402398971538782 12.94355166064611 4.79624030173393 1.3311304728202467 7.084474449909251 7.954913834905067 14.531717811725665 4.504542098746622 12.057262913344903 13.591821635692035 14.515665596916905 5.69559017725896 3.104030193429567 10.353461358922683 5.031381291432476 7.140808483800617 1.3627919614998776 3.7730307094926685 14.570081589004491 8.337235454995975 2.4421006506385687 6.441333432908361 4.257182188240273 6.442020179873512 6.999453837832229 6.884757579407051 5.452595425495475 3.713690191572968 7.097919630414907 3.9357441770087997 5.659315652045608 7.493291727975577 11.416332108991437 10.664231070574427 9.447140473043554 1.6228523499156593 14.199380430634044 9.714792899304442 11.246299249989969];
euros_km_B=[16.504647995158237 24.581000154399195 7.714373553712687 2.100150112668204 25.507213796519064 27.85577637387213 22.898820419944986 2.77492497737206 24.12614196096201 25.426695787083098 5.129838517350366 23.460812303955745 19.567271330510877 12.743098704050624 18.6234222587691 13.964216391424612 24.974357799380957 18.957687531192082 23.28501446679925 14.494051214076453 16.210588402811823 8.651928404347434 16.310623190502184 19.788595319480976 3.8942572056497515 13.602941388013873 22.436769352673956 18.832930493335297 27.983803955131883 25.69506491880676 22.70951238549124 10.000807351808003 27.513099935939326 13.685690945692421 5.867436269878616 27.736285189312408 11.590498951660955 12.815086666812123 17.912848428104247 25.55207726440395 20.965312779514235 15.438326235863975];


nDrivers=41;
max_D=[184 218 144 226 221 152 124 201 187 229 148 158 238 231 129 198 187 157 123 208 128 163 230 181 225 240 230 157 141 135 229 194 169 203 197 224 167 121 137 155 177];
        

nServices=43;
S_starting_time=[101 191 150 284 579 262 240 549 288 666 294 416 606 228 189 508 320 659 7 575 145 550 512 257 192 7 573 531 329 483 517 407 648 93 283 451 312 582 108 544 162 327 490];
duration_s_min=[60 86 98 74 94 66 68 62 77 84 71 79 117 64 86 64 78 85 73 98 74 71 86 99 120 70 62 75 78 113 89 60 92 80 63 103 111 60 83 102 96 87 120];
duration_s_km=[46 34 51 31 40 60 46 50 50 41 49 53 35 43 42 59 58 35 56 50 48 33 47 37 33 35 53 57 50 39 49 34 43 48 60 55 46 34 59 53 51 49 32];
num_passangers=[65 54 87 77 58 47 52 43 96 69 94 59 71 77 91 52 37 77 41 51 23 44 44 45 76 25 67 33 44 83 24 66 60 83 99 45 43 37 26 69 97 34 86];
BM=250;
CBM=0.500000;
CEM=0.800000;    