nBuses=59;
max_busses=51;
cap_B=[101 111 38 74 107 101 28 104 71 48 51 64 138 102 56 102 40 137 36 26 49 60 92 130 115 91 83 120 58 71 26 58 58 98 37 53 124 26 78 66 66 124 56 59 140 59 115 114 122 124 80 35 61 137 85 133 83 88 137];
euros_min_B=[13.380861273937978 2.0173638790619703 2.648505208209743 11.613743375576506 14.0115138656935 12.489089219431792 10.506433685183891 9.617034600930841 6.1112119114952375 14.624015101356552 10.528559122002465 7.700482589695268 12.688608113386303 14.071212216138893 14.024770331688417 3.1854030234325674 12.072348323537 1.336894166805835 6.069689860431186 7.03913291839796 8.475395461010603 12.987629653185753 14.95736818197709 9.80556000672575 9.279927222572685 11.761198669665276 8.972750787372624 11.649218433369345 8.509229558413395 2.1047320410432917 13.553997030796447 9.178777735391987 7.080233108760348 2.81627010545435 9.573108244111967 13.609307687296557 9.267829851934522 2.909029345372015 5.211380684615576 9.769856522610413 10.421986195876892 3.604440428425897 12.250634221638805 5.193686446953098 1.9034565978489397 3.166508232827937 11.427952707539438 9.979599763949642 2.791092893894184 14.691903190592614 12.929711469509508 4.756663229499382 6.028189845876828 6.7671040253008545 6.380245611540314 5.586690230966082 1.5262502275765166 5.245285921756159 4.417598061674619];
euros_km_B=[22.97557015517908 19.91807494753634 10.5301596384663 7.78853976193458 25.573524300390286 13.279450890442751 17.00219704343998 12.221947462735475 10.112197394267119 2.005723747916724 20.97089425652638 10.05023262318851 9.223388905172374 26.336439727397426 25.81084833948906 3.4722646966403583 9.157937360159183 29.18738507325558 18.064589794327173 25.75225815427444 18.331800467200015 20.747877282313457 6.9271295923266925 16.98698857952032 28.033439323771493 15.466989256494898 21.26562191803001 11.566437548935284 2.4249616290099616 19.97600780625452 4.642256248025799 9.789551180898831 27.245997621501136 9.118310662426982 20.359324324408654 20.718779034716903 26.43433592324428 29.230946975460096 18.648377448644975 15.480741674346762 14.820134572158452 27.389961388884757 4.125651042915743 28.972327186546167 27.853234848078007 3.266461950313965 29.87380946069185 12.867233702654989 22.715616209647834 13.8641129965203 10.166678963469193 6.6705469387389895 23.426028118544657 19.996167425176694 11.61625304122145 2.425557893880717 7.062509799920894 8.26848540584637 12.237001570859698];


nDrivers=61;
max_D=[121 222 212 211 123 209 121 200 148 139 141 202 227 153 209 155 232 153 219 150 208 128 183 229 188 239 218 154 146 160 138 232 123 138 171 144 223 214 134 238 234 164 235 155 236 229 135 135 182 171 167 209 144 209 133 226 207 203 156 195 189];
        

nServices=66;
S_starting_time=[536 431 63 591 441 600 267 397 394 645 389 189 462 356 546 2 438 8 529 682 241 454 179 63 601 528 536 161 478 411 313 149 586 587 66 449 672 280 95 248 601 225 473 571 137 212 698 239 264 630 339 61 343 717 655 337 562 101 430 178 550 643 82 8 609 426];
duration_s_min=[103 70 108 88 69 99 92 64 104 120 64 103 64 110 108 76 111 83 108 77 89 69 78 118 117 83 74 80 109 107 118 85 96 83 73 117 75 86 83 81 79 83 74 110 117 93 67 94 120 95 69 103 89 72 95 87 78 71 82 86 70 70 76 89 78 70];
duration_s_km=[54 35 47 38 37 40 31 57 44 36 37 43 59 39 59 46 50 47 55 45 33 54 45 38 33 58 33 51 48 43 59 33 53 45 36 47 49 51 30 30 41 52 41 40 48 40 44 60 39 51 30 37 31 41 32 46 32 33 59 41 48 36 42 50 30 33];
num_passangers=[61 30 85 42 100 92 29 94 93 90 87 87 32 97 32 73 98 61 65 32 29 20 26 39 71 75 44 23 77 78 37 90 79 91 36 48 38 54 42 65 47 88 83 95 81 49 55 53 43 52 64 68 51 27 73 83 90 66 55 66 37 82 23 69 76 32];
BM=250;
CBM=0.500000;
CEM=0.800000;    