nBuses=49;
max_busses=45;
cap_B=[26 38 88 88 44 81 80 115 39 101 30 130 21 59 129 58 103 103 85 110 59 134 53 117 97 106 116 69 70 63 24 106 22 90 89 65 127 108 121 80 126 79 112 121 125 120 34 38 44];
euros_min_B=[10.53997685127512 9.188613374708765 12.195677651716654 4.337880288157134 12.912202721856138 6.600738236705063 1.2964370125169897 11.892436486023877 10.693987070871321 12.551400006677364 2.5272215273550414 12.031535203241107 12.037341911181853 7.844507265759451 2.691572437336184 12.671816327652586 7.647401138782095 7.061512995515569 13.242062566389487 2.820141382097545 2.168191690095502 13.830287644720222 8.153606046560425 12.496447486954986 5.019594944678232 12.900161587852724 10.937188264138868 10.251538095611608 13.868833427612007 2.2794774549915555 8.53548595743646 10.791293161545765 1.7111727718194485 10.40673352992497 14.097595309173071 13.943979954774738 4.812845572481555 14.502840646803639 5.9321869653365535 7.949586919254022 2.7410941682461374 6.381948290581554 9.076681800134528 9.591524768301888 6.439169137778106 10.964312741854709 7.506282636653669 12.14391728461945 6.147070856974837];
euros_km_B=[14.369349729193019 20.74556365771341 12.869528024214159 8.335013701956438 9.658318702863001 16.604270961169984 17.763888066158284 7.538430597555074 11.586498240307863 8.063616923337253 29.364567552498873 9.499555740495538 3.138191240936268 2.571511021692882 6.653890929144902 4.937602246605575 22.631006127378104 7.0118688600284536 18.531714499501778 9.942188961965877 14.319576556383936 28.370544931671404 18.843558953391863 16.196339502182397 13.926418797006885 6.206720970084225 10.733693971889972 5.885406829029803 3.136187779204727 5.828591617248488 6.869421912654266 14.15684348493025 10.142228801780647 5.853940308851486 16.41789181287647 24.96450846799334 15.534773163615442 25.37936993173051 1.716712347235664 7.354404168954273 8.694621040024735 7.144602072183116 21.130453722997277 21.71154138208354 11.127124577354383 6.84420104578023 10.191448101459592 20.108546418009666 29.8161177241241];


nDrivers=48;
max_D=[121 128 195 128 188 178 136 209 151 191 126 173 172 142 214 126 189 214 198 124 200 172 163 214 159 235 206 196 176 131 143 223 144 218 200 137 198 188 184 205 131 156 230 183 196 152 169 172];
        

nServices=53;
S_starting_time=[19 402 684 672 36 330 674 614 370 673 66 349 64 205 237 473 50 354 148 415 635 36 489 207 112 215 26 669 315 605 363 183 549 412 207 145 123 353 286 49 590 246 266 141 92 67 209 432 414 646 319 375 96];
duration_s_min=[72 94 75 82 67 91 120 114 103 104 80 110 76 104 120 77 81 106 94 120 77 71 86 66 119 75 103 68 67 102 73 75 75 77 109 117 76 76 61 62 113 88 80 66 83 101 112 71 118 104 64 108 113];
duration_s_km=[47 54 47 35 33 42 41 57 47 55 46 60 46 40 51 36 60 43 46 60 33 58 48 58 59 45 33 55 54 57 56 43 55 42 57 53 38 51 43 45 33 34 40 35 56 43 59 54 37 50 44 30 41];
num_passangers=[43 84 28 62 27 82 54 69 77 89 69 27 65 45 93 32 70 38 76 98 94 47 28 70 20 96 28 70 25 48 36 90 50 90 92 76 64 64 63 44 25 72 76 83 67 84 50 76 35 45 31 29 51];
BM=250;
CBM=0.500000;
CEM=0.800000;    