nBuses=32;
max_busses=36;
cap_B=[99 52 48 59 120 128 49 108 94 76 103 65 38 29 68 127 62 102 123 114 43 53 128 58 67 126 31 53 70 102 76 64];
euros_min_B=[6.667187559480152 2.2204386675350047 11.195511340987746 14.206252936870337 8.645100484891948 10.544185039283606 6.215580405088918 1.7604863657986247 7.077940516466828 4.613064487371103 13.808699476310517 6.308685269645881 7.297967041560842 3.064847134144999 5.621207443500819 14.392591548201947 2.625088447656084 1.479515590032677 12.344310265648954 7.040770527522571 5.171023210597951 4.683637361964083 13.278358793807833 6.0239090516287375 7.868494695590467 8.000386789728719 5.9160482008430515 5.247637913531918 4.914587112861201 11.5345295077755 4.667296613867105 7.242938257715135];
euros_km_B=[19.22384516409055 2.413598659213953 18.482591579561703 11.374495840155019 14.619317453417294 2.2601291938513057 26.12183861399963 10.011155257430234 10.486428087414913 19.99593303896182 9.34034290552411 20.331973813716914 11.540975013500935 4.186546525060824 25.83460017064955 26.038188399256082 4.045244879057401 10.557261793820544 2.8588220157999205 29.09727155457158 15.98691680021989 24.091808123531262 12.523213068840738 23.319387972870484 23.14445351582286 13.269060041233288 13.20902263789329 10.122641641750413 24.387564562045938 25.5894858078669 7.004143261362289 21.812850883436194];


nDrivers=35;
max_D=[135 150 224 226 166 185 138 155 155 201 132 205 171 186 211 153 155 184 123 154 237 211 165 226 231 183 179 194 187 196 224 183 171 229 152];
        

nServices=37;
S_starting_time=[276 66 21 571 490 330 229 622 562 25 341 0 240 452 114 698 162 39 39 651 470 403 500 592 462 597 153 330 560 582 438 318 608 241 76 81 445];
duration_s_min=[64 105 72 109 71 97 105 99 78 76 61 76 63 102 90 80 94 100 91 86 109 97 91 89 85 111 99 95 83 117 71 86 94 83 84 114 94];
duration_s_km=[39 57 33 38 34 39 58 52 51 42 31 59 59 60 35 52 54 31 57 46 48 58 60 47 49 37 56 32 32 46 55 48 58 48 57 39 48];
num_passangers=[24 36 64 57 86 30 36 68 53 24 53 37 43 61 81 67 31 29 71 99 65 33 45 20 42 42 32 32 84 55 94 83 40 96 60 38 37];
BM=250;
CBM=0.500000;
CEM=0.800000;    