nBuses=55;
max_busses=46;
cap_B=[55 84 139 41 109 52 53 132 127 140 48 28 133 22 140 91 49 99 51 85 110 138 138 43 88 109 80 65 53 137 81 59 36 61 69 23 41 71 55 86 98 98 108 95 23 21 25 122 138 41 23 79 140 27 37];
euros_min_B=[3.1703647211684087 2.056841467044019 10.8584223698651 3.7137462171913924 1.8014908722556366 1.8613225759230332 1.1918707704888898 13.937168938727286 10.465282849493551 11.378122431962293 12.449453711132957 9.102323999180667 3.0575610988756123 4.741898244297336 1.4843150122213604 3.8133215294525566 7.934962485247233 8.262654296171133 8.448690579703792 6.022033387691108 10.176876474058545 4.668772009067994 8.063177028999863 11.295223532012574 14.14495292672381 6.69246896525612 4.160727910670449 2.3978361062279583 12.090852250411228 4.175555736266988 7.077960823781746 7.149269831881702 13.777394727157144 11.414963901152056 14.97135548332879 6.657531840786261 10.730713370115161 6.939326227234909 14.853318639686142 6.728406816511919 13.325595086096722 4.3370333909760355 4.534735366053432 1.3160208971721798 3.0294338278850423 5.987582123936176 7.433931679838455 3.613332719839219 7.67867906100725 6.255427747410537 13.504056342690244 5.214480028933788 4.481352270660968 3.394771924936488 14.806037653596684];
euros_km_B=[18.032454722245618 3.7107433856832888 1.4963994429339216 25.27310417454673 21.264182504816514 3.9987042936517714 24.84330923258927 1.5864906569942225 4.968164577309088 11.4303256543224 29.460458832441642 25.21464528535623 19.308763723960823 17.254722277636354 15.646131395002822 25.090586704335774 28.23377182783061 10.312708712068419 19.27948850190338 27.784293732803523 15.629881186952984 10.92486895647992 10.008843724407432 13.170179873862454 12.777910656559378 18.863394915096293 2.721267298291453 4.569937969364592 5.086624558864195 28.81275444696534 13.223211306408981 1.5088058720594169 19.496806428596454 3.5923965750399094 5.304541380611655 2.1073448489848383 13.474505427752106 17.584058106284036 28.919544724725743 4.070882623589624 15.401611999081442 18.70974874996145 16.404233638856773 23.763657335017587 6.91561953610784 4.694275745381413 15.837775901208623 16.926723602864264 28.37720859922826 22.491685813853554 18.280592004601974 17.783560137755515 18.275288046944 24.286599101689735 10.964638879648486];


nDrivers=56;
max_D=[134 197 145 180 121 128 159 165 141 137 211 222 139 189 134 161 146 175 197 209 186 163 222 171 205 198 231 195 175 170 197 135 127 178 179 154 230 184 159 148 217 239 228 171 154 155 237 159 219 124 181 161 132 159 219 151];
        

nServices=60;
S_starting_time=[641 713 537 523 499 201 198 290 522 534 286 681 376 561 90 706 393 595 345 514 479 315 308 536 291 424 374 182 119 86 365 103 12 485 462 263 588 378 233 708 402 23 147 155 524 400 647 206 180 637 314 547 294 675 521 137 283 224 53 262];
duration_s_min=[85 108 113 104 78 83 69 111 76 93 85 101 119 103 109 88 91 90 116 83 118 92 100 74 87 109 116 77 108 93 105 71 70 117 71 64 68 71 69 76 72 114 110 85 90 118 77 97 86 70 70 95 108 74 109 94 87 98 72 119];
duration_s_km=[36 31 56 31 32 42 36 42 32 60 34 51 56 38 35 43 58 51 38 42 47 57 57 31 55 48 57 54 34 46 55 47 49 43 44 34 43 52 59 48 47 41 49 41 37 40 33 53 30 50 58 40 44 34 47 40 33 40 35 54];
num_passangers=[90 93 72 75 97 27 70 61 59 80 68 50 87 82 57 62 55 65 84 86 73 60 53 24 45 61 68 71 69 57 79 35 67 66 25 75 75 30 47 54 55 80 75 77 42 46 91 83 56 99 48 96 49 39 58 32 27 80 96 78];
BM=250;
CBM=0.500000;
CEM=0.800000;    