nBuses=27;
max_busses=17;
cap_B=[131 53 97 115 134 48 89 52 63 140 42 53 123 126 100 113 132 109 34 108 27 81 39 25 50 91 128];
euros_min_B=[13.70601656589414 7.010356765613361 12.408867482486823 5.967912317620682 7.679684011905106 13.965973252997813 2.7711899681128234 9.214201718100654 8.698224038898553 14.563834539545939 10.668651539415098 4.2313010665266635 10.491309349238644 11.767154319835614 7.837671321677233 5.490218437110928 5.833990306496963 1.5328440836552737 12.198379707201171 8.063847049496797 7.946768349367785 6.6011462501371 3.2192837208337792 1.0203615962197443 6.087935353096123 9.512391298861232 12.3787791639189];
euros_km_B=[25.513292409628814 21.984161438219022 28.111784760540978 13.970217330789358 14.145226702250792 16.89451999143544 2.6326624046408487 29.699726368033623 27.471379368068547 7.288817711584483 24.20685409159775 15.312273087702795 6.374292909174449 9.456441336647226 11.544798723134317 25.07050042564093 1.9815121069245365 29.136159417042396 5.631735990619623 8.43581273261022 25.758338922562675 19.122783476621915 18.3716678538062 1.641079773066176 20.178597034607225 26.064082202093346 12.004816251619514];


nDrivers=28;
max_D=[157 160 142 122 148 202 205 168 125 169 148 153 136 238 160 217 134 228 148 169 203 213 212 160 189 131 224 169];
        

nServices=31;
S_starting_time=[55 17 482 235 43 63 617 527 602 540 599 363 208 263 166 562 633 624 480 184 121 378 141 452 236 90 161 585 294 269 227];
duration_s_min=[78 94 79 67 77 74 88 68 64 105 78 84 94 79 69 69 106 73 72 60 68 64 73 84 106 118 67 117 98 102 77];
duration_s_km=[50 48 33 59 35 30 37 42 47 41 60 48 30 40 35 32 40 42 32 46 30 51 46 32 50 46 43 54 58 30 31];
num_passangers=[98 91 72 72 81 71 76 61 61 40 22 41 88 74 93 78 22 90 67 20 26 80 61 52 28 90 69 98 59 97 52];
BM=250;
CBM=0.500000;
CEM=0.800000;    