nBuses=29;
max_busses=24;
cap_B=[122 62 59 133 115 104 37 132 64 129 21 50 76 46 70 54 28 137 55 53 71 95 115 23 88 71 53 85 23];
euros_min_B=[8.046821959818926 2.4286242131290585 10.252739267674459 10.597376242549819 1.9863734192077604 13.364521231025948 1.055566040892999 1.6573824956154966 3.200203853306907 4.801060997608622 2.7491600916858934 10.095872564231737 6.533986786462303 11.403623442027786 1.3846299406898854 14.893007940985102 10.45274780752052 6.981931166953872 4.392187562118691 7.894384851889173 13.294177285641062 12.10258458762103 13.01688210425975 2.157624877782075 7.861778691429714 6.3057250648491445 13.115647906282513 9.524462885387967 13.359699676954852];
euros_km_B=[13.447415455419668 26.76549565638092 15.78124008741497 12.239510202226157 18.20710155937042 16.712032526668633 28.466277024906038 22.08847039980747 3.3981965113849673 28.583313128420105 13.011356397262096 2.5974425900063935 5.502073576990588 12.336259694347339 26.425488269852487 10.939746867253584 15.448184992643533 25.951176530674978 21.84451271233921 21.491802430840245 22.75541922144729 15.301175850324942 9.78808928471603 17.832634438223103 11.88089609723123 13.576115829295563 25.172498435546895 23.354511335300227 13.565479179835588];


nDrivers=31;
max_D=[240 131 202 183 207 158 220 224 182 154 159 232 149 128 143 191 182 223 166 164 161 138 221 221 128 234 132 220 181 133 172];
        

nServices=36;
S_starting_time=[637 564 502 364 448 678 718 409 373 377 134 493 525 315 572 707 516 618 644 490 183 603 464 337 320 493 31 38 140 607 582 48 640 617 217 406];
duration_s_min=[61 103 120 102 107 81 86 118 96 64 68 96 105 69 92 78 80 115 105 119 81 78 94 119 66 106 70 76 92 74 69 77 100 95 90 110];
duration_s_km=[42 56 34 45 30 59 53 54 30 37 58 30 56 39 38 32 42 53 41 40 51 37 51 49 32 36 54 40 44 48 60 35 36 48 34 46];
num_passangers=[43 40 95 54 31 57 20 59 55 26 64 94 22 57 20 66 65 65 78 90 79 99 23 44 66 36 85 46 85 25 90 59 98 32 34 74];
BM=250;
CBM=0.500000;
CEM=0.800000;    