nBuses=20;
max_busses=19;
cap_B=[73 34 105 131 87 29 97 89 98 134 85 28 43 24 137 27 90 63 69 22];
euros_min_B=[13.925063896658287 11.069254983728394 6.805198432646543 8.045544156600263 11.902763836894984 4.571719208483007 11.012563679593818 2.438152224562608 2.7748057493953655 1.286225469990938 1.3622653986190598 4.633344917667477 2.0325122613207895 8.519939250623107 2.502547330947585 14.39777204042942 8.447511940260577 11.702005164183007 12.211694380637933 5.863029502145785];
euros_km_B=[1.0600654200597992 26.27837562755011 26.094834865333066 20.09466743277396 3.434947790965983 19.895568157663142 15.532756136122098 11.462739639931003 29.617229055778242 26.083003837049063 7.748604848714612 4.076163645484412 17.377461066055265 7.745799284691584 28.524734459360733 24.071650200066717 16.23236174246762 28.537259815962727 3.0695277523360094 4.175283184975935];


nDrivers=16;
max_D=[141 183 197 239 210 201 170 186 162 184 161 185 238 230 133 128];
        

nServices=21;
S_starting_time=[657 622 17 336 174 133 325 678 91 312 100 394 666 133 216 67 495 131 291 674 411];
duration_s_min=[73 118 72 80 106 72 90 117 118 67 69 85 67 116 113 60 90 116 78 105 80];
duration_s_km=[40 38 40 46 41 59 47 36 55 32 47 38 36 47 30 43 44 40 59 31 49];
num_passangers=[49 58 97 40 97 94 57 68 71 96 51 72 43 54 78 93 54 77 43 32 34];
BM=250;
CBM=0.500000;
CEM=0.800000;    