nBuses=54;
max_busses=57;
cap_B=[48 20 69 22 50 140 69 95 37 115 112 102 60 33 60 94 51 111 91 130 118 49 101 51 25 40 126 120 92 136 92 101 52 121 24 115 73 124 23 90 33 39 114 136 90 56 42 62 91 46 100 52 24 81];
euros_min_B=[7.574861724782917 4.5684232411513195 7.060331157577472 12.612482089459737 11.151497979274906 5.994426423366956 1.1015602157927378 11.036624664932202 3.50043045171315 4.73719563664868 5.37306771646123 11.686494252112597 14.631329955181513 12.597639178404272 5.598585611208712 11.59011075741352 7.836348097613937 10.026735005187135 12.402552324476796 5.090970542096118 8.087146611277827 14.630728030601778 13.406982802046793 11.776736369973271 9.26345360920552 11.631319836922883 11.945917722868117 3.8458368456815806 8.143494680293806 4.7548373172164045 7.346184052115636 10.226421342462643 3.238048203505147 11.375634137485413 7.243374592856596 3.7076105101378465 7.499775879718432 13.553638660098713 7.102618037876774 4.799224981067782 14.257681895500957 6.37326190912232 11.265699652337377 7.568503500770852 7.729532130324538 9.672350566638244 13.09432871751115 12.129189972865504 7.771431597894857 2.764387995338084 14.175162654033 5.395926120281231 9.805109927559416 1.231119250058457];
euros_km_B=[20.040676751336857 8.706737962748502 14.940098192499478 8.040564363061783 19.63330991369723 23.32715303855338 12.179275785142286 12.450987903151889 6.0324384749461215 18.159649002770237 17.496220071373344 28.297168004081627 15.981496191074593 13.665883701161796 19.12733396397606 15.158445162496442 8.15722964357901 9.889062724266784 17.378462049393395 12.249478003405072 24.873953928258945 1.2339018736271936 20.808676066735032 10.705255352927303 18.24183834728405 21.65193185867393 15.467725801623697 19.429880394931516 8.024184389509227 13.651584791210238 24.605905611793045 29.062502784886142 16.551872228370023 10.515569507978919 21.22124883031295 1.1678118817133623 15.663421478438888 18.08150347094784 19.039142289321614 22.060220355462157 14.260483974472113 14.520438144615813 13.787681277523733 6.9084775532943485 17.159732392037615 15.973879285357429 14.866923017449057 1.7507393481272497 11.000868137337164 19.007222740098126 22.16785237000677 12.198514178292502 14.90468289093726 17.303975667178527];


nDrivers=58;
max_D=[239 140 240 153 126 221 142 178 125 135 229 198 124 183 122 186 127 152 228 139 209 152 127 131 128 205 208 190 139 178 170 233 146 218 165 240 188 132 198 161 139 197 144 228 236 181 240 144 161 224 205 163 211 220 162 164 214 176];
        

nServices=60;
S_starting_time=[350 70 367 64 483 321 65 565 18 150 166 100 144 328 635 401 58 234 323 5 169 449 302 113 372 552 207 290 663 79 124 487 298 60 602 167 462 222 50 711 457 137 634 259 39 19 523 475 174 451 403 64 303 422 412 376 685 174 35 299];
duration_s_min=[78 93 116 67 112 87 113 89 110 80 66 119 98 97 79 80 84 111 79 96 116 107 113 116 84 114 80 114 75 101 88 60 114 86 107 90 116 69 84 65 79 120 110 84 90 76 106 70 95 114 112 85 77 97 63 62 107 68 104 69];
duration_s_km=[30 60 43 60 60 36 43 30 57 43 43 32 36 32 43 51 40 32 51 59 56 49 31 36 37 51 38 39 40 48 39 48 58 36 41 49 34 45 34 39 37 44 42 59 40 56 56 32 40 34 32 30 38 46 42 55 41 52 34 38];
num_passangers=[54 70 91 84 81 89 38 77 77 91 99 46 75 57 51 75 20 86 89 70 31 35 73 40 83 58 78 63 46 54 95 91 35 55 62 35 29 27 97 75 71 66 41 47 83 38 73 61 51 40 30 45 30 60 100 86 74 53 38 54];
BM=250;
CBM=0.500000;
CEM=0.800000;    