nBuses=50;
max_busses=52;
cap_B=[98 115 132 31 22 25 58 65 22 73 77 118 115 99 116 20 87 31 102 76 99 82 94 130 132 22 57 115 81 72 66 102 115 92 46 63 55 94 128 102 140 24 110 30 48 25 20 49 34 108];
euros_min_B=[2.3610925947165358 14.92169833370896 2.762056265205817 11.519691997967001 5.770519830165444 1.7266748198083808 9.4392715239265 11.654939298564475 8.472948865732505 7.520216329495816 5.586027304329671 7.083044160601471 1.363633847090521 7.727575265393812 2.048131050206978 13.8369528455787 12.710718504336747 5.387715875429583 1.3883284468505885 2.3636756263977703 5.201196840754968 14.778174615192913 5.1195530629996835 7.778678503716185 13.684646523322447 11.286518602926497 8.047530042594945 11.892554955762872 14.108617803471114 11.63193368403089 1.297935214819465 9.102049770560633 8.049500330735814 10.096731047930284 9.508514463444103 10.366199072478453 5.7202398336032685 12.56826393829726 10.096317119635767 12.34910767485051 6.88979724462299 13.47916456125047 1.0717480207278247 10.772782503506976 11.119013589243679 9.450971038436027 1.0548251557866573 7.763241866107572 7.430674878861341 9.982512656549952];
euros_km_B=[26.983531102129344 1.8755312245775766 22.01593942279355 20.128229943518022 25.883428378225158 7.793776189700749 20.613528192008683 28.673015882403487 9.79967685920793 18.04567617172459 27.743753432783706 13.620786022267005 16.63405332291784 3.0748757772209157 2.4367904427384337 26.800712666767332 3.994333684881292 1.7452381821391914 10.075522248543374 24.084966423496763 19.768306675782238 6.956481002907851 25.482435846571857 12.467332116637133 29.38546499387925 12.366953529945942 23.061362187464937 10.459870991372178 17.36752839895099 3.2320622040561795 21.027191049842795 22.557882662819605 3.615855490846275 17.590281516285234 23.208433701821534 18.301398868164355 20.76626134379824 7.859092345462492 14.550573037109588 7.674313662097607 24.43906291297113 19.116506679298347 13.924431288255997 15.418260769539677 27.94390283108072 1.6327145410719655 11.066956499741945 18.195408662716776 12.467766260512823 11.155570132978895];


nDrivers=50;
max_D=[157 222 182 172 162 147 150 120 231 162 146 228 145 159 128 185 192 224 176 222 124 225 191 194 151 206 159 179 166 174 206 195 187 135 162 168 168 226 190 173 145 223 166 220 185 229 124 153 191 220];
        

nServices=57;
S_starting_time=[233 655 283 311 65 264 7 588 642 699 700 494 227 177 320 523 233 576 48 334 720 57 508 467 58 359 124 698 680 84 401 508 242 213 25 437 198 446 180 52 10 64 453 566 121 339 101 464 2 466 553 247 280 535 426 430 697];
duration_s_min=[75 111 60 117 107 98 102 60 69 111 100 113 76 95 88 72 119 64 82 89 119 61 76 71 93 69 67 75 86 97 84 71 106 119 104 91 118 74 83 83 69 74 76 109 94 64 92 67 77 118 109 60 100 63 84 65 97];
duration_s_km=[59 39 57 60 60 31 46 48 40 41 30 47 48 40 56 52 33 58 49 58 55 43 32 52 54 33 59 31 54 54 37 48 39 50 32 33 59 57 46 47 37 50 59 43 43 54 58 37 35 30 53 54 33 34 41 55 48];
num_passangers=[54 56 96 21 27 83 85 70 50 57 47 77 94 28 55 27 24 22 38 34 33 33 83 86 100 44 85 70 20 20 49 84 24 34 22 80 34 72 76 49 72 40 96 21 91 74 40 64 68 58 96 91 30 71 32 84 96];
BM=250;
CBM=0.500000;
CEM=0.800000;    