nBuses=29;
max_busses=32;
cap_B=[132 140 136 121 103 95 127 114 83 61 38 50 21 60 41 99 87 84 94 29 140 78 37 54 76 137 47 53 128];
euros_min_B=[2.0280280133075133 9.708364865631522 2.2801518270118866 12.656177308830802 11.078450794449543 12.930734280322815 12.46691138243201 4.796955517106985 10.138486629603461 9.129470925885368 13.068457037434271 14.168897099196059 9.501768387824828 8.391829071289923 10.068049445928542 1.5769295398794907 7.353343542528075 10.21749912900823 14.681436153720748 4.57762889537627 3.9007397089239055 7.786628165874875 9.506237209219773 11.19698575056417 5.2442902239945814 6.374238776659912 11.134720377050094 2.4279202417039505 11.801144754307044];
euros_km_B=[7.977038252858355 28.047944504248477 8.218739281958346 17.360630498862715 19.60424090813567 10.656691702557996 29.939571338916625 21.277583343103704 15.464270338957851 19.94371989120976 2.3797704501857546 22.0489225465547 26.571541433903676 9.975482978640276 10.646311715691576 18.808118539872204 8.070212351545162 26.884890837480533 12.618282085566898 7.449246501965578 5.326244366804285 2.5758156304538806 12.215725426467783 16.526967797824515 1.9236536790488334 1.8691779279543135 10.981705200877043 10.780926203458973 22.15557822088412];


nDrivers=31;
max_D=[163 231 233 182 142 138 130 225 227 129 153 199 159 187 122 168 181 130 174 213 227 232 195 192 205 162 201 231 135 167 183];
        

nServices=34;
S_starting_time=[51 452 64 109 159 287 404 362 497 417 35 199 666 58 407 90 111 54 509 307 33 686 363 275 625 523 707 513 142 228 531 679 550 623];
duration_s_min=[116 119 60 61 108 74 116 93 117 77 113 63 102 97 81 78 94 84 81 60 113 108 64 74 107 119 66 93 76 68 81 96 90 110];
duration_s_km=[44 60 31 46 59 37 50 49 59 54 37 42 39 47 33 54 57 37 41 52 37 30 52 38 41 53 57 46 58 31 52 37 31 33];
num_passangers=[78 53 75 93 30 97 89 63 87 85 55 56 98 94 41 94 87 57 87 32 62 93 42 22 85 24 37 92 100 20 30 77 25 99];
BM=250;
CBM=0.500000;
CEM=0.800000;    