nBuses=35;
max_busses=29;
cap_B=[117 20 28 24 71 52 67 130 94 95 103 24 25 135 85 51 77 37 56 126 30 117 111 32 87 126 121 68 50 23 23 118 94 37 101];
euros_min_B=[1.3553809041458256 1.6373950094995726 9.126801165544956 12.643673528573897 3.4366463219407697 10.669529991611432 3.317644318292138 6.083861225977682 1.1540428998724983 11.902156096413126 5.402277126603676 1.0664547088207703 6.554870473394967 6.7152280447724415 1.2475494714098514 13.11447491133481 12.084441660081007 9.984248930035456 12.887814337875973 14.666215288731985 10.91872201621241 11.053736861875597 6.32833436377359 1.8525672830854227 2.345937119195006 10.559352308713919 14.636643705709936 4.0541456388448225 3.5856393818250094 10.557389284408737 9.293917295345965 8.746673870013296 8.194826011969383 12.487989364334107 2.3140433343172524];
euros_km_B=[23.3512227332038 5.297563319794316 29.415359138395722 27.667935079342417 26.56772608444261 28.998746476846257 14.433350189901844 14.548030973479792 19.508479689062654 22.290989209679548 21.49180009441054 27.568577504216954 6.119305414075637 18.199569341617764 3.4452033963571793 3.5415637937844333 25.902754493006285 21.224693303764525 28.69031257506536 28.318719153590127 7.833981807187214 17.44363420375058 3.2198342186051008 15.068459767045253 9.645387935806017 17.663430375242026 3.6869498586538336 8.412221027880179 21.716527705434526 24.69492542357257 27.283880758178896 10.040886505656172 26.198044143040732 9.22545345055578 15.453783699276807];


nDrivers=33;
max_D=[141 171 140 120 211 202 122 149 238 226 141 125 216 140 206 153 222 182 240 131 209 166 225 231 146 208 191 220 208 215 164 239 214];
        

nServices=38;
S_starting_time=[28 648 361 472 249 349 231 258 302 112 132 255 467 700 594 263 496 169 274 696 392 356 81 656 707 32 82 305 287 401 588 169 269 19 564 699 568 439];
duration_s_min=[80 90 92 84 63 109 117 111 62 65 89 61 89 61 92 103 61 80 71 71 73 88 90 75 86 67 109 86 60 90 77 82 95 105 99 110 90 94];
duration_s_km=[30 54 57 31 52 33 53 56 58 58 30 55 40 55 49 39 36 34 58 57 50 40 47 32 50 48 31 34 38 32 39 42 33 30 55 56 60 32];
num_passangers=[39 63 49 57 63 67 37 62 35 27 63 55 54 38 37 35 75 87 51 100 89 37 56 34 49 34 65 23 82 58 84 69 99 28 69 53 39 28];
BM=250;
CBM=0.500000;
CEM=0.800000;    