nBuses=63;
max_busses=59;
cap_B=[108 104 52 56 32 80 100 72 48 115 21 103 25 47 97 80 102 78 94 35 70 96 30 122 40 134 43 134 78 132 117 107 53 122 126 58 120 137 40 110 72 77 23 76 136 103 116 60 120 84 45 30 90 96 49 23 44 80 135 59 31 45 86];
euros_min_B=[1.2124079239729895 10.337012515845029 13.856138205658116 2.087970145936338 13.619489039083868 1.6454686411852253 9.662942081248477 3.912438175424165 12.115747875324143 14.688844135903828 11.86894719386635 13.57769105189592 10.392207262203344 11.078574188103719 12.0718403917986 12.729676609724647 6.079057194973851 8.153570512018819 14.538083920200702 13.293633491799655 13.396447395449915 14.119180089622114 6.231227837993237 10.011622474138525 7.680332964737023 7.618139363260776 13.38086122175318 5.9793636341481 10.432340638892152 13.9204250420679 12.374580933804449 6.294536388338631 6.557779622481054 11.178969001746212 8.286485875786354 9.373244575384193 9.695353677393534 13.20452469851957 10.062466318251378 14.211853897321665 8.26516915265969 2.854510273337135 14.80393183481313 2.718220932522102 12.753937366141857 8.170679649510584 4.986056851437637 14.618787837899294 12.557907984881322 11.519404924260677 8.584116884928891 10.731999210626435 11.24119673307809 8.392613397695193 1.472653341796193 13.156464306201146 1.8238816432950686 2.544239653196397 4.940343498809609 10.442022870620532 3.6336128552577556 5.234490694784367 8.454149117367894];
euros_km_B=[19.290754491056276 29.42089500759292 21.970186506316892 12.122270107162876 7.02332487204891 23.962792897969415 28.9201151693912 21.850085814677637 18.839984578428002 6.135318228034144 11.380437137033281 8.797723693088724 9.460672896349172 13.056533620856388 16.404108636307043 28.899272296044636 12.072585768226109 2.880761073872047 14.268414017963082 22.076506262206884 29.686459210010916 24.41666693998139 3.2690073565275615 25.155958624201944 19.199514264433656 9.970858169158818 14.147596295750496 19.680207767532185 16.53319292926539 10.36943456788868 22.434850721523677 5.612224207070013 17.979718438487065 28.37937881954128 3.8195498287583933 24.513603146094294 12.791544913631661 12.653644805348405 29.783895982968843 20.057617377180623 2.806545691855546 14.991565123128176 27.84045780087278 1.1382484962963182 18.591958310427117 10.14108450954706 21.27346020690392 3.703697066201775 23.41458665565447 12.941638324634038 26.169958731909837 13.646045195482214 24.262991898813198 11.712750196703315 4.98159504887516 20.940758329907077 7.119793673626037 10.353339854335902 24.605204083371028 8.960401462855998 17.54324860090879 6.888849726521013 21.213782689212387];


nDrivers=63;
max_D=[204 131 157 221 231 202 120 169 170 154 159 211 131 150 213 203 199 223 222 208 124 127 213 148 122 155 183 234 208 124 211 215 133 122 217 154 212 158 220 141 202 191 127 197 228 220 236 138 122 123 192 239 223 239 162 184 169 134 223 164 130 197 178];
        

nServices=70;
S_starting_time=[655 529 415 510 126 214 513 575 466 540 710 691 642 463 43 32 523 697 280 20 424 20 300 86 117 55 59 22 351 313 116 718 674 51 314 605 671 44 507 594 549 595 635 84 115 513 365 46 457 627 376 14 51 613 218 41 318 517 198 637 389 589 711 472 620 575 245 227 251 506];
duration_s_min=[88 65 86 116 118 119 116 81 107 119 119 87 93 110 107 113 90 63 75 79 65 65 64 100 119 112 66 101 75 69 65 79 120 96 116 92 77 75 70 104 103 100 60 104 88 105 110 114 112 64 74 103 116 114 108 79 111 89 110 95 95 118 114 115 94 94 100 104 76 76];
duration_s_km=[51 45 41 33 49 44 52 40 46 44 53 42 42 39 59 42 36 34 46 57 58 57 46 31 30 50 31 60 49 53 49 51 56 39 37 32 50 56 37 53 58 58 53 58 43 51 59 38 51 37 58 49 59 42 56 45 39 45 47 56 46 47 58 43 58 52 44 32 34 37];
num_passangers=[85 87 31 48 67 90 28 95 99 78 75 53 46 74 54 43 80 28 20 42 53 42 80 84 45 64 54 58 38 56 28 58 21 44 70 33 60 94 50 89 59 65 97 43 75 36 57 63 49 76 72 68 82 56 22 57 22 38 89 59 39 66 89 35 66 93 45 58 33 92];
BM=250;
CBM=0.500000;
CEM=0.800000;    