nBuses=64;
max_busses=61;
cap_B=[138 72 41 78 134 82 117 57 69 35 67 51 124 60 110 114 76 112 48 66 73 94 117 100 26 33 63 103 130 23 108 32 54 111 130 37 129 99 57 100 65 88 115 32 31 79 24 77 58 116 80 58 42 124 82 67 44 135 43 119 67 50 81 57];
euros_min_B=[7.559128426358336 14.002046930755679 8.108381417291223 8.47518805292416 4.2203685719637 9.260877558698276 12.815490885840054 11.772752222364884 1.3184881913192104 5.3627706441084895 11.292664277036828 14.668741418700364 7.243996209679832 1.0250242523065123 5.80479529555314 13.137973982270395 11.37555358362689 7.295108901224531 2.6804615092227593 7.220176111477873 2.0807953323942816 11.987301643278558 4.323712150705886 1.4130250588088384 14.063062444676872 8.896233414019596 13.878547506756568 5.302134984069899 1.6955291864138615 11.955204548938578 7.8507244502695634 3.2487382222461516 11.153529978260575 5.192183932493007 13.959643945772923 3.809755329291268 9.526340414019522 1.5736397633431738 7.923503726978436 1.6299263928015764 4.864139699946554 13.12074388299406 10.818846991868973 12.570391494997999 5.543310440333605 13.686662937422222 10.101308120525907 9.197357315346359 10.323992672408545 1.02092397161149 8.304890883822967 14.061557352179538 14.27465218154096 14.283045369740389 6.149309736720644 11.516502983011527 1.5736833134558132 13.825262874124215 2.696074347935905 7.548255903652066 2.0324815940081575 5.869025039365916 9.371244228887624 2.262472702128467];
euros_km_B=[21.465155966881035 9.041897662226264 16.735286291851303 27.051921780882708 6.12231419625305 23.648912627229432 20.281790912424263 9.870998742008704 18.604099784091513 2.152731085761109 4.994043710976442 3.4586661081057777 8.189885777162935 25.906411777956606 19.7058348355327 27.387671536457216 26.32799007619616 4.679898559469087 20.544674833646425 7.522651658241556 15.598594302282507 10.824926267624052 5.285920551980896 5.142359796232264 17.438621572128916 1.7421114800508735 3.2114836891572995 29.794307274943986 8.39867342051823 8.236024267374248 26.62940581030825 3.092478722017815 14.855052197433716 5.719261811588755 17.55089368808265 10.687213463617939 18.698433450015678 5.592533969371674 6.829472287857918 22.07818875401388 19.072371480182685 3.8379077550985454 2.637082437265637 26.948320236030796 21.86626218604004 22.963046140510343 14.33727641761655 26.296194080426968 1.3905469836588054 8.731184494475729 24.691909038396417 19.960102882295015 15.513740052849373 21.392993775296798 23.345804796903707 22.19888250623734 26.5414027398929 25.503092748104812 27.995594306645025 6.884375954662585 28.25012812263413 13.85320402990651 12.963214321577684 13.35111456867204];


nDrivers=63;
max_D=[224 138 120 177 175 154 174 194 175 127 164 174 150 224 135 226 213 184 166 236 180 167 200 228 198 233 192 129 210 141 126 201 210 165 217 229 137 177 231 144 163 220 151 214 157 212 153 229 218 157 204 187 222 229 184 231 127 175 177 237 215 143 144];
        

nServices=65;
S_starting_time=[416 619 615 95 1 2 712 614 254 300 301 374 457 681 321 677 297 208 258 490 686 438 624 428 64 695 46 552 401 581 126 4 222 105 316 261 51 319 193 114 240 290 637 375 460 99 1 323 677 648 720 489 274 347 82 659 43 180 265 5 499 29 74 275 30];
duration_s_min=[110 88 74 62 111 91 68 120 71 64 68 80 89 99 67 79 93 66 95 87 110 77 83 99 102 94 119 111 70 101 101 111 103 61 110 80 73 119 75 90 104 80 118 97 61 60 64 77 90 96 90 94 65 119 68 104 74 73 90 62 110 116 78 106 92];
duration_s_km=[52 36 39 34 49 49 51 39 32 47 33 46 42 38 56 56 56 37 49 34 48 33 34 49 35 30 44 39 41 34 59 54 43 35 43 44 45 41 58 60 51 48 43 41 53 51 48 42 30 47 32 57 35 57 38 45 57 49 50 38 50 47 56 50 35];
num_passangers=[60 62 59 100 51 94 59 81 37 78 84 20 78 38 30 84 24 87 45 82 59 81 78 52 51 41 50 90 93 73 46 48 37 20 69 53 63 88 32 22 39 41 66 71 56 34 71 32 44 83 85 62 76 98 60 30 51 93 71 95 96 60 59 22 53];
BM=250;
CBM=0.500000;
CEM=0.800000;    