nBuses=57;
max_busses=51;
cap_B=[50 53 103 105 96 119 120 128 68 38 123 114 65 138 23 97 68 83 77 90 99 102 138 127 93 120 109 79 102 131 33 47 39 121 131 104 117 31 52 114 98 94 130 125 133 73 113 97 26 42 63 110 62 96 108 120 96];
euros_min_B=[7.915469263869038 12.84529568644689 1.3812945936664163 2.3152469299614156 11.652363163687173 1.0349321814463652 12.312664343341591 3.2043043338884627 12.632027621716123 11.17409710426565 4.006931481174923 11.600070931625682 3.3309352504157212 1.3965308807486405 8.77789430461917 12.418041675341861 8.581582244319891 7.699485633976847 9.49362685616765 1.282980373603342 5.292220829402486 12.41523200491398 6.919536290253587 6.629756235203255 5.6400529762115355 1.7354752631999069 3.702871952437465 3.6497675033555272 14.686244100207778 2.027888939443943 8.801913698205139 14.256496270756076 5.502744344739538 5.5346699028402675 8.10272349028899 7.966098405373994 11.15504455141403 11.985787017564524 5.278674101502389 10.708925414890713 11.674801513989966 9.742868592509572 8.995964589310972 14.835217418487966 11.558815134399406 9.14259471530727 3.527614866730452 6.553124328752965 11.444927388298716 10.91351193451004 1.9542223347536747 2.6359467914637893 5.765246395150126 1.9771469559725185 3.8191436297774386 8.117838447485317 8.439545622881093];
euros_km_B=[18.76613416075259 26.020954051162263 6.5279666260024305 21.54716931304496 13.465209305675039 27.944145193938628 29.172130162298153 25.455559660607996 28.193924020896713 1.382296366458279 29.268757821898962 3.7334175444221085 29.563970350931566 15.257284008275496 15.523572865357021 3.240086125677071 13.064889842251523 13.112031755045994 20.32868831609998 3.3277321634518398 1.3660428897103896 29.096375933764712 2.9393059606225833 4.153980806220649 3.125258889615054 29.094836391980323 4.29221104560425 6.092769172187045 19.823958090524098 21.496329393024695 23.340548190097152 1.7915490780501462 20.540412192666153 26.94641702271893 26.164086046878307 17.468488397221865 6.087520998080152 25.53577769935423 3.45898298896455 26.849710172235728 4.831776819908834 23.71825082955593 28.33852176534252 6.476353555464238 20.82370712699012 18.86976060584138 15.955654239252674 24.59733616189536 17.40813698914372 21.92487982182477 28.91710704334931 27.090592276963076 22.134773509834137 1.8416425856221628 4.904356562717807 3.815909881052037 4.911618076694225];


nDrivers=55;
max_D=[207 157 170 207 198 124 143 142 199 215 212 237 154 153 235 192 172 181 218 179 156 186 216 162 129 146 211 237 131 159 206 235 236 160 131 175 187 151 170 228 213 127 143 137 132 188 145 153 150 221 173 125 154 121 132];
        

nServices=62;
S_starting_time=[467 419 446 95 187 43 70 132 411 111 183 455 342 242 614 389 275 528 238 339 583 383 656 285 140 475 610 117 221 263 214 350 314 537 297 191 651 462 509 674 186 665 519 425 400 673 452 459 22 103 394 128 442 225 486 644 524 38 406 272 368 666];
duration_s_min=[113 67 96 108 87 116 113 83 71 109 80 70 90 103 85 77 114 110 83 112 102 84 84 101 73 110 70 116 102 60 89 118 118 75 64 102 102 114 86 72 82 106 105 90 101 98 78 94 69 63 101 115 120 108 80 83 74 65 104 84 67 71];
duration_s_km=[31 55 50 31 38 49 58 46 35 32 56 60 46 43 49 42 33 50 43 37 34 41 55 52 44 59 46 37 58 57 33 45 51 56 60 35 38 59 43 31 46 34 54 54 52 46 34 57 36 37 31 36 47 37 58 48 42 34 47 44 33 45];
num_passangers=[65 23 87 74 96 48 66 39 35 39 20 25 87 88 40 82 87 84 76 21 95 90 97 29 58 99 24 23 91 48 41 42 61 72 96 85 57 50 62 60 74 61 98 37 48 97 43 52 36 53 54 39 60 49 58 47 90 37 76 48 69 99];
BM=250;
CBM=0.500000;
CEM=0.800000;    