nBuses=35;
max_busses=28;
cap_B=[52 107 20 96 58 87 78 105 126 37 83 25 76 120 128 21 63 35 117 103 54 52 78 97 97 55 109 31 108 94 90 102 103 42 33];
euros_min_B=[13.404229337065615 14.534317435266585 4.947769641801986 12.048113248134163 6.488194952015606 12.061173071570927 4.116697526526757 2.8336992626016553 6.425640381559499 11.631127535856129 8.316984956879882 11.117227481388248 3.0109552269210402 4.368990419378943 4.6145875068182445 14.996917024510056 5.592612753362153 10.057498571218062 10.668185719984843 12.62642063539389 1.7088908408131487 1.526892802557664 1.5589663216061351 10.49044491506537 1.6137387327430959 10.45818037001023 10.091890831425086 3.9425718675565395 4.8222480863745965 3.2230375225065453 11.81918763059701 6.584904619951512 7.238584479837401 6.906196232753657 1.667264465423677];
euros_km_B=[5.209344464006122 25.74702809520801 2.364299895318001 29.0878423736123 2.9286913343669623 26.339821491315103 29.022832694501204 25.652211068157364 15.117170102998559 3.6352629677973836 13.245945032529823 21.532065598298953 27.922356673904908 18.551313702779613 27.134481326656648 15.283146477205497 14.69160893496235 24.115147083958323 12.52322599925706 12.94009732403226 26.786703919829826 27.469666283207545 18.88518668415379 7.5462823199304205 20.938921859174464 8.691696008800143 18.6792186518962 1.8895261170361106 26.912779836440745 22.156842190844465 17.949663318383255 24.015763869051515 1.5674813172081659 6.075564784096916 8.508083368992699];


nDrivers=32;
max_D=[224 124 210 141 193 212 238 191 228 182 163 162 121 219 239 184 209 177 127 229 185 182 220 167 211 199 206 219 206 186 212 192];
        

nServices=38;
S_starting_time=[248 704 49 409 488 214 245 677 566 641 229 195 338 119 141 239 184 552 130 461 679 681 324 571 519 603 160 676 104 214 425 390 241 534 531 260 312 222];
duration_s_min=[98 80 80 89 106 68 107 113 96 83 105 98 93 79 63 82 70 80 119 114 117 85 80 70 83 85 105 76 78 110 81 66 92 119 70 93 69 64];
duration_s_km=[42 57 36 58 60 47 52 42 32 39 33 59 47 57 46 56 40 54 35 46 59 34 46 41 40 47 47 41 60 47 54 32 55 48 40 37 33 55];
num_passangers=[67 49 79 90 88 71 100 29 93 28 63 68 50 81 94 47 21 46 92 46 91 35 86 62 76 96 51 45 61 47 59 57 94 89 54 54 51 64];
BM=250;
CBM=0.500000;
CEM=0.800000;    