nBuses=64;
max_busses=57;
cap_B=[64 72 76 35 32 106 37 120 103 135 47 109 99 54 126 99 31 92 98 53 45 43 118 113 46 135 135 52 137 134 131 101 50 78 79 45 27 31 86 56 64 36 35 94 136 64 43 27 30 45 130 87 76 104 54 78 70 70 93 67 49 119 118 126];
euros_min_B=[4.84511738953833 1.1958043753934038 1.6320580235107809 2.2907785549997417 11.57825726064759 3.7738989046135267 3.114571375428958 2.504507863466787 13.15326914999157 9.500066926599839 11.083906310543977 12.188562441899128 14.58364927655666 9.51256400132432 1.170572293008981 1.232801992483056 6.019828990481983 1.8027759070485987 10.10295356202298 6.84719476453328 5.917205138245346 4.758148671409355 11.844633034971393 2.0859668345829574 1.9359773078739437 1.4652571098601197 1.3560738512431165 1.4834887862232327 12.44545169400251 1.6831125471800004 5.328918360931153 9.61263406644846 13.160460118317822 2.4539148854883464 4.844524410146769 12.476475538253387 7.292309171261109 3.558733723206309 8.926452001357681 7.475137992164386 2.1585361784432573 7.0336852198174675 11.664490198103863 7.704120325638106 2.446820744922113 10.783734469818885 7.226537583558848 6.882296149971371 8.170829203932627 10.363480974183013 11.56512673381603 4.261372032043695 14.629576933274844 12.00700350144351 14.24945179426277 10.229172135099322 10.594078130774472 1.3142056543929495 9.262195450742011 3.8459524227558513 9.514286575729837 3.524412233683787 7.822716248152448 12.799417564598107];
euros_km_B=[27.841905940951218 6.4455376935164885 25.61336814055166 17.574805155048246 18.652380315691822 12.756676290003632 23.502152046227376 2.684619922897909 10.986415211191503 11.594194341034845 15.785294069844513 1.815923675600518 1.848222104949348 24.475606395814133 29.749221151339285 21.31667685348488 20.021873017911602 15.363269218010654 13.573356833435263 1.798462160065784 22.935281483935203 3.350150924149014 8.646719397457963 28.897284469332366 13.46438133125677 16.784573181058402 23.380794190786535 2.046595461241583 11.141937797770412 26.376582451697768 17.477128572891804 2.550391712783308 20.753749058338805 24.925299587097804 29.643445230544813 13.6145680714101 28.5313666854817 18.41713014804392 3.559002964297429 15.035058541198646 3.649401183712305 24.11733892993076 18.433971230038917 11.582657461982027 16.967023243296666 4.898617599920625 13.619263071097487 20.66254823258591 10.950515171386687 7.040062406315458 4.015242304914925 17.021682251881817 18.391684952157085 7.976173818442607 19.027445068520787 18.64750639108184 12.987570539679965 29.35423409842353 17.840754418189242 3.006680950721032 17.33051724358699 24.819363894210614 29.663903565107855 1.053882831058619];


nDrivers=63;
max_D=[203 234 189 166 237 206 137 145 221 124 150 181 125 136 166 238 139 181 223 204 238 199 199 121 195 139 178 156 235 211 234 157 223 214 150 197 140 195 194 155 161 229 230 123 141 192 155 240 187 121 206 193 120 125 184 211 180 200 220 140 199 166 141];
        

nServices=67;
S_starting_time=[659 570 374 373 328 85 438 670 245 365 256 612 245 112 711 537 335 34 579 325 165 336 714 368 36 316 66 361 428 260 622 154 53 246 625 2 252 659 629 205 320 482 126 460 702 654 658 200 65 501 218 428 688 75 315 540 465 411 322 453 345 553 324 332 518 665 714];
duration_s_min=[82 97 64 75 74 101 90 104 79 91 68 97 61 83 97 73 93 103 73 120 85 93 77 87 94 102 73 113 81 111 83 102 120 111 65 76 85 113 95 99 115 75 103 77 113 69 72 102 81 82 110 61 95 77 118 113 71 80 69 81 90 74 92 104 104 93 68];
duration_s_km=[57 36 56 48 35 44 41 52 56 46 36 49 35 38 58 45 45 32 34 32 57 36 51 30 48 56 39 56 57 31 32 46 43 60 45 60 42 31 37 41 53 32 31 57 46 32 33 56 52 35 54 31 59 59 44 42 56 42 60 31 55 42 31 39 46 34 32];
num_passangers=[59 100 64 27 62 68 82 51 84 37 68 72 33 70 24 76 70 71 93 36 44 61 25 82 94 25 49 82 78 32 87 84 78 36 84 82 91 40 76 23 62 43 49 48 77 61 45 48 24 84 57 98 32 25 50 67 91 47 28 46 68 35 22 92 23 21 49];
BM=250;
CBM=0.500000;
CEM=0.800000;    