nBuses=31;
max_busses=23;
cap_B=[33 102 89 51 124 28 114 128 63 92 114 80 41 98 20 51 32 90 22 64 58 64 123 115 27 121 45 122 74 111 87];
euros_min_B=[11.221008980019192 10.913833932560726 9.756983301801771 2.2687829473965833 4.0874527232939375 4.073809451744763 1.0859456014706066 4.217230047133317 11.117987126348497 14.578440044529831 5.04118273752575 11.55640008626266 1.355571503660015 11.075955791808934 10.195233838457876 2.9418238660474927 10.676834414731768 12.468640378460037 5.9908383099865485 7.286203186102874 9.165765714381065 13.614085248080219 14.168803695414322 14.867200787911642 8.909018338206032 13.552986125552902 11.46130808689371 12.425870079562698 4.839112419223624 8.238592605665644 14.958767718821658];
euros_km_B=[17.268356446691296 24.881096650692246 5.767193801548582 16.76972555948262 16.427277756329246 1.943125627650077 23.832701001500485 5.824414297389481 12.244034295258 9.930975683822137 23.884699147802472 9.706676525330373 13.404003675310713 22.97993485396442 22.968597788374964 20.48994210033625 18.631431798273535 10.690358342316088 18.765694725956795 1.5816748652830968 24.747982030514056 6.166907473399158 21.426835546746755 25.111594732618197 12.058702166171384 6.375485607015657 23.592143117378118 22.414117100435092 15.39024534522716 20.137664325086877 24.62587350552293];


nDrivers=30;
max_D=[197 130 218 124 185 236 203 209 186 205 161 123 191 161 141 140 211 240 150 158 131 234 221 132 135 180 228 211 126 125];
        

nServices=32;
S_starting_time=[331 405 532 344 613 484 584 232 357 228 24 557 230 229 642 123 140 11 171 352 435 275 347 329 87 266 326 368 601 154 680 187];
duration_s_min=[98 115 80 108 60 85 96 80 117 94 86 82 80 66 114 116 87 94 105 86 95 86 72 118 112 89 60 97 76 64 75 62];
duration_s_km=[35 56 57 57 37 45 54 48 55 60 34 57 43 45 34 49 56 38 34 42 49 44 58 33 56 36 44 51 56 49 57 55];
num_passangers=[58 55 22 79 26 81 49 80 62 83 79 71 79 100 64 90 57 59 71 55 89 48 73 24 47 57 72 35 92 98 89 73];
BM=250;
CBM=0.500000;
CEM=0.800000;    