nBuses=63;
max_busses=60;
cap_B=[77 111 22 77 29 104 79 104 61 129 27 106 127 28 120 135 33 115 50 24 87 73 50 114 37 98 35 138 107 82 118 30 79 104 133 33 130 72 91 76 61 24 106 112 81 34 127 38 27 129 45 21 137 139 54 129 38 58 40 60 131 86 93];
euros_min_B=[9.56086092990142 7.767704429951705 1.4084472644933208 4.5072724378512135 14.114319732627623 6.467420570702203 4.781113287243017 9.484467340811964 8.016607123963432 8.163970257900953 12.230508431286783 5.252838194488882 4.882481194997074 9.790067175836715 2.250206753394683 5.379205406650909 10.638644221738215 7.174114803231861 14.690589161600311 3.644185702452396 8.344449500190535 11.575935929674264 8.493719775873855 8.405154777340572 7.5231754996514075 5.00787049706425 3.3569211071518525 12.04106714832901 1.3030063918248915 10.60691732806669 14.88783273564554 12.048736015142705 5.508375746353442 6.36584138901186 2.9435083902397396 3.5756741188825223 12.7488235696507 13.149575082772497 12.5512141717364 11.67387785313787 14.034793968792494 10.112668971545265 13.46367974992314 11.404151447916023 6.987986380736623 6.22286938624742 9.56879408126907 4.78793883596365 6.710391156540045 6.137362597151275 12.918223167222529 13.905779036306216 4.793397169199645 7.853428423585256 4.471407129184984 1.3279852339768743 8.628521524392657 8.721717573986254 9.321841796814795 12.275898647618426 7.4147160812707575 5.1949958955831 1.2974089052595474];
euros_km_B=[16.027798431730563 14.671044210053447 13.329025238271372 25.77609500027564 18.37770418193833 20.1144681893514 27.77327329498869 18.842647481828795 8.933167460524725 11.017124266044755 14.363923868423626 10.101201133197268 10.791803318088427 5.563455458513703 7.531572459643884 19.328332822875048 23.821006477019107 12.886017117241174 9.932178603286326 17.484121262200887 22.552459807572962 2.2899915723166586 15.815535086463004 9.024251502305306 18.92430307908818 6.408629436768028 21.778219166896854 10.493307760088397 25.325516790054895 6.977320356594353 5.61900757161435 8.607075051538882 15.65959245855403 1.3280753587596332 17.41053218729106 26.551015473074493 1.87068465506169 25.53066394044483 12.787197714479323 6.108315063944482 19.900048508608013 25.12105778014431 6.345022038979252 3.6465006573987337 25.775063795113944 16.386160079930935 13.29170082390297 5.147894521508287 11.896411786503306 28.856913300757356 12.776692753967495 25.822462680638957 22.018904956209465 1.1716688997579996 25.99391075583156 19.18928964085157 6.041447615933723 10.772354653677787 16.2995990173411 26.228482409945567 20.56844241311362 15.290272294272627 5.755068262749468];


nDrivers=63;
max_D=[233 198 179 164 160 129 209 182 184 161 199 182 187 238 208 124 144 216 156 182 228 199 144 198 236 190 189 204 231 230 164 168 205 212 181 196 217 195 143 199 228 212 140 128 167 240 165 131 217 178 234 153 237 138 167 209 133 131 200 175 145 181 120];
        

nServices=70;
S_starting_time=[64 2 254 657 46 300 556 241 692 1 556 697 643 23 497 641 126 457 276 548 671 491 615 113 62 555 594 506 541 641 549 308 183 256 668 150 504 314 446 455 159 43 592 637 530 395 515 19 346 687 717 311 551 219 719 82 649 609 710 295 281 354 22 444 529 344 436 32 162 424];
duration_s_min=[83 69 106 88 76 74 69 82 98 106 111 83 99 76 61 67 106 65 68 64 90 73 72 77 84 68 113 63 67 114 88 117 103 74 65 74 89 93 91 108 72 63 106 84 120 79 64 69 113 102 101 88 65 76 73 108 100 71 62 105 79 68 88 99 120 91 106 86 115 79];
duration_s_km=[59 39 54 42 40 33 60 31 53 55 38 59 43 49 42 35 56 35 32 32 43 57 36 33 40 46 57 31 56 37 31 42 54 52 36 49 33 52 44 41 49 56 50 47 40 46 44 57 50 32 57 52 32 31 60 42 54 55 56 32 54 31 50 30 41 39 50 35 54 57];
num_passangers=[69 28 81 27 67 99 87 29 49 53 23 81 66 58 94 39 92 24 34 26 82 60 65 34 86 59 34 40 72 27 20 98 25 94 72 72 60 83 75 91 84 87 86 45 82 37 97 53 41 24 72 54 67 50 75 52 42 69 49 71 82 65 49 56 66 56 79 66 60 65];
BM=250;
CBM=0.500000;
CEM=0.800000;    