nBuses=21;
max_busses=20;
cap_B=[101 114 35 52 77 116 137 20 64 118 132 42 81 64 78 72 22 85 98 105 105];
euros_min_B=[7.400961155978697 13.43559786409387 3.0736498367817973 12.225072795670497 11.499669663551655 2.6274304866133935 1.5929445923957277 11.783383458556068 13.713119498585101 4.364267657400519 2.99802328690164 8.870971659731046 9.619547372344869 1.2836301632986047 1.5026390405042487 11.949597055617248 9.772130918433241 8.342611104878657 3.4829358520880946 8.53948760087989 4.749655907477724];
euros_km_B=[15.222500456526694 29.398240186304374 11.727585185734512 2.785146808993268 3.989244760561604 29.79063756325974 15.815777681947498 28.050299898027582 25.813176546751567 16.86416214995941 12.011921050955703 16.345294874889802 23.378124149753624 29.665932082095463 19.229618294551592 14.436706711528723 13.36481266949059 26.223374508004028 17.822990409471494 28.078929623976006 8.046482454866704];


nDrivers=22;
max_D=[208 120 146 195 164 183 141 224 151 151 208 180 236 227 198 168 200 191 219 188 233 208];
        

nServices=25;
S_starting_time=[494 293 220 255 713 8 594 220 707 265 307 423 666 521 387 233 162 424 330 460 181 582 28 83 81];
duration_s_min=[85 75 95 72 62 96 91 95 113 90 97 73 108 87 115 114 105 84 110 119 66 115 70 115 114];
duration_s_km=[59 54 45 45 30 46 47 37 37 44 39 57 56 36 52 56 56 46 56 33 46 57 49 39 48];
num_passangers=[91 41 38 73 82 100 81 52 63 74 41 72 38 46 28 36 40 53 74 26 78 39 21 44 24];
BM=250;
CBM=0.500000;
CEM=0.800000;    