nBuses=40;
max_busses=31;
cap_B=[92 34 32 57 87 24 86 88 43 107 68 92 124 97 63 36 50 126 54 118 132 123 122 127 92 127 99 108 45 49 27 75 28 126 71 97 104 86 97 132];
euros_min_B=[6.281893601354296 9.306935444263019 11.401816808884655 6.27403769817242 7.630568772000318 3.810974361923062 6.8887556239503995 6.587172531797213 5.988787762532224 4.095419361884745 6.541230153685562 10.330776902922425 13.073296432829618 7.733154679323302 4.243288956411925 6.355979235460861 7.943759282271481 12.904815387098404 11.363845426317376 13.098868038452022 4.486925522488882 13.621127049975275 8.824474463114598 1.0776994634232393 4.807009283699846 8.214117351176784 14.321409698640931 1.667634042052892 1.1382351070394416 10.62116079331982 7.729300679320412 13.139505848463065 4.787864481597354 2.6191562958921653 5.721450910176072 2.0520721138009117 7.805192204277839 4.009505512809478 13.44437227319667 14.459787212890154];
euros_km_B=[10.329759805077778 15.686762336372698 23.730855327645774 11.400818120088537 19.82155048986035 15.460845139005535 21.11784589988951 17.120892400646813 5.5290563629822005 10.126990085968881 13.36106879790605 26.566504948629973 19.325152729719267 22.122521893750868 1.3707505379676355 14.128544824380466 2.880039572586968 4.548067688318895 22.447585236675124 20.088519801425406 24.95205610984538 18.131403231450108 26.04164275806669 18.217688093013653 14.926864211243403 25.312472748077926 12.229937658025172 9.96548020788009 15.845162217044656 20.287736381557988 16.159142163486628 8.266657151287259 27.30814734967272 27.041300548324855 11.304848082983835 10.971713666285794 25.05210811206167 10.893475176404932 28.659121866194305 27.895131311001496];


nDrivers=45;
max_D=[166 192 131 157 226 210 227 158 164 156 218 229 163 131 152 189 173 163 160 195 147 192 239 228 166 161 170 123 135 237 203 237 200 231 177 216 163 192 125 151 146 201 164 140 139];
        

nServices=46;
S_starting_time=[61 429 285 650 640 93 600 647 663 575 448 495 417 265 299 706 582 169 1 463 29 432 433 371 697 483 446 316 230 192 428 94 18 364 299 620 36 537 508 570 483 34 592 427 199 578];
duration_s_min=[115 88 96 61 69 108 99 65 82 77 117 113 62 110 110 101 112 107 93 80 63 88 111 103 75 63 65 84 95 75 79 62 84 110 72 119 116 96 97 115 111 108 60 94 75 68];
duration_s_km=[30 55 50 44 58 51 49 33 48 31 38 38 39 55 51 55 35 39 50 44 46 46 47 32 48 48 58 41 41 46 50 49 43 55 56 47 51 58 50 47 43 37 48 45 54 50];
num_passangers=[99 71 39 50 44 31 73 44 64 62 77 94 68 22 84 39 47 86 75 97 33 75 33 83 38 49 26 63 94 65 50 56 72 71 58 58 34 39 98 68 62 33 87 35 85 94];
BM=250;
CBM=0.500000;
CEM=0.800000;    