nBuses=21;
max_busses=10;
cap_B=[66 123 61 115 93 40 121 52 54 104 25 115 112 135 108 46 90 60 91 83 96];
euros_min_B=[9.19192410332093 11.031740941505415 3.603500095635855 2.0027162861968035 10.04181306474399 3.377221790749135 9.197495182724742 8.319480342519588 2.942360263502951 4.1453756636098005 7.89780448493309 1.436424480708128 6.407812354847769 13.771138552524349 11.581404591039208 11.901529726762957 10.697061613011304 4.018164112221822 4.571883114974483 4.287108461261476 14.924358483466607];
euros_km_B=[15.299450659446094 12.608938692407133 5.468701327854346 25.71991149143707 18.590098768265108 17.23426533765611 22.298162345712214 5.319455033998573 16.441534695103044 24.84955131797652 14.911864192838955 21.61729083401837 5.079946113640336 18.09092481211099 23.261083466699553 14.060687648971523 8.645485963451915 10.910608997773613 10.457003268259186 22.858112546198516 27.898021845025326];


nDrivers=19;
max_D=[121 190 201 190 152 121 213 145 163 168 179 130 167 148 148 125 141 135 144];
        

nServices=22;
S_starting_time=[613 237 563 159 75 642 482 203 521 35 210 633 334 498 220 432 231 540 710 347 503 36];
duration_s_min=[70 72 60 109 62 80 78 110 113 100 117 67 101 111 87 97 73 108 106 83 68 91];
duration_s_km=[38 45 38 53 35 59 40 31 47 32 38 60 40 34 54 45 48 51 49 52 56 31];
num_passangers=[22 39 91 58 29 96 73 56 98 52 51 97 71 42 28 55 69 60 71 88 27 73];
BM=250;
CBM=0.500000;
CEM=0.800000;    