nBuses=42;
max_busses=40;
cap_B=[127 114 39 106 35 69 47 94 112 59 107 56 22 26 135 76 50 100 73 66 118 103 140 135 128 39 104 94 45 77 107 118 28 82 119 125 122 130 100 41 55 109];
euros_min_B=[10.309839150303915 4.213478244762522 2.3343259987892666 1.194031062816893 9.255784307747785 11.706217621573337 14.936178165881888 14.405521098166727 13.539278147843264 10.000902959595786 2.87808380097072 7.92269669019885 10.445948108806824 5.097897879402264 13.106860176232514 13.020233792802266 9.157812088195515 13.545996949183618 4.075469181864315 13.567065667528151 1.49147818557691 3.227487386352858 12.308735955362248 5.638936913011211 10.63652895626419 1.895478451532509 2.7915381174169562 2.7029048746036475 5.143558414620686 4.222919567907421 12.587793954949 12.946682969743733 5.781552534426077 6.764666206770475 2.2598667397089667 12.767247968204321 14.03889217055994 8.729111291563141 14.279102632334633 8.180118591862563 6.46731028579284 11.728952923840144];
euros_km_B=[19.670850525182523 22.867745153277824 5.220024874283187 13.844096198643403 13.266758594313796 11.251800884401064 11.654763898984228 12.243756691416102 4.988297358529346 14.465284726710168 16.888236978726837 6.906074017294262 1.8960923683781756 16.21673331627051 21.831011616489583 4.090514596511767 6.406697940575581 22.486696557143322 8.943034788989959 9.623627319205113 23.349311708242617 25.07867769814695 11.84864274342174 2.485268862044181 5.7641961309395535 3.120800871591417 27.025455140813214 16.05711934336507 6.31183616046573 15.468301682206198 11.429765064207428 9.023733678484492 25.945526967095116 18.083743782962074 10.826626502726542 3.800671454015359 4.879349287050371 17.84885007017761 20.209548655026293 1.7061432441212458 14.598436564092983 18.70510248123477];


nDrivers=40;
max_D=[157 168 183 120 173 225 225 212 122 237 233 205 230 153 225 121 156 202 194 217 166 205 233 198 234 142 224 152 123 211 235 226 172 198 214 230 162 239 193 146];
        

nServices=47;
S_starting_time=[543 404 110 164 711 194 548 346 676 556 140 647 704 694 63 661 315 157 214 197 575 311 255 25 603 525 185 29 184 254 376 187 598 465 6 43 583 39 167 127 697 524 130 130 282 1 121];
duration_s_min=[114 86 73 115 60 61 97 97 73 112 75 94 113 103 114 101 96 106 110 119 109 83 102 62 111 73 85 60 81 92 60 68 70 75 64 67 66 96 116 84 69 75 65 65 66 94 60];
duration_s_km=[58 46 50 32 43 34 48 54 44 60 47 53 38 38 47 43 47 30 56 45 57 53 51 60 42 42 38 46 54 48 37 57 58 48 38 33 54 32 37 58 59 32 30 57 41 35 42];
num_passangers=[37 83 68 54 84 34 27 77 74 49 30 75 67 96 45 21 28 54 52 50 90 20 28 35 100 88 94 79 75 89 95 58 37 21 58 65 69 92 83 74 22 74 98 28 55 85 81];
BM=250;
CBM=0.500000;
CEM=0.800000;    