nBuses=48;
max_busses=49;
cap_B=[105 57 78 24 26 113 27 30 100 33 114 132 68 85 119 25 101 28 79 88 129 50 134 136 47 140 59 36 55 93 121 74 51 91 90 47 52 42 29 66 127 73 63 59 110 116 52 126];
euros_min_B=[13.982999179832662 9.724254888359459 8.414726520861732 12.572882690483631 2.220363601037785 11.849386144376247 5.982360320222925 2.8660991968081264 11.987283855692489 12.194122996463216 11.143408760218886 10.067313439493322 7.838377440641885 11.734796411506812 12.138524301162754 4.881183636405261 5.549697508092854 9.650690409642113 13.552397360100327 3.6046037583871184 3.7206398798531115 6.620499996554814 3.2980656928552667 3.441885462232432 10.988587116145979 5.728992814177131 11.21421258214368 10.530564009183026 13.502320284850772 1.5975121154997145 10.539542555529389 12.800898792795056 2.638691732293145 12.09940496243936 6.256588849862204 11.029158702910339 12.094403656219617 3.013184042422392 11.49094724035011 8.294748991208152 12.189277654503261 11.661631262527 7.61159817180065 3.4924869951093713 9.78771353557509 2.358213511390561 12.229848016774495 5.128974203415481];
euros_km_B=[14.69229959444357 4.543517894367019 19.609952482536375 26.269273448980623 2.5118044439038454 24.270762020234802 26.107501328811914 12.389574458421677 21.13049107057088 21.20465361151876 8.524810521610224 27.749459393230463 19.921745122773014 14.088307580207996 14.681590501494252 8.883981403627937 14.14782957492731 18.761111206994084 16.51945190851393 9.596377135822651 1.9220759033979191 10.648120432403596 26.498219290138454 3.571038269890175 5.126030811584156 17.566441767081866 7.164183392634863 26.101776889864976 3.4731901945205803 23.674594185170427 16.8133624758886 15.28461879591064 8.512997854365317 27.95366907030026 28.196885204526062 24.785960274533668 13.752370541754201 4.046026513100658 24.129488161136972 6.579860908470811 2.644228233257323 29.66483711313488 6.506832962440289 11.66593611571586 28.554023158201854 20.693615451046348 20.224965123261477 7.247028598150148];


nDrivers=47;
max_D=[155 122 168 122 121 190 238 181 209 205 171 240 182 164 193 205 203 219 141 197 178 182 214 152 199 228 147 239 127 189 164 121 229 223 131 175 198 172 124 191 127 194 188 123 232 239 176];
        

nServices=52;
S_starting_time=[401 342 132 66 558 566 132 249 420 718 338 580 488 712 232 389 125 83 623 491 328 296 42 414 158 663 61 446 529 524 90 605 254 283 336 296 230 309 364 343 68 325 447 716 148 506 430 211 118 266 184 400];
duration_s_min=[76 73 82 92 79 83 90 116 94 96 97 91 74 83 70 72 93 72 86 75 68 61 67 72 105 73 94 114 69 98 65 84 93 115 95 77 101 95 72 95 71 116 117 98 102 90 101 63 85 68 65 107];
duration_s_km=[43 41 36 44 59 37 39 58 52 59 57 36 31 51 60 38 46 45 46 33 37 46 55 46 46 36 47 60 48 60 40 52 44 39 53 42 37 31 30 30 31 32 31 32 55 30 53 57 36 43 37 31];
num_passangers=[48 45 41 41 52 56 78 44 65 90 26 63 72 54 74 100 58 71 95 86 29 49 74 39 44 38 21 39 89 67 31 46 91 72 70 98 98 51 30 68 67 72 87 49 86 35 63 49 93 78 36 22];
BM=250;
CBM=0.500000;
CEM=0.800000;    