nBuses=62;
max_busses=55;
cap_B=[66 21 51 81 106 92 28 126 67 48 121 72 50 128 39 26 78 97 117 125 89 102 22 64 69 50 58 24 109 132 118 79 55 120 69 63 106 123 107 40 130 85 70 92 56 90 128 111 60 41 89 84 44 123 67 130 99 27 39 44 27 56];
euros_min_B=[3.271353463348416 14.566533496174841 1.9608150374048634 13.921854795923679 1.6055293404479212 10.18042810708423 1.4541117543224822 6.759363936456839 6.7302056175974085 13.956371308703751 11.904195991133404 8.171115335627984 9.503803986572589 10.204540508515294 11.742380355035843 7.202340213599678 5.512365008730712 11.736515889404403 9.279240437037199 8.477506108588813 4.859874785928602 7.580670576782898 7.124029898591984 9.901561581983817 12.099607640969664 11.252146921300216 2.0691846495111177 2.0728452280288323 14.85576904992621 2.6994980274805203 9.795771341004984 5.600816707873694 3.7418324612485048 1.6911820079216464 11.759576342715775 14.293762951186466 13.985182970236835 11.342185622214497 10.551399880063077 1.632918697728106 10.98917019955358 2.3532104154462945 9.836833807825794 3.547390399778992 12.321717651016563 13.835946931531534 7.261096902305478 14.482465127388359 4.3728948140759005 11.132625631208015 14.382063116428661 7.569705339048786 1.8154603210973221 7.37072407136312 10.630269581428637 5.673965892969236 11.454648314334968 14.878543340488665 2.7608715346944748 2.9865558801793384 5.136551018094423 9.8007735732346];
euros_km_B=[10.080026000083604 7.208500323052407 18.203128740419142 27.671321369318626 28.41711994446681 12.195472258977444 18.718707001308417 5.532023835741938 20.39371281523313 16.071635517934098 11.354408517188153 23.30925543992923 14.224281050633389 18.646721533812464 15.580439051973018 2.903538907005732 9.744249916088947 13.247079957195988 27.55034890194225 18.948290517631058 27.49126560397076 20.733015894134795 15.103775049276077 14.361043496515741 6.59922682616827 10.599426367189215 21.469668700846732 8.681720029127343 10.388657156277043 25.31884866426381 11.5885711807956 9.39432028640113 5.887411896092926 11.792946874517652 14.673667973827435 19.574379220817082 9.018119862068744 8.075622737905158 24.862647155465044 17.781717966310108 9.956673553763691 8.427791318590643 23.34924600608225 13.520013922874822 14.16895951773105 3.651901204498257 6.6017045704883515 15.673158272692813 9.414288258623808 12.986453977540895 13.077123034155623 26.528028440303544 11.401696940242571 21.1023431440674 2.3480719736113236 29.22104330956589 9.107508485716902 2.2786470332106656 8.108025435422629 13.980914171773785 10.749164696148224 24.82405398291034];


nDrivers=62;
max_D=[231 194 222 132 193 196 190 205 179 226 208 232 160 176 177 221 173 162 122 138 188 209 125 157 194 197 155 163 218 223 230 184 144 128 160 143 231 126 171 135 217 193 198 191 190 162 228 231 130 194 238 175 169 171 219 206 212 197 171 150 145 186];
        

nServices=63;
S_starting_time=[607 398 287 12 482 84 617 392 650 670 319 352 286 59 374 505 695 37 276 457 252 698 530 518 111 469 514 149 441 91 225 46 658 456 147 471 317 215 319 225 290 620 525 715 489 250 235 363 622 592 392 128 27 337 381 77 637 177 521 425 405 180 265];
duration_s_min=[89 97 84 76 86 110 87 77 94 70 111 91 103 86 62 120 77 70 111 75 97 65 104 89 102 119 93 103 83 92 107 60 72 66 116 110 85 110 101 113 97 89 76 101 85 72 74 75 67 76 76 115 109 118 114 96 80 115 90 72 61 107 119];
duration_s_km=[44 55 59 37 47 37 31 55 45 37 53 59 41 51 35 34 30 42 36 40 32 59 53 35 31 50 48 57 30 30 43 50 33 47 30 34 31 59 51 50 46 57 56 58 54 40 39 53 42 52 53 36 33 50 30 39 52 43 31 60 53 33 45];
num_passangers=[71 40 69 23 85 24 41 28 71 74 34 55 95 67 85 59 100 24 33 43 87 66 36 46 93 66 69 67 88 41 30 70 48 60 83 56 30 20 65 27 91 23 71 43 31 60 66 49 67 93 24 39 54 43 37 53 99 78 72 27 49 90 68];
BM=250;
CBM=0.500000;
CEM=0.800000;    