nBuses=27;
max_busses=25;
cap_B=[69 74 28 74 94 83 64 82 115 133 106 107 42 61 37 39 133 82 62 37 113 124 100 100 35 88 43];
euros_min_B=[4.1007592864370785 12.594233850564683 8.101094516415845 14.087808393275289 6.726708535813986 1.3148702082340136 3.1493453137604632 14.83604392900213 8.989664933341416 3.6187645778517448 3.2622137939953664 8.860903912746931 7.615104617960115 2.7695252774355668 13.031894710974035 14.652289949363716 10.397565702422316 11.110050986261742 13.058022876122955 4.835185948431176 1.9334839512484168 1.0571619440563353 14.43144476198319 2.700790556433886 4.55483499453865 6.065021982232855 9.082414287736109];
euros_km_B=[6.215172160555297 17.021310782353403 12.211161825050414 19.750845657116166 6.535346492570054 9.850758669240285 1.3674711568470594 14.896071395891548 14.453992792108965 27.184421240231686 6.466315907201145 6.934339727138958 9.571874459347518 12.663086123229741 23.786356193957705 11.14317407843789 25.200163796819876 23.535956930861918 20.705630292826218 22.429921837164734 7.901337213260042 6.403168341403154 9.343047613629961 19.88635353563297 26.670860955170177 15.56614461105664 12.943750730392036];


nDrivers=25;
max_D=[213 141 155 232 171 197 234 177 184 163 167 192 135 128 183 174 227 228 145 168 132 147 229 165 136];
        

nServices=30;
S_starting_time=[530 636 42 643 55 425 11 350 351 122 638 400 288 415 508 215 390 714 549 570 336 29 133 11 508 542 556 484 695 304];
duration_s_min=[83 68 71 117 120 118 104 78 82 60 89 63 90 88 71 113 76 85 92 60 71 84 97 71 69 75 101 101 61 108];
duration_s_km=[44 43 38 55 49 54 31 39 53 34 38 45 43 37 33 40 35 59 56 40 49 44 41 60 31 35 34 46 57 60];
num_passangers=[87 24 54 67 87 39 80 65 55 76 75 55 84 30 38 64 69 98 94 99 40 92 54 37 63 53 21 37 57 31];
BM=250;
CBM=0.500000;
CEM=0.800000;    