nBuses=58;
max_busses=59;
cap_B=[83 85 26 138 55 84 64 62 79 67 31 63 31 59 94 128 62 90 65 32 124 139 135 129 123 91 34 111 30 87 84 73 82 22 28 42 29 22 77 45 76 56 62 121 27 110 123 26 109 111 115 43 34 117 59 77 37 24];
euros_min_B=[7.684749063205274 9.258368624362257 13.787111620002984 2.1918615763473084 3.27744207108527 10.021712336858295 2.364807920592842 5.813817678887303 3.063104131406278 1.9669192509675073 2.679007406697151 8.03492517721335 6.179855868566232 4.026430358772593 14.494091700150783 10.727721295128582 6.341867012623499 4.210430267613158 6.691143185740086 1.8544556912586065 5.529772293349168 7.859273081378431 12.91216613476177 5.469586930593669 2.3008843104715258 10.230562840860863 10.378525394219011 2.317835945859211 5.952437829762145 8.486010096388846 4.07385507151733 13.120862203508459 9.208289336710417 8.888141490961885 1.9211691242067526 5.516341773884354 1.8153128492826707 12.34501403348386 7.468005024951049 3.0293362909320205 12.857628926450557 13.356498151545127 7.989706410002883 10.99366226762846 7.943671188618164 12.78336466836508 14.925618949232465 11.919730374869856 11.757995857825387 4.25168201583607 10.45935007648817 13.055921794731661 14.533159562380574 11.390197388987975 2.0397217430135095 3.985072629655323 14.211539258659126 5.308826948517007];
euros_km_B=[13.932159640180107 14.243578690045025 19.600016255991143 21.353222605888458 15.453124591823867 16.95038081028525 18.622174776765107 14.887993640164979 15.860537459789827 12.692467614195445 17.831859252522904 9.253547977959489 28.05837765482068 21.44549946218544 24.216784009252255 19.84163810094545 24.62829212193726 19.961501715205326 26.579397042208566 26.081683326648 5.123100838850797 2.4661713280445525 19.413765160895746 17.37291575006849 11.615176501625063 14.380904831399354 5.44085632915554 20.3241532523929 7.873009685530514 24.189815568104468 1.2200788781648253 24.268388209641866 3.9436309204154063 16.162564328738124 6.224185411792954 21.539225870539685 12.124830923142937 9.631755402959886 18.969710786438522 16.00538558340789 7.379291136964003 11.048407193507755 15.929857180801795 16.824552459496616 11.071511541293575 19.82410982131387 12.481787290496555 25.179654674060778 19.86901521252123 4.842591475200772 9.913045247739259 27.987474104551552 18.64836666135494 8.734933933435348 18.070706198376303 16.585417994696105 15.609249933112475 7.5359775308953685];


nDrivers=57;
max_D=[240 232 147 178 176 138 148 238 183 121 235 125 194 161 224 171 126 144 218 162 164 197 172 147 136 208 239 151 152 204 128 141 134 176 128 221 139 175 158 159 161 152 161 158 215 130 186 152 176 149 145 142 228 169 206 238 199];
        

nServices=63;
S_starting_time=[467 60 438 2 563 115 395 29 44 635 456 199 333 588 226 655 143 226 596 675 30 142 224 604 659 270 415 667 215 25 462 127 314 691 574 0 0 424 438 672 178 508 423 75 318 281 44 623 314 427 399 192 366 671 335 233 660 214 718 350 122 490 1];
duration_s_min=[83 79 80 70 71 63 102 100 108 84 98 109 92 92 110 116 68 65 72 93 99 107 120 116 109 64 90 90 120 98 82 65 64 88 77 95 84 119 102 106 116 96 111 68 106 115 119 106 70 61 116 118 98 89 64 82 96 67 78 110 105 76 105];
duration_s_km=[59 43 40 35 45 37 34 43 32 44 40 54 56 49 47 34 40 30 42 43 45 32 47 46 59 48 31 35 60 56 48 30 35 44 33 52 56 51 56 44 56 60 31 35 40 46 37 49 54 39 30 55 32 51 39 40 40 36 57 39 46 52 35];
num_passangers=[41 53 22 82 54 35 30 58 95 52 97 78 26 98 23 32 82 84 77 50 58 47 32 46 24 29 23 75 80 90 49 35 71 63 29 64 20 91 20 46 85 96 44 93 32 53 32 52 75 66 44 66 29 37 32 78 60 56 57 59 74 93 42];
BM=250;
CBM=0.500000;
CEM=0.800000;    