nBuses=45;
max_busses=41;
cap_B=[32 108 64 20 112 119 22 131 58 102 57 75 61 43 96 52 54 131 20 60 32 106 135 28 93 136 106 38 62 86 40 108 119 67 134 129 42 83 114 139 108 63 125 25 23];
euros_min_B=[2.187256408756897 3.196974005524445 12.378250972867471 5.652078330878124 1.1640309300836258 2.9499969222542823 2.2187185599339982 3.5653230322553133 7.51554848619403 5.180879386368081 8.178652957899441 10.468917836000061 5.790987964687708 10.256979795674487 11.994292610847028 6.905862131721099 13.96509575313147 14.391730101076332 1.8673590766968355 8.289912589163972 13.299497401071928 9.77925846616698 5.562744397029785 12.366695777748092 7.857771053686182 12.226201429272168 9.333371741648074 7.209408913225965 9.07595986716651 11.779448921031062 11.444291912417746 9.519310331674362 11.605399711098757 13.87284513292933 11.069544107697597 12.26343144189106 5.512324185212897 7.109518819121608 6.578880093193601 5.420112275805445 9.485250383885475 14.990783003130622 2.2006024280943866 13.980362934249124 12.09822281141447];
euros_km_B=[24.261322228046858 26.305230576728118 16.47882657739531 12.113766568678622 9.790077487650134 26.006697549045406 8.633581886966308 23.96341161552383 13.541269599179724 7.668991265716876 28.363315459926643 11.587837873670988 6.1035344976000365 12.148906064419558 10.309028237277023 1.4703514927090486 20.80833449823513 5.318530307834111 2.4613857326374395 9.14084246502415 6.849225612935026 16.286284404788887 12.334120825299687 3.9155099693920326 2.124245518562811 5.665912533788073 24.711404721110156 13.522932680223791 24.531517328606036 29.94825753251154 28.092835229041402 8.269258718243371 19.184967912600484 20.147934795543726 22.96530311397338 26.46434235706838 8.03606962736853 14.263879876205847 11.84029443481685 29.159161516535008 21.190834357602476 25.42250007549835 8.80184002145424 21.615498385273572 11.668919208816021];


nDrivers=50;
max_D=[227 152 180 211 125 208 185 153 143 139 196 167 193 136 177 238 199 200 149 173 167 221 191 146 157 224 125 188 189 211 159 144 123 239 208 136 204 223 169 198 164 123 146 121 156 195 200 192 142 173];
        

nServices=52;
S_starting_time=[320 550 56 553 597 550 251 457 160 223 705 677 259 195 602 298 63 105 403 145 523 369 515 637 190 358 678 297 428 173 522 643 349 333 255 695 146 427 624 585 209 564 556 334 440 330 4 260 550 538 250 41];
duration_s_min=[72 79 119 95 117 119 77 91 73 85 114 102 70 68 117 63 111 82 80 67 61 118 119 79 72 63 70 61 95 108 116 87 111 65 116 89 82 82 75 72 75 93 107 102 119 104 93 78 111 61 117 91];
duration_s_km=[45 50 55 31 47 50 48 37 58 52 60 36 38 47 40 31 58 40 41 30 36 59 38 44 56 36 41 40 33 30 45 57 46 34 60 33 43 35 33 47 53 59 41 53 49 54 40 37 56 56 35 33];
num_passangers=[62 21 50 77 58 95 70 51 42 42 80 82 41 38 71 31 75 23 72 57 43 39 44 59 98 43 41 86 82 75 61 94 87 81 91 29 70 41 65 90 95 83 47 88 36 90 68 34 93 57 74 52];
BM=250;
CBM=0.500000;
CEM=0.800000;    