nBuses=37;
max_busses=37;
cap_B=[87 24 135 123 129 51 138 132 135 105 31 34 109 110 83 136 28 76 67 77 118 77 29 48 119 29 107 115 131 104 123 56 134 28 23 102 35];
euros_min_B=[9.611043653456916 7.836406859282992 3.234424778700223 11.310395350077421 4.563625187667861 13.640145430707417 4.154574134766317 5.500206478197898 2.627113115680877 7.9108993233911225 9.165576322344869 7.061692771968793 12.482172601392662 11.509878569855726 7.2445645935489935 9.622099775568593 13.178451382755838 14.873610736416559 7.461228950968764 8.509054941395714 13.227531637197073 5.762029632736513 4.981553975919964 4.452365101831548 12.16174211522587 9.286566843686293 11.813175377843972 8.977061965687216 5.977255611755874 4.332971322973062 11.606134827385194 14.774986592274312 7.335049863021465 1.2407483999001205 6.303077258138012 7.365732656780979 12.42258159904114];
euros_km_B=[11.2624857084337 9.570436330679401 17.734964083203767 25.882579879108537 7.260095121501128 8.977070247506505 18.496738951966414 28.3708164255158 3.4256638755537345 23.636505695997535 21.307155453808456 18.227559245272577 18.063196053710353 25.007849430866216 12.78911149191669 5.039136558690132 1.5325850422369094 26.996666658511483 14.773069896440573 13.264248037065625 15.975553826766184 13.855678962803717 1.0800969456780556 9.564968805964538 17.72936589061896 17.439449702716246 1.1694566732019758 16.837387541603285 22.26998742308297 7.500127013346829 7.500709749080334 10.77528853106024 16.155112529538428 21.75805824741086 13.454023574467037 9.781865355708025 23.477823914446493];


nDrivers=37;
max_D=[181 149 125 229 144 216 123 160 225 141 150 121 194 120 205 129 168 142 220 211 204 172 141 172 169 146 228 186 193 200 240 194 235 225 153 236 136];
        

nServices=43;
S_starting_time=[468 512 136 481 75 606 259 703 145 473 366 35 466 516 255 665 267 215 646 325 416 644 36 402 536 521 636 684 582 313 691 119 461 665 657 571 411 342 532 620 250 401 700];
duration_s_min=[95 91 90 76 78 108 117 73 74 82 91 98 76 95 94 91 117 104 117 110 101 73 119 104 103 69 77 95 113 71 100 110 62 114 99 117 104 64 72 96 103 111 109];
duration_s_km=[42 46 60 36 41 30 36 59 32 45 54 48 40 32 48 49 32 32 43 52 58 46 30 42 48 31 45 54 45 40 55 43 39 33 42 35 53 55 43 42 45 58 54];
num_passangers=[93 85 66 30 72 59 33 43 68 77 95 31 61 24 72 48 69 78 36 47 25 60 67 59 39 21 77 79 43 89 55 64 37 35 82 32 82 82 56 24 87 90 96];
BM=250;
CBM=0.500000;
CEM=0.800000;    