nBuses=24;
max_busses=21;
cap_B=[128 105 98 139 116 114 64 71 58 135 136 103 47 135 82 54 140 40 54 101 133 95 117 95];
euros_min_B=[4.386118927412124 2.5465217909470534 10.197455925074555 11.760653493785096 8.279535295746813 10.520911273889006 1.6466461745509975 9.350598849673508 14.001245540729093 10.230009203337342 8.067504626698344 4.274086088406754 2.1363546142378875 11.480550070618383 4.934680351325419 4.281464869398965 13.52577305997671 7.476495835632102 5.605283407534639 14.714201082226595 1.6760860229924772 13.191303929623889 7.60072928598109 12.669674934135656];
euros_km_B=[5.4589995627986205 25.689499764645827 9.593224886798632 23.31861707078602 9.773944614295562 25.85840477648621 25.2540966897102 4.249929200929351 14.56775835474937 20.61715312019938 7.891755407218076 27.92727374793168 29.76378037476472 5.642129519735154 26.85205276306553 19.533271858130917 4.991302483845423 17.26396839058078 13.105769456324692 8.002219961853449 6.093011511147028 25.545885389294988 29.413728116008045 27.52825760878187];


nDrivers=25;
max_D=[163 189 144 153 192 192 226 236 145 223 170 204 236 180 240 161 169 150 184 224 204 162 162 153 180];
        

nServices=28;
S_starting_time=[103 24 25 293 651 31 65 326 121 121 697 606 15 110 3 149 306 388 443 144 561 6 16 685 521 699 194 343];
duration_s_min=[63 66 78 116 73 83 68 116 85 77 85 71 68 116 99 103 84 102 85 107 80 66 106 70 112 77 91 67];
duration_s_km=[36 57 52 60 34 60 42 38 56 35 52 47 44 30 33 38 41 52 35 36 40 55 37 47 47 30 50 36];
num_passangers=[76 75 54 99 90 82 64 78 65 40 63 91 79 60 84 48 32 30 59 56 82 37 58 95 20 71 73 27];
BM=250;
CBM=0.500000;
CEM=0.800000;    