nBuses=63;
max_busses=61;
cap_B=[87 136 113 97 92 83 113 86 45 124 140 126 72 93 81 100 30 41 140 116 42 59 32 88 61 137 36 57 68 116 104 25 72 67 28 137 128 80 119 79 120 71 51 87 106 118 131 100 53 79 110 57 94 32 128 100 56 115 41 105 68 58 53];
euros_min_B=[4.547250960265444 12.106646414891667 10.7328642604242 9.646394605958461 13.660217610518744 8.130912347984594 13.195564153904277 3.0616269020175553 4.349915771417387 4.4243394616468485 14.79518590567341 7.096878830903165 4.675495176699691 5.779554875588546 5.556923970816623 2.3309182058032762 2.830574399472501 10.600173647026468 14.135176933391369 8.119741634758455 14.294324315674256 11.327961906563846 5.871547687212699 7.934206144261934 14.248751590449091 12.91758045831057 14.725577115903647 9.55411077881448 11.927333674786912 5.9654533950821875 10.319789055158434 6.192494465895669 3.2830176047685846 9.936890112836808 9.016406889071137 11.524183478601493 14.818984581070032 12.53314968325085 12.517107254886197 4.1942597684322624 9.486186704215466 12.273216505758517 14.7278765268933 12.467046921738168 4.8945937984148795 10.227189781167505 13.180345267710518 1.6775751110040191 13.361240620085887 12.139698633360045 1.7590613368433632 5.342675150671605 2.9105797813429373 12.565965492233122 10.539662324566377 12.029420687786683 7.193664552043078 4.523956528532399 6.683508004823501 2.4776695891937868 3.1824257124872046 13.138079132443123 2.796085149500199];
euros_km_B=[24.258884705996984 9.121153924327334 6.629877689659201 26.472165123383483 24.129887866509282 20.870961325253226 26.156111126888486 3.8557940529231773 20.38685057628009 14.330463250369377 22.589030512887625 8.864281713759826 12.314022671048436 17.74632700460359 20.15023015518001 4.67286060544501 7.383597937033714 27.74597785753442 3.379655047429331 12.654298317060206 23.324429854135804 2.713575379275958 18.135960217090755 18.240278512560174 20.41769904457834 15.53131386288078 7.591345370760973 29.343720047801586 7.079073536291213 15.099358006251324 21.717281412867514 17.49691141592915 8.392658367087556 28.365323217255966 22.85317414833406 23.647404196459423 25.39130306858427 3.637854874840733 15.446815049515292 28.908960956913976 7.502866558908014 21.663297310223562 11.27660640156049 24.853438593953815 6.677509787996788 17.678555779286757 16.532097997055587 14.06524850464119 15.9414167737897 1.6327896641279591 14.5881128318664 6.063704655883728 14.485834781462962 23.915052227169145 9.236685502222972 17.67049739507865 19.11191371883812 23.677476179917605 1.1028370728274672 3.135805996844411 14.887741789271036 8.184089568583435 1.3261482145429957];


nDrivers=63;
max_D=[216 170 154 207 134 149 187 233 142 141 216 171 142 189 234 121 209 175 134 127 189 177 124 228 147 187 121 173 149 195 169 156 147 203 193 198 180 228 147 229 174 216 216 166 171 235 198 135 187 184 202 232 207 129 227 181 180 208 230 192 214 238 174];
        

nServices=70;
S_starting_time=[661 149 436 600 616 452 622 136 268 156 701 151 472 519 595 583 278 85 37 174 365 652 608 384 333 136 233 114 273 439 121 245 525 653 583 165 63 643 542 340 490 61 175 102 223 7 451 292 283 88 550 534 373 538 564 373 489 410 491 495 88 363 620 406 509 151 504 223 478 150];
duration_s_min=[70 65 105 98 104 115 65 81 76 97 104 91 89 62 90 79 69 70 103 119 87 102 88 117 96 72 95 69 69 100 69 63 112 73 73 100 70 114 60 91 62 77 114 62 82 98 84 66 99 102 69 84 65 82 94 104 96 89 105 75 109 109 98 70 62 90 74 80 75 120];
duration_s_km=[50 30 31 47 51 53 51 57 58 48 42 49 42 52 50 46 57 38 53 34 34 40 48 36 37 52 52 41 47 55 32 59 48 45 38 38 51 39 50 42 54 46 34 34 58 49 48 54 58 59 36 54 51 36 50 49 32 54 50 58 43 58 36 39 58 47 40 43 39 56];
num_passangers=[47 49 42 51 76 84 81 52 50 85 46 60 49 39 94 30 33 48 44 74 90 36 35 39 56 91 26 48 67 95 85 82 64 37 23 33 93 33 71 95 44 22 59 43 76 34 84 54 78 40 77 39 79 42 42 86 75 43 92 87 68 86 43 93 48 61 69 30 79 52];
BM=250;
CBM=0.500000;
CEM=0.800000;    