nBuses=56;
max_busses=49;
cap_B=[99 101 135 29 120 81 97 36 116 78 32 84 30 89 55 129 110 111 71 89 98 139 33 33 29 46 25 31 124 54 82 63 118 72 96 44 116 52 80 91 79 78 72 22 99 65 108 125 89 76 128 83 53 132 83 66];
euros_min_B=[9.889169832105674 2.913679885663121 14.785989580507776 5.942044920315487 2.568886268591741 5.616569319130086 10.486765689351689 14.135170353297543 4.596108737845947 8.533802074339256 13.031833554912778 11.183314819634422 9.373968727802946 4.919695789982661 9.973953855278992 6.192360414272724 1.2909191474837725 2.04756861380719 6.824637258742209 8.559482059555183 1.1695117400153607 5.07846238319282 2.719881269860128 7.94116214296406 7.107650393185779 9.577803401855657 13.491638108084993 12.811907331995164 13.850540911069293 5.179122762429085 11.850457524139113 5.417570452496759 11.766637464688166 1.52892871981726 8.30454010494394 5.925838909786741 11.450504625835302 9.723312695549767 6.308886284481202 13.126714224621837 13.062357562349797 10.362884519056458 13.40320808182473 1.0019130436755617 12.10656764395089 4.0501436843162155 11.161194228486044 2.4031179611225504 12.406550920289332 12.627707371745409 13.735043549565095 2.093255805926621 1.144266483712584 12.370351107026305 10.451885081024033 4.434474930273013];
euros_km_B=[27.33697763701815 6.610223062318654 16.450272915155136 24.143514970161135 18.260135923768832 28.0648896514596 7.895833496029845 14.099206827970093 29.490202738395222 7.33560820463551 5.363653501648507 6.648863401257151 23.18098422975276 5.19729778607201 4.628700283979015 8.766192443463545 11.606727903863748 8.55916671211765 19.606454456655214 17.9595431783789 14.22814837967607 20.498072073662424 13.520428386836562 2.7954682261297554 1.2497511856945196 21.18508423096317 26.820854121936122 19.45756949650753 1.3521368393292414 29.89441466228737 4.093781552218097 27.804596838516847 24.9092423994968 17.633185488287097 28.376122051669476 16.408841577794362 5.130982425882626 29.29248341343599 24.618780757912944 27.57014543102096 5.863605412002067 16.905871773402122 18.67987252497957 3.0171001279295173 14.821154653860411 8.103332892205469 28.636137520045303 7.689697270323711 5.161839079461145 2.5978604863990835 29.481542112090718 19.30648761396732 12.273939783762147 3.164513939080303 21.64349185277706 14.291379650255257];


nDrivers=53;
max_D=[223 164 146 167 240 211 164 204 158 170 153 190 236 181 150 166 201 144 225 212 181 137 148 188 135 141 131 202 143 185 166 167 157 121 206 185 220 210 132 156 140 231 236 184 136 187 145 136 136 142 166 220 193];
        

nServices=60;
S_starting_time=[611 145 84 482 277 185 189 709 576 545 569 232 361 303 699 592 236 545 183 603 413 69 492 45 451 525 177 290 248 90 530 386 534 422 509 590 638 565 558 23 59 236 716 209 718 610 88 243 477 545 252 124 219 687 440 516 321 549 535 644];
duration_s_min=[80 101 88 70 87 62 89 60 102 112 89 118 96 114 111 77 89 95 82 101 73 62 66 114 108 80 102 89 102 75 88 96 111 73 118 71 105 112 72 115 62 87 88 80 120 97 62 117 69 69 104 114 65 109 74 95 68 102 116 68];
duration_s_km=[34 57 50 57 52 55 50 52 30 58 59 44 49 32 56 47 53 44 38 40 39 36 34 30 44 40 52 43 42 30 50 30 34 36 54 36 53 44 34 45 44 52 32 34 58 56 54 43 55 46 40 40 36 43 33 45 56 47 50 58];
num_passangers=[90 60 36 87 55 38 49 77 55 24 41 33 60 22 70 44 38 59 55 22 42 90 94 74 95 42 71 51 86 88 49 72 65 96 24 72 65 96 90 55 68 98 80 74 33 64 64 100 32 85 56 69 44 63 98 95 80 77 82 38];
BM=250;
CBM=0.500000;
CEM=0.800000;    