nBuses=47;
max_busses=47;
cap_B=[59 125 106 56 89 100 58 72 93 84 61 23 60 50 137 89 64 53 76 116 77 121 76 65 101 113 105 23 140 37 52 40 77 117 115 113 82 72 51 109 116 64 68 139 129 124 49];
euros_min_B=[4.243277156210489 7.140457312183571 12.671473400070754 4.290048447247112 11.863087647837187 6.459990568259054 10.711174826820644 1.344687753486989 6.586867709177439 3.205713145801879 9.660112719721178 14.936528391958529 4.406660047729558 3.812139521987267 8.48771676135443 4.5930893324985265 8.384809684846546 7.9504019126245025 11.372486428443324 10.62374254282904 5.393325284920092 6.9749716038551 5.898074112960204 7.582660436207187 13.779640432306463 3.670746586767144 4.41291903333165 6.807749768774113 11.322659958812553 7.208227465712096 1.2723527991862427 14.598094579304853 7.220096503637347 4.352779808609225 11.225064218719009 7.8995020740527035 9.169823062469188 4.6517624300325044 6.789580178645668 13.400896693756819 6.902513848031994 8.052465152961695 4.945618368140077 2.206628605408728 8.99283854961046 7.988249339583066 1.893840673823012];
euros_km_B=[19.707765275083464 16.997415609515148 16.414023870928013 13.659690632623088 24.04834739736781 24.95024685930667 19.636283025801344 22.144587008957576 3.442150064984401 7.469939980263864 12.908355416384206 14.190571921366084 11.9963513988756 5.719359158369157 22.673720044365364 11.475682170950702 2.976153330747613 1.8369510711756645 24.56928259644884 10.592857295407494 4.954415370087331 14.411744949483102 25.9878225738408 20.153030925163492 10.139488619276074 5.984469688658573 16.105590090207585 7.5837224609901375 27.314170105539606 21.7658887614666 5.982974215210692 18.885887364311323 16.24114266682271 6.603893403286538 12.944859932854481 20.859315192575174 2.8004811217284935 8.395936427208424 9.737498637381051 11.145882962478614 21.324538815011124 23.02452026736689 14.008799479348257 19.98230979428636 11.747614030114905 25.67429002192347 16.60826986605184];


nDrivers=49;
max_D=[220 165 141 221 158 230 139 165 176 236 226 140 221 230 184 178 226 170 141 219 174 189 162 238 238 208 204 208 208 147 137 162 139 182 237 195 169 122 228 212 136 187 155 197 173 146 142 134 220];
        

nServices=50;
S_starting_time=[263 165 162 57 557 299 439 346 656 353 414 111 93 477 287 343 510 288 206 589 561 206 309 29 104 28 349 701 143 408 362 518 215 301 626 70 567 618 141 605 236 282 282 188 114 61 450 8 229 493];
duration_s_min=[70 81 66 94 108 108 66 66 93 61 118 74 78 113 110 94 119 103 113 93 94 106 114 72 107 116 118 117 112 100 87 106 103 102 80 100 85 85 68 110 110 116 94 109 68 64 87 61 86 66];
duration_s_km=[41 38 60 30 30 55 55 30 60 30 37 37 32 40 48 49 31 30 45 50 56 60 53 43 32 45 57 53 56 32 50 31 34 36 42 33 57 50 38 45 56 43 54 52 56 52 34 50 60 57];
num_passangers=[21 72 68 60 47 20 35 29 46 58 64 34 93 36 94 88 46 80 83 81 61 58 33 89 96 79 33 78 79 96 37 73 89 97 62 74 54 68 64 100 28 43 93 68 92 63 47 69 28 38];
BM=250;
CBM=0.500000;
CEM=0.800000;    