nBuses=19;
max_busses=15;
cap_B=[20 133 43 134 115 140 66 77 68 103 125 102 27 115 113 81 25 78 106];
euros_min_B=[14.381221398094093 7.243284735279217 4.38420253868237 3.9447105972243643 7.398878368052604 5.932647485000579 11.759714648390398 2.1177025244144887 11.445173429405557 2.557600807037592 12.677248528620122 12.551726515365711 10.045716303825031 9.338462511042794 13.030963808526888 14.35941402308791 13.724331064235786 3.4872079873105193 14.012122204291884];
euros_km_B=[27.957013361539417 17.135352056089747 28.396691161391974 6.671592973189109 19.685174923777957 25.485337772212663 28.997857459321427 22.036695936335885 5.873366546755702 27.522990296353857 7.959139707834028 28.011146653519127 6.933721346529186 8.720462250186376 11.155243056186816 23.191094458297474 10.362469058198034 23.590782629150702 27.59389775937396];


nDrivers=21;
max_D=[190 181 145 150 149 174 238 145 211 126 223 181 163 137 168 202 189 196 125 158 133];
        

nServices=24;
S_starting_time=[267 336 599 147 662 627 461 240 414 139 706 258 192 537 41 10 539 27 320 51 480 17 602 170];
duration_s_min=[95 91 101 60 107 107 119 73 96 104 95 115 77 82 93 81 109 63 74 113 70 61 105 119];
duration_s_km=[36 44 57 58 48 50 50 47 42 33 41 59 35 55 35 40 44 45 56 34 45 32 30 30];
num_passangers=[26 30 86 91 20 44 27 37 36 91 66 50 55 49 40 51 57 58 25 47 64 83 43 32];
BM=250;
CBM=0.500000;
CEM=0.800000;    