nBuses=20;
max_busses=16;
cap_B=[41 49 49 46 78 79 62 70 72 130 26 130 86 66 82 61 105 51 126 134];
euros_min_B=[6.052426803757541 2.5507304927808656 8.45580161457103 13.775041730749809 8.339039633759555 11.225273939001376 12.316624079996886 5.22978761889528 11.971968230662348 12.216212663885077 1.8685304562071943 9.49711625984111 11.766582871303413 6.516839640363289 5.078496238466431 4.40438305944854 2.899883960763556 5.946822370023747 2.704610468259931 6.977395352223855];
euros_km_B=[3.085722045557536 21.456867636580444 1.0450420527611293 14.74233925441064 19.385687848354824 13.150583717303986 13.938874271079673 26.3419213618659 11.156062081422926 10.8809015939045 17.692281566584143 3.095557810547952 22.239919925933197 2.1732267412929502 18.6541053445545 8.83439324715101 9.090800351274062 20.90362909772955 1.0517282868754827 7.08976014246121];


nDrivers=20;
max_D=[182 173 130 213 218 153 176 217 192 149 173 231 179 220 136 202 122 181 187 184];
        

nServices=27;
S_starting_time=[9 685 366 692 62 242 430 715 707 571 305 453 673 443 431 698 429 502 505 147 349 219 112 82 269 586 614];
duration_s_min=[93 100 91 114 74 88 99 75 72 70 86 79 80 82 79 94 63 66 74 91 60 116 102 86 80 92 90];
duration_s_km=[30 45 50 59 52 54 58 37 41 55 55 50 34 54 54 31 30 39 52 43 31 33 56 41 40 41 56];
num_passangers=[34 73 79 88 94 79 32 26 78 27 22 50 31 97 41 55 33 22 50 35 49 26 75 55 82 63 81];
BM=250;
CBM=0.500000;
CEM=0.800000;    