nBuses=14;
max_busses=14;
cap_B=[58 106 77 28 48 42 25 33 44 133 110 138 65 38];
euros_min_B=[2.5172258396707443 11.580317363054649 9.446387510210911 10.994856636883146 1.7845709602305124 3.0887027499790642 13.099733175530918 10.772282517811162 4.068136365696824 12.430749481283595 9.383683584097888 2.7697789894174076 5.093730394175724 1.4075146804010472];
euros_km_B=[11.333430591246971 11.755616974488435 12.097538958809178 27.893444370866067 20.120554216877622 16.325838912302494 18.005652820331512 21.093097241952787 27.497985506094544 24.49884396919716 25.250025525879444 7.611797276311509 27.38278806662024 3.4721058477452624];


nDrivers=17;
max_D=[161 172 179 141 184 236 206 174 178 189 233 234 236 208 209 218 218];
        

nServices=19;
S_starting_time=[350 80 243 465 376 148 656 565 147 439 22 461 650 636 92 25 430 17 541];
duration_s_min=[76 71 92 75 88 104 86 104 94 86 104 120 106 110 73 73 115 72 88];
duration_s_km=[35 43 33 32 50 59 37 42 56 42 44 50 58 38 53 57 50 40 36];
num_passangers=[97 31 51 66 52 33 40 95 26 97 53 72 97 97 35 95 39 32 77];
BM=250;
CBM=0.500000;
CEM=0.800000;    