nBuses=38;
max_busses=40;
cap_B=[21 102 109 78 115 111 72 101 26 42 59 87 127 87 80 98 93 34 104 55 128 105 102 101 105 90 27 59 136 108 97 88 92 113 62 51 101 74];
euros_min_B=[11.180727965560012 8.284687568482255 7.820417916917847 6.046018204151995 4.978711630162657 7.992768452629013 13.220242013690866 14.613723292033834 1.2118558297128663 7.6581801611687785 3.1213531302341124 3.117769455479819 13.975759432633161 11.59802644430708 11.23963674017191 2.3003273697152675 11.843204769531079 7.629099232761984 3.3972357052141784 13.5434534015865 12.259720317734214 6.53263017501421 6.194466707147723 9.209137191160659 2.8838308956387175 6.649895028353285 3.577595969947578 3.5650967191748775 1.5858451504057482 3.035867575044513 3.442804624352106 8.431947087409442 6.483851683005055 12.701543374162146 12.741715416354342 5.92774747990126 7.610318782040393 12.710746735000885];
euros_km_B=[10.336121302613288 18.565804033852277 17.720310149603577 14.353574173179325 16.94771852359493 3.479808906774215 13.979143264007037 26.188883558657288 28.136459962393285 20.816825943436573 3.7666067531398078 16.6178215505104 8.061114234876847 20.29696347303851 12.344696992442291 9.593744730544254 29.97946595934099 13.473982093151275 19.22418406004117 21.715974713057985 7.694417969405539 29.566558961678208 25.963965433160958 3.5441385123611218 15.600947316284529 16.777743739402716 28.419828180434585 5.132604952839866 14.099638090637308 3.7111805524584365 22.94870335580781 7.816821431345243 20.990632826472037 12.14334388030462 12.213889020089853 17.208404926811234 27.856435711455166 9.449323565133922];


nDrivers=35;
max_D=[137 174 168 141 162 199 153 225 159 179 229 205 126 209 140 198 166 192 229 213 234 217 228 139 148 176 221 205 125 156 193 180 178 234 234];
        

nServices=42;
S_starting_time=[34 619 601 501 26 551 106 232 362 270 560 473 178 276 170 547 380 604 256 611 480 511 47 363 310 423 175 540 404 37 264 382 290 409 251 199 241 250 89 241 76 237];
duration_s_min=[92 102 70 93 61 70 107 119 76 111 65 103 76 68 86 113 65 100 70 113 93 103 63 98 119 104 75 64 83 81 115 95 92 73 69 106 116 107 79 109 72 63];
duration_s_km=[40 46 49 51 38 56 30 37 58 49 40 38 37 45 48 36 34 41 55 42 59 38 49 40 31 55 39 35 38 37 40 31 54 52 30 32 40 51 32 59 55 35];
num_passangers=[88 32 56 68 57 37 25 95 75 33 81 24 61 46 69 96 76 26 48 88 71 36 52 99 88 37 61 76 61 43 29 52 91 86 30 88 46 39 77 85 51 41];
BM=250;
CBM=0.500000;
CEM=0.800000;    