nBuses=21;
max_busses=15;
cap_B=[68 41 41 45 74 118 119 66 124 54 100 79 78 140 50 30 89 53 69 99 49];
euros_min_B=[8.747861498100963 12.909393110732102 1.7043348082633913 12.060568864418036 5.915954826512378 11.213759337700335 9.00582673445973 3.0915198467818623 9.768546421326494 12.900793702516568 5.532919717713472 8.670413237140151 14.233031211617055 5.12382024352968 11.774351486459036 3.58116961919971 11.024498895492949 4.91562492770035 5.54690943889499 4.576160043344686 4.774246702856338];
euros_km_B=[13.525116959229619 19.00165851641018 12.857473904693055 28.344577612155156 15.273983718904727 14.431466450217279 9.20991178155187 8.759676678714968 8.208387033308664 13.578006053089592 17.677415675629327 13.447291316954592 26.26847959643805 25.014059242907717 21.49938249865673 28.707644395486312 11.491153741854475 15.711593694307865 15.059513359669962 1.0456408114972975 26.361248229099882];


nDrivers=25;
max_D=[156 160 132 181 178 217 238 137 174 192 186 202 166 187 151 121 227 124 196 130 204 229 191 194 223];
        

nServices=26;
S_starting_time=[307 486 576 107 272 133 16 504 326 293 217 511 267 681 354 527 626 433 504 4 346 69 170 315 529 180];
duration_s_min=[65 80 88 77 91 120 65 81 97 67 116 94 99 98 108 104 81 61 82 117 100 114 110 62 66 60];
duration_s_km=[53 60 50 60 37 55 41 31 51 60 46 55 41 39 40 35 30 60 56 44 52 43 47 55 35 57];
num_passangers=[78 97 95 84 95 29 60 55 26 27 65 76 63 34 27 90 100 74 92 74 53 82 96 90 64 71];
BM=250;
CBM=0.500000;
CEM=0.800000;    