nBuses=61;
max_busses=58;
cap_B=[136 88 44 125 127 86 122 125 81 120 67 106 81 94 25 91 84 104 66 80 115 37 121 77 101 137 101 119 68 20 55 35 88 86 24 111 120 134 76 31 75 109 54 100 64 111 46 40 124 110 52 99 35 63 48 118 81 114 50 117 45];
euros_min_B=[12.798558555315317 1.8953487867268108 4.269410721068212 14.787065519831858 1.777622879284774 14.09040253002027 8.224889491047433 10.423123626323175 8.343384687674094 11.142223862572893 6.983270862009101 7.013580679637145 11.07983801509672 6.532388988688105 4.846202035903863 1.7277172431637655 14.906761233827082 12.38434309836408 10.31205232189552 10.268186029577826 3.865684807022056 9.308168146607533 4.174440570014918 5.3548652385751145 7.00695078324394 10.60821111074063 7.6451888851003345 12.808638815690966 13.399861521600686 11.422403071380245 5.1858572481628205 10.117458368477694 4.928012211571394 3.2253455460203027 3.3509890893970855 9.238934630289325 1.497609726101377 4.501773130350492 6.030501086070224 5.766923063413007 9.25270814994449 5.068035116650047 7.044021924775457 10.895337793245929 13.646480898386667 9.93921519791142 11.707170313623447 3.2378918452747625 9.86731067310069 3.461219114715679 2.2835526848083267 9.223679924939837 5.312477459563812 7.8547946166539955 10.58621086653304 3.3248887749002702 6.489965516170365 13.390885427779102 1.7434070845442462 4.901909285923079 14.397040927836475];
euros_km_B=[2.4319813305859608 15.659953251845003 8.115753594981513 25.449350968802843 29.91556785009418 15.61936759999807 21.66020330122167 25.38118685737066 12.736793175653924 27.33191177527446 5.7407516174589235 9.282498487042877 21.95857281445654 13.927230929582308 25.434222822744434 26.288298005103588 29.90606831771731 14.679410301344141 20.039883346902865 18.072792439306212 5.029854236205313 13.140659588548747 18.765792745084667 29.880853282673012 17.430234032277774 23.87354096930091 9.313794281914822 11.211542683363795 22.746773975267587 10.209677004328745 18.28383537070954 26.73572079723581 14.010956910387442 13.38599453058254 27.163932776811876 20.96502020146813 24.545738173926043 17.465889919318812 15.865309698582191 2.692317319907078 16.878799706075746 16.880184642681627 21.093348660562555 23.329573712817336 15.820736772540208 14.276181968648407 27.467331840081773 7.250936683267641 20.636770050343035 29.981542195242547 3.506044546209399 1.7891477172471149 9.939547004810263 28.70294930172767 24.87726246336069 1.4760433373696136 25.331604114795987 5.730285600737656 6.887873236156404 17.3366926690294 5.420845358153109];


nDrivers=65;
max_D=[219 128 144 190 217 233 235 212 128 141 202 141 157 224 188 172 223 150 179 131 125 141 153 121 158 137 175 168 128 144 221 154 213 174 136 146 159 190 237 163 151 238 180 131 191 230 161 161 183 127 240 147 203 173 213 179 219 156 160 120 160 128 124 212 179];
        

nServices=67;
S_starting_time=[310 82 562 671 152 359 24 260 107 69 565 240 309 252 438 460 622 326 46 605 313 494 365 543 591 447 118 26 303 551 77 459 478 316 116 503 17 514 87 184 135 491 41 388 686 218 608 212 230 264 291 708 698 324 541 576 419 276 673 444 490 301 272 583 272 300 719];
duration_s_min=[93 91 80 116 117 100 105 76 104 60 110 103 85 118 109 118 106 83 60 104 91 65 75 108 70 66 74 77 90 89 74 99 77 99 66 85 64 86 107 69 116 71 62 66 108 81 63 114 105 108 112 68 101 105 95 62 106 67 89 87 77 97 90 105 108 100 79];
duration_s_km=[39 42 36 38 60 33 51 41 47 60 38 45 53 32 34 34 31 38 31 51 46 41 56 59 40 59 45 36 46 57 43 48 46 52 39 37 51 42 39 39 48 38 53 58 59 48 52 30 34 53 30 35 55 57 50 53 36 37 48 51 58 34 53 47 59 35 56];
num_passangers=[95 45 32 28 91 68 39 62 26 39 26 36 61 43 83 30 86 69 53 61 43 81 59 24 21 72 65 63 55 43 35 78 62 76 44 83 61 35 42 28 44 72 24 44 60 49 33 32 41 93 82 37 97 29 96 31 50 32 90 86 81 99 73 31 82 38 67];
BM=250;
CBM=0.500000;
CEM=0.800000;    