nBuses=17;
max_busses=6;
cap_B=[116 112 109 122 35 87 94 121 86 35 84 71 77 78 57 41 81];
euros_min_B=[13.436271627827894 13.40721981042091 2.5066485156481497 6.89100296699674 1.8417862950042851 11.310052494785912 9.755865520835393 8.636565299909986 10.547176193726656 5.811100324875891 4.782975542011272 9.67659266067009 8.269349278628763 9.349026926767205 12.944108425117587 7.1544772804516015 12.12793640252421];
euros_km_B=[26.641210241966157 22.73825055759688 26.78802088741491 20.01947349358558 17.721483242038456 13.064573315705857 16.71271728479625 3.897147165670607 19.990152036880666 27.383979184439106 9.76154354127079 27.925229244679755 13.649100384155828 7.730572051799685 12.240200007333573 16.892642356366927 1.3364711778274443];


nDrivers=19;
max_D=[154 145 181 163 157 146 227 132 237 230 126 151 228 163 133 233 174 220 233];
        

nServices=20;
S_starting_time=[43 124 259 29 594 66 180 114 178 205 402 405 337 247 182 456 523 385 667 260];
duration_s_min=[96 66 79 61 105 66 112 109 73 72 84 66 103 105 75 77 74 110 99 80];
duration_s_km=[30 58 30 48 40 59 54 48 60 49 45 36 33 55 44 33 47 48 41 53];
num_passangers=[50 62 83 22 80 95 69 78 53 96 42 24 44 73 84 58 97 83 100 93];
BM=250;
CBM=0.500000;
CEM=0.800000;    