nBuses=62;
max_busses=54;
cap_B=[81 50 32 94 44 129 95 107 139 125 35 57 64 102 24 99 79 59 59 119 41 48 62 35 89 83 66 99 62 43 70 33 79 112 53 77 23 71 61 123 26 41 92 74 135 140 76 55 114 120 136 53 107 21 86 27 110 55 46 139 100 93];
euros_min_B=[3.7647913713029206 8.607502214147566 14.359685364375887 7.126509287268645 6.520756758208579 4.654577068800956 1.6724951064595541 1.1410709395158363 8.158187080435276 7.820851119108637 12.772201501571145 14.153121787771376 3.1895401408515838 2.672001761755741 13.946661784417401 1.4866090928363647 4.5600897554349835 1.200988489460063 10.916136972863072 13.971881742871922 11.437233372107809 6.6263706657229475 13.819588231894869 12.627694956414835 11.801753368666116 12.850030994732025 7.514643802332291 1.0546947693851922 11.240165825945496 7.853243182155241 7.751611831435868 2.906208125592747 6.376014130489832 6.410268555186583 4.899767847915543 10.87129692304547 1.4693417263453399 14.077258192046777 3.080140024459129 1.0011946650813466 9.50558461258262 12.164202795716438 6.421114150287938 10.817851932770592 13.035826219909179 9.150134832157008 1.481409726668833 4.141443257694833 6.186323001719308 7.474443240173508 7.383744564156099 3.1644645850176825 1.790578305717967 3.8497734242330273 9.462488442483838 2.3437497673945105 10.13771134924003 11.796519801709968 11.285555287776232 7.48194187153975 3.1574669360513523 5.296222744645635];
euros_km_B=[2.089131909068197 23.54315326095769 3.0520772019413314 14.129525045317447 26.348440707125558 11.475837762020586 4.346296970634554 26.35997301261711 29.299902259105615 10.704082888074637 26.695996354753312 12.389201595378841 27.06396981707707 11.506938234146844 7.160057158850796 4.880276057234416 14.529907167672778 18.095003197297114 13.37839074351416 15.31745075405578 25.298473603756918 7.465262429273938 20.933389791158127 13.522337683427578 22.104780951876414 12.42394847990146 1.4811562767356636 16.278997705895282 14.046075464259069 13.823188239539878 9.221322234206198 26.074756478811256 13.817535595140672 3.0490853268824933 16.78008973842448 20.592176470963096 12.94480215216622 27.111101699875537 1.950326546311389 1.8132048682177033 27.124016208507253 13.804482491711815 28.759973779880653 16.98229127451397 7.409030627771719 11.503488042716855 17.437707566914842 13.07841979793414 12.899643680924548 27.549644843468194 16.10114978493326 28.496265222894102 9.072204186391717 2.2525000715377246 2.041568453269308 15.46342189308907 27.803490339917847 9.218516397918984 11.60157200087065 29.491721320157666 5.587786263268526 22.06919627758178];


nDrivers=65;
max_D=[216 194 174 224 170 150 184 136 183 140 143 201 157 137 129 207 163 211 143 128 218 215 169 123 181 209 124 175 239 132 193 182 209 129 127 165 168 123 135 152 181 199 170 215 221 154 218 142 174 200 184 175 194 136 171 174 177 221 139 195 122 135 141 179 221];
        

nServices=69;
S_starting_time=[316 541 414 217 368 351 565 617 72 148 384 299 405 563 408 590 571 584 381 419 582 454 537 65 409 293 538 174 586 476 444 415 585 235 656 682 94 496 596 617 388 669 474 397 533 706 493 517 65 429 25 478 679 52 436 344 553 372 304 171 638 629 526 484 298 73 197 416 684];
duration_s_min=[75 60 78 117 88 80 113 112 108 67 85 93 83 120 120 115 73 72 67 102 119 114 96 113 61 118 71 89 111 96 100 80 96 90 61 94 87 98 66 72 97 82 96 112 92 98 107 102 111 103 111 63 92 87 101 114 70 99 67 94 83 76 92 78 114 118 71 62 62];
duration_s_km=[59 33 46 57 43 52 52 44 43 45 42 39 56 53 49 43 45 39 38 60 39 32 59 37 39 48 45 48 32 54 44 35 48 56 57 45 50 54 55 50 51 42 32 34 57 38 58 49 49 42 32 51 32 45 49 36 55 40 35 45 48 47 57 46 46 51 41 34 38];
num_passangers=[87 51 77 76 39 53 75 79 90 75 54 62 34 54 98 88 24 28 47 75 44 84 55 29 31 21 86 26 32 64 92 26 100 70 77 38 83 66 56 45 42 49 90 35 44 47 89 51 30 42 20 59 91 84 85 43 30 38 38 66 67 70 51 43 41 35 40 69 56];
BM=250;
CBM=0.500000;
CEM=0.800000;    