nBuses=46;
max_busses=37;
cap_B=[129 21 86 97 34 95 132 111 121 130 82 86 71 131 49 125 131 103 127 66 104 77 83 118 110 114 117 103 51 43 86 72 113 127 116 22 92 108 74 21 33 128 104 31 51 38];
euros_min_B=[9.658997537216896 11.495154243044814 3.054279172838439 4.772716827729038 1.0960567073296168 9.497666322761726 2.3975571961201756 13.908748641494002 2.329735506890393 5.865325448448525 7.567139824390748 13.383993988634966 3.8991313785154684 11.271516066593257 7.865712537774013 1.8637474307286015 4.112719246736441 6.165072511519629 9.389127727195888 7.762732381534219 11.559657325413534 3.0229131249854673 7.404455055194473 13.13831560436489 6.945962810825888 2.039549766392665 4.114783374051786 8.872711840049286 11.922936827655434 5.323276472662272 2.4362395276575297 7.660410544160929 3.4585534064053873 6.338143946186015 5.46871293558982 11.128712594538449 13.891145389245311 5.467986376073782 3.3714082691990623 1.0748141197366385 2.9453022393242603 12.04576624389021 10.169078726244031 8.902114687603323 14.999020807775159 14.463559673610016];
euros_km_B=[12.19988587987162 17.86181060191931 22.8825367862147 27.495203452524056 8.11693261767444 17.935571271018745 12.857353979127508 18.131705536943933 20.376352625510023 21.918982596122333 14.289751960383425 7.500017894626665 22.593393696548127 6.172795427971375 25.426400643665456 27.070292961714273 9.46954682843771 9.434803208998444 10.443046613141346 11.212969661410119 16.37676153076891 19.33399658513816 20.59142719230765 8.039440771876762 22.512362543999842 4.973674342860902 10.03224962668354 23.915749189249734 25.127438640826913 15.573739329381976 2.7458325580364815 13.152625355358362 26.328986643239464 18.96132181552864 19.432168852425594 24.53693863445075 25.76152209946461 21.901907063332565 27.449903209614387 21.901478100633998 24.89669579247861 12.042463026404373 22.070217478028543 12.040897242844416 17.69105934367498 20.75825756889452];


nDrivers=43;
max_D=[144 186 182 221 207 154 163 240 120 205 149 196 180 217 125 208 224 121 154 144 236 134 182 188 134 152 125 208 188 226 213 147 158 220 177 175 193 179 121 165 236 164 126];
        

nServices=49;
S_starting_time=[16 58 443 497 466 615 392 718 540 573 199 429 354 129 594 64 407 125 318 406 183 137 57 453 298 185 536 66 56 671 446 323 653 636 258 441 223 175 638 153 230 287 321 413 317 130 448 675 123];
duration_s_min=[116 100 83 104 89 76 98 90 97 97 93 84 71 115 71 110 73 76 115 67 62 73 75 105 81 120 69 109 94 93 116 103 88 107 72 98 75 64 71 85 98 102 99 78 109 89 108 85 78];
duration_s_km=[57 49 41 35 59 43 30 57 31 54 48 37 56 53 37 32 53 30 36 40 53 37 60 47 42 46 32 57 34 48 53 42 52 30 36 45 38 46 46 48 47 54 51 53 42 40 54 55 53];
num_passangers=[65 52 89 68 22 90 97 37 21 56 48 66 91 36 91 74 77 91 36 47 62 87 94 30 71 35 50 52 68 22 53 93 33 33 87 27 81 26 27 25 21 86 62 62 43 20 79 94 49];
BM=250;
CBM=0.500000;
CEM=0.800000;    