nBuses=53;
max_busses=57;
cap_B=[100 64 30 140 123 44 113 53 71 128 51 111 48 109 62 45 114 117 82 94 29 95 25 25 126 90 29 130 100 39 81 21 27 59 38 99 118 26 118 55 45 103 73 125 64 87 72 68 33 118 62 48 45];
euros_min_B=[7.089750754957669 14.323803761657704 3.7331678281788085 6.819403885757071 10.93374957267404 3.1902661090321374 1.7291183320930306 4.667901882641581 8.814407207003809 10.589189901799214 10.057667408682354 3.8515111451194697 9.814487586164413 6.961956846352888 10.74614863688479 2.500368553190968 1.7653422779905599 14.82975283746202 4.747777643906821 7.830059851050393 14.062502122771857 12.514688204659382 5.89738494817536 4.650473321199463 12.84929721713178 1.945311025384539 3.362559134304335 13.066415800422453 10.004753306729318 11.564102221486309 7.381868499012828 12.054006936326205 13.84619235228661 2.548789239906871 5.711873002612803 7.353528872450225 13.263910863155445 8.165154730160115 5.380178872826264 3.041261003506458 8.954685653957844 5.536598924258477 5.663091491345698 6.49960353137327 11.65173547751156 11.766776403993738 13.935820941938335 2.0056383616124207 10.109355397456017 1.618521865377216 11.110272203381093 1.1589994639961998 10.057136948918128];
euros_km_B=[14.62702204226128 14.182469141815012 7.73433002462591 22.610310761194114 14.647404494448418 7.315123508409084 20.486603911487126 2.0146591880013727 25.094314990284417 27.466706723624526 20.6621296854182 23.751562817059288 19.26119857922198 13.186960127375547 11.117625806887137 10.579011159379876 19.685704422455913 21.30473586141056 20.621315017177782 1.8050099527976458 23.98067816029019 11.348222198068004 27.773473837427254 26.02401156883561 13.660350868297687 17.304772101807295 17.482779321911703 1.5174309012931784 12.948275326935924 24.282568919455635 14.043035659201756 27.214446265668116 2.1357219464958592 24.31471975958769 2.516604658583126 5.445722068124054 4.8370620138211144 13.060195212151253 8.741511692528835 20.349107190159405 16.421143013399686 26.502317940502877 29.540946878094054 10.596122113018312 29.46513911218715 8.492219660358973 5.412773953706358 1.3458832402261174 16.346656558681474 2.732647415112252 17.845740727523033 20.911971608018458 5.760087659163114];


nDrivers=54;
max_D=[177 146 219 163 201 135 146 200 176 189 142 139 163 159 177 236 212 172 128 208 129 154 148 134 150 191 144 194 133 144 159 239 140 222 208 201 181 202 143 213 167 132 183 200 210 147 149 184 239 128 211 172 217 196];
        

nServices=58;
S_starting_time=[225 174 463 453 392 434 10 79 565 275 147 492 136 11 418 447 352 560 87 281 556 621 69 90 130 546 542 330 111 388 114 2 708 629 185 421 375 122 130 194 283 707 544 605 646 156 210 506 719 278 599 650 97 315 47 14 628 62];
duration_s_min=[77 91 73 61 86 72 60 120 91 109 118 97 63 117 80 66 119 113 70 69 83 67 96 89 94 115 81 63 64 98 74 94 93 98 86 62 80 72 77 87 72 70 73 76 98 85 90 113 67 70 115 97 95 117 65 110 61 86];
duration_s_km=[53 50 45 50 39 45 38 57 36 44 44 49 42 38 41 35 56 55 46 52 39 51 52 48 43 33 53 51 59 31 36 45 33 54 51 57 55 60 31 54 34 45 58 44 47 36 37 55 37 59 44 60 43 34 30 32 45 60];
num_passangers=[23 34 28 24 90 62 44 23 55 43 84 86 69 27 90 83 69 32 41 86 34 93 47 74 79 100 24 100 79 60 78 55 46 92 51 26 71 97 25 34 60 88 75 61 65 82 32 88 45 82 47 45 32 74 42 37 64 57];
BM=250;
CBM=0.500000;
CEM=0.800000;    