nBuses=16;
max_busses=17;
cap_B=[67 25 35 124 101 39 85 51 78 29 113 77 44 76 130 81];
euros_min_B=[7.4552718682872 7.3485873288077865 6.8443835124563055 7.851074586748213 1.5606018220459863 3.599399087475223 5.305451593500599 14.026468643527748 10.391777178866574 2.5722873420661823 6.3419232470638764 13.015382410498212 12.363100646655669 11.182548212339626 2.7324399575151004 10.428609248481305];
euros_km_B=[23.990638605646794 18.28444521865201 12.586919385582997 21.34572396627104 22.924416748782587 17.836358909770002 29.516769209021895 21.573329470717983 25.737928219059544 1.4868077334147225 27.99053591201874 7.017460004448059 5.157209504842599 11.60840146464441 2.9606323858566483 8.530722916629308];


nDrivers=17;
max_D=[207 240 131 147 184 129 194 229 126 140 211 139 159 208 204 144 125];
        

nServices=21;
S_starting_time=[47 539 669 41 380 548 140 550 121 62 72 93 382 710 530 537 390 405 456 17 530];
duration_s_min=[102 109 116 120 117 88 91 85 105 62 104 79 69 111 104 97 99 88 119 101 99];
duration_s_km=[58 52 51 41 42 58 34 49 52 31 45 30 52 55 40 32 30 34 53 36 33];
num_passangers=[78 48 72 61 63 96 82 55 95 58 87 47 59 99 29 45 94 95 99 65 24];
BM=250;
CBM=0.500000;
CEM=0.800000;    