nBuses=22;
max_busses=16;
cap_B=[37 108 79 31 44 53 85 78 40 101 127 76 125 81 116 73 40 72 120 68 29 28];
euros_min_B=[10.564465312149162 8.701023552622761 4.510802646767981 4.778014925842401 1.1805559029599462 1.2303015291008932 3.698671236208818 3.497288138737911 11.899506895813277 12.50171878615154 14.150413362840922 14.599419557948861 13.767529148571802 2.9812183895568647 4.449061249328986 10.74529261277896 12.91712645791753 11.914927838436189 5.044147423119595 6.812147201084758 12.95464830116812 9.565635680211743];
euros_km_B=[8.760082166526937 9.541155153693325 3.258890746757403 19.43360594161452 20.284492680319318 17.618843644403633 14.098648164620839 10.949936409968089 10.900563783409643 20.0150305387208 15.439566064542143 9.56378440842588 28.817958235988225 14.925819366700386 23.155609572081786 2.1544171484140926 4.827758448579033 19.271979166037397 29.51132328359307 5.800105743146498 15.054766996158097 20.839070235164076];


nDrivers=22;
max_D=[150 186 192 225 185 124 213 176 232 154 209 185 239 224 222 166 173 129 176 228 179 206];
        

nServices=26;
S_starting_time=[96 681 266 324 164 524 373 473 703 463 617 249 440 113 133 464 311 416 329 155 234 201 679 650 531 232];
duration_s_min=[105 65 118 87 102 117 120 102 91 97 87 73 66 80 76 61 111 119 113 109 79 119 110 69 65 81];
duration_s_km=[49 37 42 44 54 51 51 34 56 53 37 45 47 36 33 45 45 45 37 33 42 55 59 60 33 53];
num_passangers=[59 32 63 85 41 84 27 37 84 57 86 97 76 93 64 95 46 63 62 76 88 36 79 57 50 86];
BM=250;
CBM=0.500000;
CEM=0.800000;    