nBuses=32;
max_busses=27;
cap_B=[111 105 36 80 129 21 107 31 65 122 112 70 85 88 76 100 85 30 90 88 132 69 78 65 126 93 70 69 37 28 113 37];
euros_min_B=[14.324230829908565 8.843380516233855 14.090153574855272 10.80627404852899 11.066294859218287 5.1216802260048855 11.293096180434599 8.016103829862516 8.99376645155763 6.453237246225022 11.53916032138078 3.9288093319176896 12.834099440313903 12.806681519108517 3.90817302130262 4.720777127302634 4.145154267837965 7.849908369492729 2.097534512064205 11.978998007993862 1.6124971780948407 14.07556557300702 10.766541510080813 4.95534922681417 9.644676949055496 13.814201027503554 9.974594209806757 6.1727607092384655 8.911781221258604 9.56767512084211 1.1609498266597618 10.726340351604605];
euros_km_B=[24.09055727435245 11.975759539272115 2.9293961805982405 7.440350021628721 23.80343756245806 23.13563637434289 28.261014512178715 20.396492507369153 2.37510043730615 19.78642019235374 26.57219509413681 8.088067960000394 11.559770897532953 3.3213752673062436 11.055653410774543 24.053434713011125 3.069198004802593 22.537431311000013 11.093492405900564 1.6403776704438155 24.93072121772086 10.819026023679132 26.47330758409174 5.695421773850095 20.623527012248363 1.365003295447612 27.947673745920696 11.538832647248274 23.30196791650635 15.702030113320843 16.178593861063753 21.527934926550596];


nDrivers=35;
max_D=[235 235 175 185 169 177 124 207 165 233 205 235 129 190 167 143 178 228 190 216 197 238 141 143 135 162 187 153 153 179 180 157 146 217 236];
        

nServices=37;
S_starting_time=[583 238 386 401 615 552 547 113 331 330 252 99 619 405 151 523 623 680 404 237 175 558 344 383 665 694 687 699 440 553 443 238 50 157 246 56 559];
duration_s_min=[82 92 64 84 79 73 72 76 70 99 70 84 73 115 68 95 81 81 91 83 116 95 69 91 74 72 76 74 91 95 79 104 90 70 95 102 108];
duration_s_km=[30 41 42 42 30 38 50 48 43 44 55 58 53 50 31 45 55 36 54 47 32 30 46 57 31 40 38 54 48 43 53 30 47 49 60 41 50];
num_passangers=[36 69 76 34 65 39 84 34 33 87 56 41 58 51 20 91 53 100 93 80 49 31 73 22 58 93 86 68 93 47 97 90 50 24 90 28 42];
BM=250;
CBM=0.500000;
CEM=0.800000;    