nBuses=62;
max_busses=53;
cap_B=[38 80 79 49 106 96 74 131 95 128 50 61 30 113 39 45 76 137 112 106 93 38 84 80 101 137 28 41 116 126 99 100 67 118 22 27 119 50 135 93 113 27 27 120 81 51 52 115 42 72 77 133 121 27 80 129 59 66 21 52 129 131];
euros_min_B=[5.936900149151677 9.850278796266105 13.460469119477729 2.8013608350398336 10.48721135801613 7.2804031932606526 13.486614131665423 13.284944679528621 4.495969964303357 7.203513184778597 10.062562398293972 11.948395750453821 10.72225168861081 9.319769577370419 4.554274742079731 11.817878633055798 4.279147343762669 10.422321115027634 7.16047962644721 1.9276521294815467 9.025513784663067 7.0122163885845 10.54676563861875 13.463683616519063 4.102746541115575 9.939737311281812 1.7659854666371237 12.715337459409815 1.165647417652417 3.1339518693600015 10.19327239840176 2.279945305947114 9.481719997354256 7.288520302602734 13.600792595179248 5.328469324830623 14.689425723226305 6.1683672159923315 8.792066495077169 1.6711036437563467 12.443067355787276 5.003186103422157 10.251950280080061 9.674375558318578 11.157636479896405 1.6534216509121933 3.2964353277337883 13.56236733288208 5.394555584013523 5.890218163205697 2.165945224530777 4.520128072747273 9.02734471666705 6.117640746637495 8.625313567095716 6.048039999082679 5.868890214670839 14.410232797338864 10.425855975242067 7.9008992441147985 12.788976458710085 10.108249456758422];
euros_km_B=[1.9345434379348214 3.2695222866504015 5.758814183601869 1.19091907194586 12.66772183234141 25.633404601299606 4.293988359124466 8.221652615334346 16.23914229009946 13.827576004531911 17.013015054724143 25.572826072638946 12.746907437681926 3.428241534085836 19.513948437413948 2.860118882921826 6.966437762765752 28.47051884037483 1.178847348342201 19.68940877183908 16.965644467790668 5.490852624227244 10.857826523081746 23.585912119799413 4.136962298822545 2.48840827938257 21.57198329452489 13.884876215664589 15.097489114116668 10.537652034180889 13.988017572398281 5.606320351392602 29.750042464884704 3.140024458969407 20.009767170291994 14.910602481833866 8.463334490024248 3.457028335471434 2.242970252165812 1.2075988923796532 29.675720427494632 10.052495519782546 17.17953348917849 7.698573935235817 2.8531545409731516 14.300769910869352 25.694822960712244 13.827716676966345 28.326796919341774 11.402171380401194 11.696218961599538 14.051099030922005 20.9616126547038 22.11129201824438 10.042571024113322 23.950190457895847 27.484967504018275 12.118799310678645 26.8522277720961 13.545733440004192 24.57727585131163 4.821471835101386];


nDrivers=65;
max_D=[225 171 132 164 237 192 236 180 124 188 221 190 153 151 171 215 230 129 171 143 201 184 224 230 134 222 159 192 172 205 219 148 135 214 193 173 182 221 160 159 167 126 120 240 176 195 150 141 142 202 225 122 233 217 149 213 180 192 166 167 212 138 232 211 178];
        

nServices=67;
S_starting_time=[502 611 627 283 705 709 426 315 586 95 103 341 492 612 555 664 68 175 663 348 539 197 683 506 113 174 642 487 423 175 299 32 124 547 258 532 393 175 294 248 120 619 110 572 660 168 669 465 591 163 124 619 433 106 89 674 506 548 138 281 16 488 184 114 137 506 238];
duration_s_min=[83 104 82 83 92 62 108 88 110 62 86 60 119 67 89 92 115 63 66 90 67 68 95 74 113 93 113 84 84 86 88 111 74 107 84 113 71 74 112 98 112 76 88 88 87 89 110 117 66 73 112 99 76 84 84 73 88 64 89 75 72 87 116 120 97 78 69];
duration_s_km=[34 44 30 56 55 46 37 47 54 51 49 49 41 36 48 35 48 53 41 39 55 54 35 31 32 52 53 50 52 47 40 39 57 50 52 41 41 48 43 43 56 59 39 50 40 33 51 50 49 44 60 36 36 42 44 47 58 49 59 49 46 55 47 44 45 47 41];
num_passangers=[40 40 59 91 97 63 65 94 49 60 39 46 85 95 56 27 36 51 21 92 47 31 80 47 57 35 82 48 34 61 100 31 91 98 45 95 27 99 42 66 50 39 51 59 74 90 71 81 51 63 71 24 30 57 100 33 26 61 56 23 54 43 57 80 24 66 38];
BM=250;
CBM=0.500000;
CEM=0.800000;    