nBuses=37;
max_busses=29;
cap_B=[105 94 84 122 71 28 117 112 113 99 27 66 128 132 137 50 74 34 121 119 35 48 104 38 61 135 140 75 88 116 100 63 25 51 59 124 33];
euros_min_B=[14.94927374226667 11.027502865219047 5.406557122385806 1.4693258795859365 12.002541568309546 12.073915201430237 10.041280392622005 10.836564223199542 9.00280595248176 12.688816311312337 11.466544331652686 12.806352512265551 11.517183770557418 13.254734877984847 11.11333754407505 7.789178409312113 2.4285539603463726 11.60328230078767 4.36982850110181 8.873508560947093 13.97524737356211 13.887774365445672 14.854441447209382 5.634387650632087 3.3685986566293757 1.016730388162071 8.139272453383821 7.936513544114914 8.846496260890508 11.039205200432278 1.1987878488900023 5.513824935594334 12.318817471424886 12.744606697748885 7.794255642786852 8.289570723169312 12.987354867804623];
euros_km_B=[15.077716273069578 20.242884137862 20.927061883506344 29.113613933266134 8.791437582818087 15.714356337895033 25.560428216866356 13.61325395880299 25.18917720110471 22.811828683034115 16.421945572662985 4.6985241362902 13.019589987400607 21.95205919328426 9.214704761375348 2.603948721981674 27.764868807715807 6.183760912508036 24.36201811303659 16.773449976009616 15.493384931572523 11.58218969458551 11.50010715889163 26.833308330298536 7.07481645838378 19.64523538644201 1.2083812026664549 26.407256747541037 10.260411429132066 20.959382404953274 10.270104019660327 13.031785666762058 24.156639093749007 14.214283658256532 25.950625710830533 18.563736533727 9.683697210242338];


nDrivers=41;
max_D=[169 155 185 219 192 196 181 228 160 159 195 143 211 230 199 183 178 122 190 173 207 227 121 124 139 193 196 213 239 185 204 128 220 219 206 122 154 237 153 166 178];
        

nServices=42;
S_starting_time=[247 549 408 516 266 577 247 577 308 298 192 552 460 16 50 13 570 82 661 523 387 621 322 366 632 246 9 402 553 274 303 288 305 38 136 669 435 372 229 392 647 147];
duration_s_min=[78 86 85 80 115 93 72 82 76 96 65 119 76 104 84 84 111 98 110 97 95 116 116 83 78 66 80 110 68 112 77 68 98 105 65 115 68 66 76 116 89 101];
duration_s_km=[48 56 56 35 35 49 49 42 59 48 38 52 33 31 47 58 59 37 41 52 36 35 50 40 34 46 50 44 39 40 55 52 35 36 39 31 58 30 36 40 47 31];
num_passangers=[39 56 40 52 56 59 20 69 77 33 80 95 39 25 53 77 54 64 98 94 70 45 22 85 86 29 59 56 38 85 32 24 82 33 30 21 51 53 77 93 25 86];
BM=250;
CBM=0.500000;
CEM=0.800000;    