nBuses=36;
max_busses=33;
cap_B=[133 108 46 52 130 84 70 133 88 87 128 82 60 114 90 58 28 24 67 35 100 33 92 93 124 95 43 116 63 122 49 56 115 140 76 84];
euros_min_B=[3.1234148963387964 6.588192636069736 3.1972900490569787 5.756107685917302 2.2284429902809544 14.24432569863664 2.6995489612378556 2.6262850831759046 13.276766479489455 6.072174691024425 9.650176816824056 9.642440273912701 7.69387218339387 1.793202696807069 6.324244248074662 3.733102564741877 11.526192138898947 9.35083054593104 1.817717844606419 7.725397284212468 7.616490282643771 10.146496191016572 13.343996164283332 14.79590719642717 12.274892251372842 9.256412028355513 10.687730277534227 6.533121295757927 12.838163782013492 8.69260068751253 11.085730078605483 9.893093737184708 7.710358294104844 5.763274655023051 11.725892970706893 12.334559710610034];
euros_km_B=[22.519429937533843 21.49984001581944 2.9559677649112435 25.325952133444112 22.87452688967488 5.029852881776837 15.488052643686027 27.69656650554064 14.467312644346107 7.669071292554431 3.9364354010075395 13.064699634297956 2.4481110122771654 20.118955789481358 26.474932129047783 25.515461673097498 24.614347730758492 5.653468109387095 18.02426089018695 1.1355468095395795 23.47022426512085 9.713692937253422 28.06830583144361 22.448604134150624 2.3613502985018857 29.981377624562963 21.360124521983415 16.79674961065508 12.257185345379435 24.880855564149137 7.651343047958856 7.425861217675267 27.1599492388971 9.61119205843914 4.088391441292449 7.810560901952428];


nDrivers=36;
max_D=[163 227 224 217 239 238 229 233 200 226 127 138 207 141 126 135 190 213 230 149 203 124 235 204 234 149 214 204 120 150 151 240 130 124 141 192];
        

nServices=38;
S_starting_time=[503 158 265 497 621 529 681 518 401 546 218 535 443 304 135 63 101 24 244 347 117 343 475 288 387 315 132 188 280 15 26 575 463 320 589 30 426 526];
duration_s_min=[76 98 71 61 105 68 61 80 88 103 88 114 108 76 73 71 96 114 80 64 104 66 81 102 79 74 87 111 65 74 109 106 110 91 90 92 63 93];
duration_s_km=[39 55 41 40 35 32 34 58 45 45 37 57 42 35 45 47 52 48 41 47 37 59 34 54 36 41 45 53 31 43 53 36 42 51 38 32 37 30];
num_passangers=[43 87 74 26 59 21 48 37 50 28 76 94 72 93 95 26 84 46 49 84 43 89 92 94 41 87 74 84 68 94 87 71 51 35 41 88 93 49];
BM=250;
CBM=0.500000;
CEM=0.800000;    