nBuses=42;
max_busses=44;
cap_B=[117 108 111 84 133 38 71 95 43 130 136 57 119 71 73 95 117 89 54 87 56 82 114 134 25 46 46 137 36 56 50 128 137 35 101 127 37 85 39 54 104 22];
euros_min_B=[2.8538532431740578 3.7696360335113903 11.823240481478066 11.262772299259815 13.855480019703771 5.3860110326025605 6.37996311528727 10.018354851011324 2.7272079159453675 6.726296053754482 4.629914530066995 8.050239475385048 13.007905125797006 5.315866697599009 11.394157480383031 9.723557147670872 4.848049699638791 5.276346531867316 2.98831474378498 5.7075449924606785 9.844343361980403 12.238550291390714 13.127050642405976 1.8162278718749862 7.80704148298023 12.093227204266562 5.516833204665085 14.786593518553152 8.591184068431991 13.958946692939026 3.431739832638381 12.987608707054214 6.057377622484864 11.675648137666462 4.758593255397142 14.833258535761239 7.391946545908953 9.85310415404454 14.138196518671776 4.599852631787686 2.317482177817008 1.4617272630390863];
euros_km_B=[11.923280343376417 17.627256813434695 25.979996368568223 18.85701787298194 18.964811583467934 7.729385746933545 1.5104810457267333 2.1431523608536156 17.397114136661873 12.088538782215917 13.037006385827322 17.97835102153894 22.893629984705417 4.307824548816537 8.240139088893677 11.566850638084807 13.09173891817498 21.796072557590097 29.590052354878193 5.365664266130664 16.427230605272342 26.78832620220069 27.261283645925257 21.670720232428604 24.531287299056604 23.868655618917746 2.762945047727203 14.00035634935564 28.515473907039368 13.37993345591213 28.73305422225539 7.9087867870099045 12.119521481388613 23.24437284596535 18.68290847260861 11.74379756906237 19.550573621386278 4.411251259880925 27.773732856091932 21.544443289578346 13.456080927577746 1.8905939939128815];


nDrivers=46;
max_D=[211 124 216 151 184 143 167 239 237 190 194 147 221 138 153 121 161 173 167 126 129 227 233 142 178 184 128 239 129 120 196 190 220 151 163 190 174 238 213 233 189 240 176 139 129 122];
        

nServices=49;
S_starting_time=[152 438 80 172 696 47 476 706 97 525 348 234 671 709 117 303 498 351 576 314 420 105 151 484 99 215 116 608 682 78 432 281 427 174 62 262 475 174 355 210 288 74 535 147 180 713 507 101 120];
duration_s_min=[99 70 87 77 79 89 75 102 107 105 78 115 74 111 71 70 69 71 105 118 68 119 109 63 71 101 76 98 87 68 64 108 100 105 108 78 120 77 61 92 101 95 101 91 98 100 81 80 97];
duration_s_km=[48 56 41 48 54 42 34 34 54 34 42 48 49 58 47 38 44 54 51 34 33 43 37 33 41 49 42 33 53 58 33 30 59 54 50 32 54 34 40 53 48 56 52 48 55 60 57 34 38];
num_passangers=[44 58 25 69 95 52 24 59 96 71 55 78 59 72 94 47 64 90 66 63 86 66 83 74 27 91 50 49 60 31 67 39 68 98 56 37 100 37 28 85 32 48 30 52 23 99 76 58 91];
BM=250;
CBM=0.500000;
CEM=0.800000;    