nBuses=55;
max_busses=55;
cap_B=[89 87 54 74 57 32 102 57 127 137 42 80 58 54 63 74 70 53 70 20 46 121 24 97 139 42 90 100 106 132 26 139 74 36 103 64 39 32 92 96 139 104 122 138 39 88 113 58 47 80 33 96 25 134 76];
euros_min_B=[12.471132332494715 2.2764530626344373 13.70704273698269 8.224649366875092 10.818482814156614 4.640110802445038 2.1606407287254985 14.061209124465725 1.7604155904318375 1.8950506597667731 10.77123651027892 6.785454882975879 6.456886409661065 2.3738450003676306 14.336083501071803 4.383951134299503 2.964620135020885 12.77407115823602 13.287940776828787 5.847563018269232 10.098279432367349 14.321112813647662 10.425816721003503 11.32308927877635 5.50204192539825 9.814539349466376 12.392551813545097 12.473288794777678 3.934738802264615 13.439470466630267 12.56741029069788 9.706221245680725 2.0782701146796936 8.26204413711893 4.221871346927502 12.915006183245442 12.78501993928579 14.158673044302162 1.877963615315752 5.540232277387214 5.073178903276077 2.7754914127628396 9.646778111864299 7.8909369363411335 14.660280103454422 12.569989422477487 4.782781712342473 8.982287964025845 14.500285898758147 5.71045892193575 3.4305020087119127 8.020024126159893 13.608958440740455 4.4478974333671015 4.983236916204008];
euros_km_B=[4.639124272652259 3.45531233426675 3.349753288767254 5.029018832265316 3.3322188899320935 19.280212021979445 10.804332165449754 11.249181423088306 28.435452371357965 11.933056745306732 17.120732525578457 15.030849600065626 21.976954977301943 26.47703426380356 18.060842716116692 9.313123427465767 8.035820873175119 27.988802684748673 15.884781195724557 14.949592832861475 12.443848672653536 2.022246748600026 25.743496536109255 19.198782465288463 8.187290760204203 14.889833044861016 25.419557860487792 21.67584208283372 25.821850428653253 7.503843134167002 10.765999206535598 5.513423110684922 18.84945227024528 6.0051324678876865 28.810535667807898 2.169069713337773 26.507136270396295 1.0116310607993149 15.134359763971853 7.578054490259757 1.5016166190873512 3.123996220808639 19.385277580190362 28.805793537329706 28.800630696958535 5.694605855808147 20.472951949587074 2.7047580708556294 29.972461073553216 25.136623277365043 9.851005282608677 22.10731300324365 13.631420781971912 1.8861000739342435 19.33782708465971];


nDrivers=58;
max_D=[142 227 212 144 185 142 141 151 150 154 132 171 158 224 155 199 167 141 217 231 176 215 120 155 120 197 124 148 134 123 225 208 210 189 209 129 219 180 181 163 236 200 222 203 237 146 200 190 148 230 184 178 208 121 171 123 226 210];
        

nServices=59;
S_starting_time=[579 539 630 203 249 461 562 702 697 220 698 477 391 296 648 243 580 55 102 587 414 589 196 319 668 60 522 691 604 183 351 295 72 173 99 288 706 93 4 247 495 548 640 149 116 331 205 595 593 707 305 407 428 657 21 175 10 1 686];
duration_s_min=[81 64 120 88 79 76 96 82 90 88 89 69 119 77 80 109 90 79 108 65 61 72 120 69 108 101 66 106 82 68 107 70 61 75 73 72 63 108 117 110 108 106 110 76 101 75 82 69 110 73 95 101 111 99 68 68 90 108 106];
duration_s_km=[58 35 53 60 30 41 34 40 47 38 57 49 41 51 41 49 48 42 32 32 44 39 54 32 41 50 30 45 59 55 32 31 57 58 40 53 59 54 46 60 57 36 31 33 57 39 47 43 44 42 54 52 47 37 32 32 34 59 41];
num_passangers=[61 70 66 29 24 28 20 24 55 43 28 51 32 85 57 77 52 94 96 55 86 84 35 76 92 51 97 59 84 36 72 43 95 24 96 30 80 67 52 64 100 25 27 39 58 52 57 90 56 41 86 38 20 56 77 79 45 55 98];
BM=250;
CBM=0.500000;
CEM=0.800000;    