nBuses=54;
max_busses=41;
cap_B=[73 118 74 72 133 78 72 135 23 53 125 76 38 76 93 137 78 131 63 71 74 39 65 118 99 49 59 104 88 20 37 26 36 89 32 58 52 83 66 81 21 34 137 26 96 52 40 91 26 122 66 84 125 28];
euros_min_B=[5.926869408070226 4.778757874429552 4.242622578371084 9.098758687573223 1.1942944019775075 7.362277019641547 4.970794315339594 6.8968187069862905 11.696284084633817 8.072362690768065 10.503573009737517 10.510857862647477 7.078874473622836 14.524405211980934 8.433232829856236 12.63579889281031 3.85830464931537 13.271093975074272 6.080456528613888 2.9129566187502607 6.610701648107115 9.821471507301027 14.47958774019024 9.00899384326608 7.872653443217888 2.081755415463433 12.934005527008665 2.2244717437149797 9.925677055112239 11.610903274975232 7.973486686361731 12.805096542623101 14.3640071627633 11.084806672582094 7.986779672187672 5.125892375204684 8.671363038649599 13.059927711115481 4.575040929030138 10.477476938899784 9.003963405780135 4.7082964276745205 5.641527237118622 4.330959502495639 7.6897311725026825 14.96951824179549 6.457551403506869 5.666017523284055 11.609172477653352 8.06137025717602 1.253026242906467 4.073967283092392 8.24091330501836 12.923529495681747];
euros_km_B=[16.576889767376905 15.986324512694333 26.694883433679358 15.20951009927364 24.22305980168276 15.4011031567046 12.206244203880837 14.639372740919956 25.198721832602548 25.441479255199848 7.750667785199987 6.509718678093126 14.469125914514112 17.944168352146 18.409814584147448 17.76224710669306 22.518721091385242 24.95328468137857 4.213320821423867 20.905177359282142 12.24814735598896 1.365743224620564 5.971108148362395 26.698051308669207 7.955748957547817 4.4855473329808 15.261547645019617 5.2415128738977295 23.01420812702067 5.311111601878993 20.965401486149677 15.831431510209693 29.356375671063205 2.2604486121999656 27.33497024996001 2.5298389015264693 14.086250357921983 1.353035384939878 25.655608343997564 29.18873185865651 3.798289318566889 19.228747223073803 29.97393153130903 4.884083842727275 1.6074041365571055 10.758056780335576 19.814767821170097 20.610750265302272 9.908586118281628 6.908217966149451 17.36484639289117 1.7609161395835724 21.24796655957298 27.61607946153211];


nDrivers=49;
max_D=[210 214 121 196 138 181 239 240 138 168 177 127 237 158 165 195 149 227 221 161 173 184 133 215 197 209 208 223 137 189 190 134 129 172 189 225 217 208 200 151 227 124 191 154 158 131 226 212 191];
        

nServices=56;
S_starting_time=[642 7 556 36 216 53 265 590 707 291 536 689 216 121 629 320 671 450 341 189 609 493 103 380 303 435 135 462 13 707 260 144 7 96 483 584 352 440 660 332 22 586 396 367 450 18 542 184 709 490 271 449 148 293 260 590];
duration_s_min=[111 100 71 116 102 60 74 103 109 72 70 61 62 69 66 115 69 66 74 108 101 96 77 99 63 81 110 119 67 83 72 96 88 86 106 79 96 92 82 97 114 99 66 113 82 61 97 75 90 97 65 69 74 70 88 62];
duration_s_km=[41 47 33 52 47 50 53 39 52 43 57 56 54 53 31 60 43 55 60 60 41 36 39 53 49 60 53 52 36 49 47 59 39 55 52 45 33 46 44 47 48 59 46 55 45 32 34 56 40 44 33 49 42 56 39 51];
num_passangers=[100 22 50 91 63 22 75 70 20 44 38 23 78 30 27 66 59 40 91 88 94 72 37 63 33 88 67 62 97 25 69 53 36 25 89 54 74 63 69 71 44 20 81 55 85 72 37 47 90 73 31 52 88 75 52 31];
BM=250;
CBM=0.500000;
CEM=0.800000;    