nBuses=44;
max_busses=37;
cap_B=[66 93 101 77 117 138 125 101 106 120 46 85 130 113 32 99 27 63 136 25 112 98 29 91 75 128 68 42 102 45 70 139 47 73 37 81 29 84 21 70 110 73 48 55];
euros_min_B=[2.628041718474572 8.025207111395677 13.511695091849615 1.739100697812989 10.952870232664804 12.370832916638788 3.5665687178664243 7.370728652435794 1.0075379676474623 12.665301786414807 1.614797679321203 8.69632161996188 14.812749193355197 1.2312189276997076 3.213799297820925 6.08791729872842 2.205875446276306 6.435939349277666 3.9883615491336966 10.213868139741923 7.718018231901219 4.827165062663055 8.22950998373324 13.335622995667597 3.194053217184008 13.189059649167964 6.855817992253487 11.029492990971503 12.490660466070585 8.970748432299906 5.406058440435809 7.032338431606735 2.63578317327077 14.899494544705014 11.403634370951238 3.739989722754819 12.386106613902893 9.758005755823994 4.9543228124493695 14.549920643490521 7.8870542929365985 13.204492975382466 10.71305942059515 12.3482166166331];
euros_km_B=[21.458311949381088 1.3962705481414615 5.5495274442806775 15.886513408924737 10.22332055701235 2.705826191600147 11.255182570729232 3.2842046479265665 5.171464431731894 17.04646076692039 13.890411627000322 3.6893282235319824 19.14701026178331 29.065593952908657 23.510187501502834 21.5278254275932 21.30302925473549 19.42575157314656 19.385742388634256 15.945157185621419 17.82097252979634 10.487373774026919 21.057152034305606 7.685437323559735 12.075387542366382 5.509156969099945 13.516179979143491 12.551176156139023 14.989001951469632 5.507487334248502 29.869163016694067 7.146466115537452 22.859807300380144 7.4995162470619094 8.443890353448008 12.269141430594866 27.22657605757283 12.032081486533329 17.90094765327779 29.408861950801857 18.98171548295819 12.941280426653485 26.596562283259857 18.54733975757135];


nDrivers=43;
max_D=[177 146 217 189 183 185 221 178 167 194 144 150 230 227 175 146 146 158 207 225 193 196 190 165 171 228 216 124 192 202 160 222 125 191 199 218 188 227 231 136 192 181 167];
        

nServices=48;
S_starting_time=[480 172 118 615 221 76 2 501 579 568 696 705 449 186 643 246 522 449 237 426 653 361 234 135 353 78 610 356 158 688 80 614 87 256 159 27 507 456 523 256 126 214 44 691 188 311 451 537];
duration_s_min=[76 106 119 73 76 94 65 90 74 111 88 109 120 89 87 74 91 87 116 74 66 116 118 76 65 65 111 109 95 99 75 119 103 68 73 85 73 67 117 111 82 116 61 104 104 111 83 95];
duration_s_km=[44 54 32 57 34 34 34 40 42 58 35 38 59 37 38 43 37 36 33 59 38 34 33 56 44 49 50 57 40 38 49 34 40 52 51 51 51 34 49 50 39 30 39 47 30 36 37 55];
num_passangers=[51 93 37 31 84 34 67 46 42 49 88 97 81 60 48 96 95 55 92 58 54 96 30 82 28 92 64 93 84 28 87 77 74 30 39 93 20 49 28 55 37 62 40 54 65 93 47 95];
BM=250;
CBM=0.500000;
CEM=0.800000;    