nBuses=60;
max_busses=57;
cap_B=[84 86 43 76 69 132 65 24 43 52 107 89 86 128 60 104 39 85 36 35 115 108 55 49 99 91 106 52 62 130 99 126 67 62 124 27 31 126 85 24 78 137 113 95 66 125 94 110 40 101 79 112 132 104 48 64 41 116 23 39];
euros_min_B=[8.166092768558514 5.0308976538569885 12.809125440079779 6.851101731298581 12.464199185110015 6.325398806878183 10.455719656462708 13.033722426258647 2.661177583209071 4.071307221674257 6.4137327265616975 8.122443575749946 7.570011588695752 11.17340074580843 9.09270697066097 9.357564371379196 3.4513320376039864 13.7605418484483 1.829088638546994 14.15218748000216 6.952146759627428 1.017731763676269 1.9593970006172152 9.171222303052891 10.361432683542601 13.132916123316761 2.890697068910615 12.345256371001433 7.393006953012803 13.108029301151774 12.735861618554738 7.945837864986601 10.508262869197363 7.704574458457162 2.6794890337505644 3.205009914771013 13.575572066789798 11.702873018222393 14.916461925524949 2.416650093156203 13.340169477675952 14.698186695006484 11.797707186540954 6.377877601789371 1.0180524404466762 9.724765402735155 12.243873735800104 4.9010590845620765 11.338239165823452 10.887140024924934 6.22315082531661 13.509275632871043 9.717940323746209 4.253887163217234 9.860393237811358 7.973113439728301 11.64838317955564 9.503701042858845 8.876796054870315 1.845268468076674];
euros_km_B=[8.250607287107595 24.262410540034036 22.51027825636163 10.11665835619848 12.651664751675124 26.415895107714142 12.648303250686343 12.4468731697142 16.559511837009886 28.725442033761443 6.350175019669629 9.901247166229195 16.94714280251479 2.051530343277654 29.31908454240512 17.4296819827872 25.97181220925394 5.128078255011011 5.910143911783443 12.391436895936536 6.398098270511793 21.71161883612917 5.338131413097923 15.306413873314686 5.312877497678805 29.653171601413963 29.47598178918182 16.01179734440894 2.010952550006495 1.1856394439761002 12.005442024411739 25.537325266295657 7.513104749503356 23.16835234660751 23.058871515631346 19.52674191754002 16.611074232217973 21.425873267630116 20.174146039424834 4.392312641694311 6.816286955583625 1.542784604015405 29.20056121630141 3.161765226166865 8.10204623411305 11.399840271620453 8.030729748954805 1.1604807856783306 16.100539696058867 5.784618805751936 13.382958779603483 18.60387126205323 11.785862947869257 25.47438241664851 25.421415659267648 13.151029035713364 1.8361976336361596 25.81958835357181 22.336104381046958 22.66893081808548];


nDrivers=59;
max_D=[154 217 154 134 226 189 226 178 207 146 198 215 207 238 152 230 135 191 143 128 206 137 239 158 231 199 126 134 152 213 221 168 125 173 196 176 162 207 197 221 235 178 235 140 240 203 155 129 163 124 141 232 151 184 147 170 198 219 160];
        

nServices=65;
S_starting_time=[549 214 221 509 708 280 248 493 15 41 107 551 148 335 159 360 658 509 419 8 646 333 715 486 323 7 585 369 592 304 564 486 645 542 17 658 126 528 529 596 534 134 417 170 3 570 160 494 16 220 362 545 362 639 595 134 297 292 386 355 286 442 61 384 325];
duration_s_min=[105 105 73 84 89 91 76 91 78 103 93 108 76 71 76 61 114 105 96 70 118 102 115 93 111 89 96 90 99 63 96 102 113 97 72 74 112 67 106 77 96 82 80 67 90 95 80 118 67 96 99 86 110 79 102 71 104 99 80 75 88 114 73 107 62];
duration_s_km=[60 36 41 44 38 39 55 43 36 37 45 55 57 58 30 58 58 41 31 38 49 46 37 31 36 33 49 43 49 38 52 48 36 49 54 41 51 48 57 56 33 41 45 56 59 46 49 30 53 36 50 44 33 38 44 34 48 40 60 32 36 44 40 31 31];
num_passangers=[43 96 75 45 25 77 21 57 83 44 73 33 80 96 41 20 79 97 36 31 60 66 52 100 41 34 37 77 63 55 37 71 57 25 80 61 49 60 58 85 80 92 54 22 60 64 68 44 76 56 49 44 62 88 40 23 82 42 62 37 23 89 82 61 21];
BM=250;
CBM=0.500000;
CEM=0.800000;    