nBuses=52;
max_busses=48;
cap_B=[131 48 137 98 44 53 56 122 65 45 78 128 88 119 32 42 35 109 78 113 94 76 114 20 124 99 59 72 33 72 81 42 69 85 93 67 22 117 118 110 75 62 21 37 66 54 109 78 106 31 55 138];
euros_min_B=[10.22999426826563 3.0600669778086056 1.4051593736897727 4.914345505247166 3.7009950024869926 1.6055676790485234 9.016023585880465 3.949958664648607 11.238556220305245 6.330642606472977 9.352935945337085 5.991387583353832 14.554250956456332 9.528121761826943 13.789117257596958 10.231188061457258 11.343764175909696 3.2476690219846063 2.580648237168966 3.281772971253827 7.750422628637322 14.981639180901125 4.216017319544608 4.396159246915463 5.752525023363114 13.668693732781554 12.596107347712968 12.921320695504782 1.3595802021404728 8.709631494787587 12.573660854558204 9.060842519551597 7.892546050139491 3.9763542301444135 7.687976174583598 14.86504314909772 2.2909055566150327 6.467647304356078 9.948107049974789 14.739646421271756 7.310174167244151 1.8980186136701418 8.11382308916565 1.3945625353752993 1.0217225054470054 14.107968647390356 8.026874458534971 9.691815434142857 8.51459680660979 8.38116111869015 1.122862439487956 4.6557208102535625];
euros_km_B=[20.217534426831072 19.048614886086003 9.701205619693122 12.420931909929566 28.696326186620663 13.828215401456985 2.399524872214908 3.067759196950188 8.678025428511038 16.506737816616845 27.46961900716199 3.453269736741153 26.8088752357179 15.847831512810131 25.464872227096347 19.07806183628521 25.230040578779686 21.07265180581921 12.415208940141985 29.788593076411164 29.456373505155064 22.381091046005537 17.111004287254907 22.272368290518394 17.433231967869588 13.59821605172179 4.0728387151592225 24.393199197128414 3.2315146960985617 27.892401793285153 12.148943209322669 2.3248938542419224 23.6638063072903 21.656212257740044 2.620753394201051 20.171936253253637 6.594459218387145 20.986379294352353 29.14637404411024 13.901171111988642 15.954789154668092 3.136884869075086 6.849319262739032 8.07876830095954 19.83929935369656 26.256633689882417 20.012750608678502 1.45942124500887 18.19692955055191 20.855006797083725 26.852988226515045 1.021643757638313];


nDrivers=52;
max_D=[190 129 188 214 136 128 189 173 156 128 190 236 220 205 153 216 201 129 197 143 130 195 219 184 182 219 150 152 150 170 207 189 187 135 141 124 142 230 213 215 139 172 200 219 178 137 120 133 222 123 201 183];
        

nServices=54;
S_starting_time=[223 19 1 42 422 496 37 472 175 4 316 625 549 410 407 644 415 359 14 616 653 101 395 507 73 614 5 555 92 23 556 432 16 657 133 83 254 374 660 693 75 563 250 425 659 522 640 366 470 309 210 641 671 307];
duration_s_min=[91 82 94 60 71 103 92 68 63 104 77 117 82 65 66 64 99 115 87 98 86 106 65 118 118 91 99 95 99 97 65 75 92 82 117 93 81 114 103 90 110 77 103 91 64 119 97 61 67 84 83 64 64 115];
duration_s_km=[40 47 34 39 50 54 44 57 40 41 50 52 32 42 58 52 48 50 52 30 50 53 57 52 34 42 49 33 51 30 47 52 42 47 37 41 36 57 55 40 52 47 37 44 43 43 56 30 36 44 40 42 60 58];
num_passangers=[83 54 89 93 46 72 77 59 84 50 39 60 72 66 80 29 39 84 71 20 69 37 35 91 67 49 49 49 58 43 20 36 95 20 93 63 47 27 45 33 66 41 21 46 95 89 88 34 52 34 28 88 74 57];
BM=250;
CBM=0.500000;
CEM=0.800000;    