nBuses=20;
max_busses=21;
cap_B=[106 124 122 24 65 53 45 87 109 72 113 82 98 60 105 98 78 75 33 136];
euros_min_B=[2.857921755087225 5.0678302438031215 8.112763833429199 10.161150387927078 9.17092093659056 5.0435142976679375 8.630474939742328 7.862189227346472 14.17124456679806 3.119456595251656 13.953080442452029 2.5233511693944726 4.318430086216315 12.648186479245695 4.233960971250967 3.5010161118050878 3.1558238667588654 3.424585793590557 6.012458659140853 8.51524514423956];
euros_km_B=[27.488141987540246 22.85352133997838 2.968336534846084 25.996111815284998 13.534972003443553 7.541693383796159 13.806890223185523 25.313234131306817 18.42668550740909 7.307519931049098 22.891920712543776 12.65049716949445 7.980803403215632 3.8064963776263934 12.698955961814445 16.3472688428405 10.316798446357184 1.7109623110481407 23.41131136413128 15.500270313561314];


nDrivers=23;
max_D=[220 170 167 232 208 164 183 222 228 130 217 137 198 212 154 217 160 144 158 163 124 240 233];
        

nServices=26;
S_starting_time=[268 93 140 203 473 350 175 116 154 622 370 389 101 109 448 578 128 117 296 0 82 691 395 699 425 524];
duration_s_min=[88 79 76 87 64 112 98 113 72 83 63 65 72 68 107 84 118 95 81 118 93 66 73 72 73 96];
duration_s_km=[39 38 41 40 31 52 47 58 32 54 54 58 50 53 57 35 58 37 35 39 46 59 31 46 44 33];
num_passangers=[60 63 39 44 46 46 70 23 55 24 23 84 84 22 81 95 56 27 46 43 80 62 61 82 73 93];
BM=250;
CBM=0.500000;
CEM=0.800000;    