nBuses=42;
max_busses=38;
cap_B=[73 132 44 21 134 116 21 31 28 38 39 115 108 77 66 39 74 33 44 128 53 43 48 58 89 89 94 41 23 138 140 114 44 30 134 47 28 64 37 93 36 71];
euros_min_B=[10.31796365177339 14.610150712784604 8.991957994145274 4.408112463744163 10.42660013739055 9.184340058181677 11.598930669260193 13.111207371046094 2.0760007398280327 14.71057979359366 9.050949419449815 9.473296051719782 8.950833078338992 11.220985227795431 11.80484369407007 11.80665114987686 4.918500874492495 7.992559160422358 13.301130508903112 5.087613381350669 6.102333472500761 12.089912842400565 3.6650240954599544 7.562586501250399 12.07149550175473 12.153962265981548 7.513496673515488 9.189375791168585 9.209163461516173 5.41908306578107 2.248258022097004 7.269138599638803 5.518214362378188 13.35379556833371 14.930293226688962 11.338463883301745 14.23146317289412 6.86072684304647 6.478675398535976 1.899452217619193 9.858963765016892 11.07578208113013];
euros_km_B=[14.659249350251441 14.579492474524214 27.066234940311055 8.949758703357453 29.863838626408523 11.992871567324059 5.673288464911954 28.366742861626108 27.34723083746915 11.18742758137592 3.99119432915822 25.374238012478468 2.938288659317228 2.3990714651950564 24.68270609919685 28.1598082481304 14.18012457261155 27.836214498626195 23.39023504937778 9.518427908571137 8.76933182181417 26.938833329828967 25.552884096102932 23.53149054366711 4.396344397553139 23.808474106950246 21.418655935841237 28.294051217450598 25.167668438987683 19.15728229427496 7.271765603597919 2.294258509054167 13.609642401835329 9.940818264150732 8.223346484780611 6.857454956982664 14.032559114032873 7.326518890644897 19.715548154679063 24.797859367103566 25.204449801654945 11.38644841907471];


nDrivers=45;
max_D=[190 196 151 168 192 209 199 199 158 223 152 196 188 222 234 201 231 233 122 206 212 221 174 130 228 205 143 222 214 149 131 122 187 177 124 210 195 137 208 143 181 238 170 159 165];
        

nServices=48;
S_starting_time=[167 406 583 427 211 212 79 429 548 211 364 124 188 672 106 357 208 256 619 526 613 143 468 59 159 507 598 605 517 404 343 451 65 283 660 252 467 333 530 72 258 539 59 206 696 356 682 660];
duration_s_min=[72 77 67 98 95 84 95 109 102 61 98 78 81 73 93 64 119 109 114 104 66 109 88 72 119 87 64 80 118 75 102 72 96 100 103 101 120 64 91 103 119 65 61 86 93 105 113 80];
duration_s_km=[37 40 31 58 49 43 44 44 53 43 30 57 52 32 47 51 51 41 45 48 56 58 53 35 39 58 54 31 59 39 31 51 49 31 51 53 54 35 60 54 33 35 36 55 43 30 33 46];
num_passangers=[24 96 96 33 62 94 39 36 66 88 51 82 90 26 49 61 76 74 76 93 94 63 99 79 36 55 26 32 95 87 33 85 35 85 93 83 99 57 66 35 21 63 56 44 27 94 68 34];
BM=250;
CBM=0.500000;
CEM=0.800000;    