nBuses=49;
max_busses=41;
cap_B=[95 70 46 23 72 91 37 126 138 118 86 137 112 111 124 63 27 52 29 138 59 83 126 73 47 107 65 87 65 59 70 136 55 112 63 67 61 23 25 51 120 32 64 105 71 126 62 115 123];
euros_min_B=[11.730486525566645 9.207837670905862 6.350291642451799 9.648130413770819 1.1811058223129136 4.637192790904901 9.68398084341246 10.430393228818671 10.80948981120518 12.998606464555303 12.442519739088755 12.788353216592636 2.8539350645718007 14.793427406189085 2.634260973883223 4.857460245973977 2.9365611003678342 10.265418010680685 3.431653116284246 14.940666416653865 10.506694644241088 10.243977230972027 9.54748826009211 14.925819669101097 12.009698699219955 1.5651395629280396 7.162142780366937 9.568801580921368 9.858085042214471 6.637920989114102 5.31481207020431 12.45793748301425 8.803536117022968 13.873537338190634 4.997854054182938 13.469185058563378 5.86833738819807 13.527576724354825 4.6050805874805825 7.30469991892521 8.928872601584924 2.0371235210812184 11.66143813027217 10.6452215887623 5.365552828318071 11.761669925651136 3.7737099765783606 8.21571364704254 4.966991127670231];
euros_km_B=[18.617360379628728 6.073493919623873 16.994006379098476 10.455357826136703 26.352089814928735 7.266988863864329 5.162019597800254 13.155714592719676 11.758228627682014 3.1539736640090976 12.31794507452375 6.8084086526551415 6.247099371934402 12.97587557598449 16.993825939940407 9.911427934821635 13.146336340080119 27.40138641458877 9.923123556694044 9.803405220041533 24.380442213071753 19.18953012015832 14.258775033072737 24.317120822483137 19.917256110927816 8.064391370101802 13.08871274214371 4.751293039026641 4.472723841902866 1.3234040434752652 5.434752674492513 8.679700978836365 17.463900531306862 24.678059686914388 17.240479998793308 13.193475682428133 12.97013144706629 4.58940391915457 16.85692717233772 21.556980713958147 5.28271438217427 22.26369974652864 18.584713076359993 5.621932152836013 20.466262376921748 28.27376386075579 2.413066062061871 16.88936182905025 6.998394594794028];


nDrivers=54;
max_D=[158 161 152 185 122 120 190 236 146 201 183 167 140 191 198 199 235 198 171 159 185 215 228 221 120 152 132 133 149 207 182 171 162 177 183 159 204 164 161 160 181 204 213 152 165 143 180 213 213 152 187 141 176 217];
        

nServices=55;
S_starting_time=[186 513 351 185 405 660 569 182 535 526 652 639 140 563 643 389 690 531 376 485 417 585 250 291 291 563 561 256 33 683 453 195 470 304 107 108 162 580 581 256 317 189 406 316 175 389 675 150 269 38 26 718 66 706 348];
duration_s_min=[90 89 97 87 92 73 89 61 79 112 107 109 120 69 98 72 101 84 67 120 119 118 112 115 102 115 80 82 78 92 96 63 77 78 119 61 96 72 98 80 76 67 77 89 98 67 85 63 99 60 92 118 111 60 98];
duration_s_km=[57 39 49 35 42 32 42 39 51 42 50 36 43 30 52 46 55 41 44 47 30 36 42 59 50 44 36 45 39 33 30 52 39 31 51 52 57 39 41 37 35 60 30 41 40 56 41 36 51 55 49 56 37 44 35];
num_passangers=[93 54 86 68 31 55 24 31 78 71 43 43 21 65 90 67 21 67 71 24 59 59 92 89 27 80 47 49 68 96 41 30 27 24 95 42 52 97 43 87 61 73 25 56 55 93 63 33 32 90 40 34 61 90 95];
BM=250;
CBM=0.500000;
CEM=0.800000;    