nBuses=52;
max_busses=43;
cap_B=[33 113 48 36 32 24 97 79 47 34 85 29 79 140 103 45 114 25 38 99 126 106 21 29 33 109 110 34 25 128 90 80 106 67 128 62 88 91 63 134 110 45 139 132 50 79 54 28 30 110 59 107];
euros_min_B=[6.182430443572168 5.773132354984506 8.333669649509268 11.765319027983704 13.58867878691071 9.738333051860453 2.2462543817703073 4.2833263817094345 6.46200510143071 5.954394925757187 3.689344941708768 11.850601025437285 7.8326946850036 3.4984521663454693 7.916617994120538 9.196146695543877 8.03823150237343 6.615239679006272 12.273667475358616 3.950638046635805 6.148313700939491 3.725881462164283 8.827864620213617 3.711662228193182 5.0020692754928895 11.065399161420588 9.21178850810208 14.434356062788417 14.978370895992873 9.991563203137119 11.650395293392833 4.111780557190714 13.51318333217084 3.970377672742093 13.44820278974052 6.334704878338422 10.913975437468977 8.757599728389643 9.910845939194843 6.940232271726103 9.280130751540305 10.238876935249952 9.139620585576399 11.789478817967991 10.950477856877223 6.132607022090978 1.8046160193775096 9.557637362248053 12.852279940092915 4.130201993871244 7.556997420171516 5.196261855152229];
euros_km_B=[26.761175212767196 17.52692083163476 17.16936937153926 7.9699106635794426 22.670298171305816 10.475150049946219 9.428262630107264 23.69808753782394 4.807704604380713 19.086856550764352 21.585843984173955 13.145204518032108 4.216549366323987 26.11574366845002 27.390481987551247 6.716018002903587 10.792052473467908 3.6383825756149277 9.265868711327458 2.894255036480601 4.200455824732527 16.329558436732757 15.921791955527862 22.6350408704372 26.851804426540856 11.212988415705805 21.87922905846529 10.362268888897795 6.341006511095823 8.580448156369762 28.951149126576613 7.3083044671492186 5.668848941510417 1.8502043988972292 15.988123030749328 18.14358539473155 10.425377165968467 5.3111286956877235 23.7038859273849 2.398719178920875 27.348065034281188 7.650682862257479 17.861584218299118 3.562595461458014 12.234532398043985 14.859130659165912 9.789256910430465 7.215769480520085 13.352960466255098 26.174471341196885 12.692757926891492 27.69112861689265];


nDrivers=52;
max_D=[146 210 187 202 135 225 235 155 176 233 219 168 223 189 155 198 238 135 132 166 133 204 235 210 214 175 142 135 187 235 199 175 216 206 189 152 220 195 173 194 219 236 138 197 174 170 191 216 133 171 191 189];
        

nServices=54;
S_starting_time=[522 247 220 284 469 369 17 343 468 598 672 382 528 591 218 309 338 280 359 6 572 545 594 648 295 492 430 672 30 96 256 659 573 597 553 351 389 173 615 393 465 192 185 681 566 491 537 537 472 524 477 267 514 534];
duration_s_min=[62 99 106 79 78 73 89 109 62 60 91 86 119 87 71 62 85 99 89 77 76 84 79 120 109 87 115 71 117 78 100 92 83 61 78 115 69 95 93 108 78 107 113 103 95 91 87 115 95 84 92 90 78 93];
duration_s_km=[45 42 37 60 47 33 42 30 45 34 39 39 53 39 38 52 42 55 36 58 48 60 36 34 43 49 37 53 34 56 48 50 51 56 45 57 51 37 33 34 46 53 49 32 31 54 50 34 52 35 50 53 56 40];
num_passangers=[82 97 21 74 49 90 68 87 78 36 33 41 95 39 30 49 33 42 38 30 73 33 79 95 52 38 31 80 51 27 36 89 20 54 80 72 84 76 93 23 68 21 51 79 96 58 40 95 22 67 40 41 48 24];
BM=250;
CBM=0.500000;
CEM=0.800000;    