nBuses=31;
max_busses=26;
cap_B=[61 121 71 138 105 34 138 138 77 86 123 103 64 90 109 21 74 89 76 114 55 62 75 103 87 21 112 49 138 50 82];
euros_min_B=[6.525686564717126 4.5216803492486655 11.937184577137481 4.398638931719422 3.9817221881770366 2.882927870072841 7.33682097388199 9.491853517466266 3.753624365394714 7.952175359877451 6.109623339893968 10.330309920095818 7.948896913585205 12.234575077706182 1.7256875404146206 6.863458515577476 6.791519899934495 8.615825650739511 7.808554231417972 9.099391973168114 10.353398888111252 6.649673347144565 14.666108871158812 6.50356556428193 12.343602435183257 3.456871769336047 4.082423381135919 14.501073745768004 7.014010315420385 7.366508018900159 10.48875084612959];
euros_km_B=[16.058340145708236 9.55987231665525 1.288723870841293 6.8280718537581775 29.608527856876858 16.290199927345565 3.5388943566131252 5.718293049844062 3.3126154113953215 10.685866881177196 16.895716612170823 28.36222643931463 1.6455860057270015 27.0806334230505 11.768344966614645 10.235854786038141 29.86378828780705 3.9200556729713947 29.104605482000462 28.286733623090292 13.653710516938244 22.809692562447626 21.24363848168873 17.02385759186554 26.838443992162322 7.588745879209066 28.594265139607874 2.6489413580771997 9.032187943419666 2.536137830538801 24.51942936043788];


nDrivers=36;
max_D=[150 170 174 223 234 170 160 142 134 223 205 225 147 131 137 226 142 168 193 197 180 220 146 227 208 216 225 154 217 184 191 172 128 170 194 169];
        

nServices=37;
S_starting_time=[434 226 351 279 123 143 103 432 661 32 159 589 233 138 450 161 364 420 426 72 494 464 289 516 705 387 603 0 528 480 42 436 698 630 462 483 223];
duration_s_min=[65 90 100 62 68 107 67 100 90 82 106 94 91 68 92 84 101 118 99 68 63 80 70 78 99 64 89 64 120 83 111 78 112 113 115 103 119];
duration_s_km=[53 46 36 55 56 43 50 43 30 47 58 53 48 30 53 31 52 43 54 39 40 38 39 39 46 49 49 36 38 30 37 31 49 44 56 38 42];
num_passangers=[37 56 40 51 41 81 21 94 45 92 21 91 95 63 56 68 27 31 27 25 50 46 81 38 62 42 47 26 95 51 34 78 29 37 52 45 67];
BM=250;
CBM=0.500000;
CEM=0.800000;    