nBuses=25;
max_busses=15;
cap_B=[79 47 127 51 49 38 90 136 83 97 26 121 48 108 113 44 100 110 59 94 120 66 20 104 24];
euros_min_B=[6.039845987964213 1.6030670084908005 1.9536525022738864 8.143193779328488 6.450054594880598 5.442182713077016 10.567323670933398 8.112379034431346 9.78794019010487 5.408920392270867 11.085647871402886 12.68555821622029 12.547124910289241 5.829592287541397 6.101660887502717 4.669286407806784 1.1849237239826018 9.615304605894554 3.4329503203178136 7.963287292109705 13.778952349108572 6.917848516765609 2.0970184663140183 14.013369994219351 1.7950372040584193];
euros_km_B=[15.816371221469508 23.56466316102894 28.916239300045362 23.050645491948632 28.92216932030313 20.473112472297768 21.958876460837693 13.621698710090131 10.737444619007356 23.00809356728301 14.291484480934066 13.977505320350952 22.209839375384963 18.47429552942548 23.09573340074952 15.224697415752638 21.624692202181446 7.389409871694121 1.1828030099190605 25.516506595553906 20.210730620698577 25.672499104972545 15.706995426090991 4.80052123899955 27.219669609453188];


nDrivers=25;
max_D=[180 193 208 210 124 194 184 223 139 128 163 139 180 126 229 134 213 139 157 190 137 171 123 223 149];
        

nServices=30;
S_starting_time=[650 62 509 600 204 158 365 253 581 488 407 449 271 572 121 186 207 452 620 330 30 561 713 149 239 48 391 295 55 319];
duration_s_min=[75 85 120 88 102 66 107 118 66 109 73 89 81 83 95 98 70 112 110 99 115 91 107 99 73 71 76 80 82 82];
duration_s_km=[30 51 57 43 38 50 31 53 51 33 34 39 54 59 45 43 44 36 31 51 37 31 37 32 35 50 52 59 45 31];
num_passangers=[53 63 30 52 99 55 92 91 22 25 26 84 87 86 77 38 75 64 96 90 40 60 41 62 44 42 39 58 86 79];
BM=250;
CBM=0.500000;
CEM=0.800000;    