nBuses=29;
max_busses=20;
cap_B=[50 97 132 51 114 122 66 116 80 51 51 124 38 39 68 129 99 83 35 121 41 114 66 110 136 121 91 125 81];
euros_min_B=[5.440238144763625 3.2652865034080403 3.908430893343356 14.502893776451023 1.8099663351235065 13.487626145726166 6.016369501879581 8.420528622718463 8.049487258240758 3.475000928198975 12.989631011410129 12.54501411692197 5.919776710543942 5.985888106130206 8.905648510709558 5.869043364481739 13.611442897624034 7.2342689090942365 2.474978678125953 2.6963300257860494 2.333519321859672 5.167428475793814 7.524051103775384 12.93992056907512 14.059431645845558 5.0969140325144116 11.807869486974216 4.199831399244666 2.4475907642869243];
euros_km_B=[24.057531838160596 16.368721162531962 24.504428569363803 27.06816496999666 11.169633366024215 15.488865116137582 21.954169246595377 25.316103096004923 29.694019658347504 9.12054364834311 17.737881798251077 20.67252731182237 1.943200932237837 21.117957466738464 20.82394296443445 28.822747666003387 27.260687552861143 10.377497831285533 24.5609649361018 12.022937579398251 19.473282963230314 25.298020959163516 24.32538188220084 7.918959391573376 3.92900428886372 2.139348705548625 12.759509180369331 5.692659306220963 25.13864908338579];


nDrivers=31;
max_D=[150 195 161 130 204 215 162 210 201 136 225 151 172 150 144 187 157 141 124 140 220 237 215 152 180 228 147 170 188 122 191];
        

nServices=33;
S_starting_time=[591 316 212 632 219 76 708 182 470 719 215 588 276 457 589 11 207 420 306 711 54 118 160 47 46 146 346 246 677 257 262 38 279];
duration_s_min=[100 95 65 98 60 69 87 96 91 120 82 67 116 118 117 111 78 97 75 117 70 108 105 61 62 118 115 94 81 114 74 87 119];
duration_s_km=[55 49 32 35 44 49 56 35 56 36 39 38 35 54 39 40 37 31 45 51 50 31 60 30 41 34 46 43 36 41 59 31 36];
num_passangers=[95 67 48 82 63 77 60 49 91 52 76 41 98 44 67 71 30 38 54 28 54 85 27 55 34 35 39 43 85 85 98 35 69];
BM=250;
CBM=0.500000;
CEM=0.800000;    