nBuses=19;
max_busses=13;
cap_B=[64 81 20 128 140 69 33 129 117 43 44 81 79 28 61 45 101 82 31];
euros_min_B=[3.78482541449556 4.9217662266453885 5.399482381906743 8.153682722056864 13.833562469849642 11.123085925640956 2.3180955918961565 9.030523865607755 11.03723114950542 7.800554780403308 11.384877714440174 6.6857535084396496 8.347796145084956 8.636047678494878 2.0354737114872137 2.1143006268808273 8.64613319085862 12.038129005908663 2.4428147793863646];
euros_km_B=[1.5456464704398116 6.256240794599015 15.520666524569172 19.904145280770365 3.930921675544523 14.144979404628753 6.0026238261102804 15.639945920132421 18.129139557977567 24.47611187459183 19.636168817249875 16.890093093564072 24.515679357187608 5.3422860822452565 15.878117920913443 17.51704914902756 29.449353007061145 7.015005481002064 18.67207579282495];


nDrivers=18;
max_D=[196 129 226 141 206 199 215 178 132 227 220 173 204 131 214 216 162 144];
        

nServices=25;
S_starting_time=[608 150 291 264 248 111 339 202 365 693 159 47 86 620 318 232 432 78 263 61 192 157 706 321 625];
duration_s_min=[105 71 95 76 71 99 69 80 117 63 89 102 107 93 97 67 81 108 68 97 114 104 69 90 92];
duration_s_km=[58 33 39 35 49 30 33 48 34 35 50 39 45 34 47 59 38 49 57 60 50 43 45 47 60];
num_passangers=[73 99 82 56 57 77 77 53 81 41 20 84 62 68 41 25 66 94 98 79 66 54 52 76 88];
BM=250;
CBM=0.500000;
CEM=0.800000;    