nBuses=22;
max_busses=13;
cap_B=[60 43 113 26 34 136 55 62 137 27 68 134 109 21 23 109 47 104 71 71 123 137];
euros_min_B=[7.814779171290536 7.655907247596983 12.96861661316908 1.9083336085491818 5.019708192615677 14.281497638754704 7.994445370654875 4.228380233451519 12.807610179064001 5.680332911398971 6.387547398406971 7.77902901876044 13.305194383425903 10.607070703012528 4.10393501202873 2.4982947897461028 14.03571822861269 6.780899432095499 14.913735478521021 14.691892720595904 14.20873782943825 14.65356557265705];
euros_km_B=[26.459217130542836 5.606842775835299 17.164508561843704 17.385981399124066 28.932505136657074 18.000146696645295 25.402441807379848 4.2553835725037 8.025862297996305 12.193363754468146 7.788346470032498 22.90719973470927 14.892580609899182 4.062790993226179 24.266643081853534 1.7898417639778044 21.967937509694803 26.109924690020392 17.858816680354114 8.251445980201673 14.47309370898064 6.666034722856034];


nDrivers=22;
max_D=[182 188 121 222 227 197 171 169 191 155 134 147 175 127 195 194 172 194 138 232 181 233];
        

nServices=27;
S_starting_time=[539 9 13 709 374 230 246 52 166 331 284 496 118 110 80 529 192 693 331 434 559 241 53 504 443 632 512];
duration_s_min=[112 102 104 73 64 104 109 93 67 91 87 71 105 84 109 90 97 75 73 120 63 109 100 67 89 64 117];
duration_s_km=[41 48 31 44 41 53 42 54 40 54 37 55 38 31 35 39 33 36 31 46 30 60 44 55 48 33 35];
num_passangers=[36 45 28 87 30 46 32 28 85 99 71 21 83 35 61 50 45 65 46 38 76 81 75 88 42 45 25];
BM=250;
CBM=0.500000;
CEM=0.800000;    