nBuses=41;
max_busses=44;
cap_B=[138 134 72 44 84 84 94 83 109 83 72 62 22 87 55 97 105 121 89 84 70 132 65 135 65 73 102 107 50 103 81 34 32 40 125 135 79 64 88 37 21];
euros_min_B=[5.999716938318821 14.811121715854718 12.704761856178003 12.231966372698501 7.507068510206062 13.052400850288818 5.610879649402609 7.206889577022595 7.196650130864368 1.1377330586135694 6.32352788035755 2.7644119125948703 12.528592247362864 1.2543358527693855 13.464719869403124 9.057778454100207 12.160412264194962 4.41370099317092 11.460886749674806 1.5957283271356038 3.3457656852716484 13.52951995438726 8.055663370516246 4.737287102576483 1.6523505700149708 1.686878579073803 1.7307598871105927 14.506313345168323 3.8107561882165197 3.7631149783721716 9.96683025378884 13.445261709251417 8.165779215359878 10.975247863856383 14.262307436601368 2.4746241076836406 4.485470793161232 6.102076994403045 1.4392982708986128 13.047528602365622 7.571931823123208];
euros_km_B=[18.981631733074646 8.58159268478862 24.025842754387508 13.712517043525578 7.765818576871183 12.169204100630312 29.51327236235002 13.267986005076498 8.421772757469403 8.930554497952386 16.884323979671123 7.822728533650223 9.057203176539748 21.31711887102141 22.24271009167857 16.432183964088686 4.620681120872794 9.942329488414455 27.708857648898764 15.83547470372 16.902721410838872 8.7759201723557 22.318169195131905 10.332181973021894 2.342384430685529 12.068701673100412 19.646691290877435 14.022535964687384 23.92296091818058 28.059818794509486 13.27906718289611 21.728506083453144 11.300150406470713 11.570255119519516 2.6077975491878793 12.859116365226932 1.8546177670340254 9.890038881484099 29.827601470573246 1.7772599862553453 12.724257095389982];


nDrivers=41;
max_D=[151 177 180 175 190 211 189 131 199 194 204 201 169 187 135 206 180 215 173 165 164 126 185 206 196 226 186 126 198 138 219 230 234 179 215 229 147 147 157 208 129];
        

nServices=45;
S_starting_time=[536 354 276 252 655 380 479 401 451 328 529 188 252 174 685 481 204 76 582 625 352 142 558 494 498 313 290 217 569 400 326 569 436 355 493 159 132 482 444 318 490 19 566 418 306];
duration_s_min=[70 84 92 112 105 107 78 113 65 90 79 101 63 83 73 97 86 75 88 110 72 108 72 87 110 65 89 117 97 68 65 98 115 119 66 79 85 85 118 74 66 88 107 95 113];
duration_s_km=[56 49 41 58 35 32 54 44 47 35 57 52 59 49 56 53 49 30 51 59 30 35 50 32 40 51 58 47 54 37 43 46 39 48 43 60 32 32 33 53 32 37 32 46 36];
num_passangers=[88 33 45 22 79 54 68 45 48 27 69 63 66 94 80 74 84 81 73 71 69 100 46 96 51 53 96 39 96 60 83 73 85 44 91 100 97 31 59 86 34 84 72 36 38];
BM=250;
CBM=0.500000;
CEM=0.800000;    