nBuses=49;
max_busses=46;
cap_B=[50 59 59 22 60 92 109 98 85 121 124 64 90 132 45 24 91 122 110 93 132 107 126 37 82 81 59 116 71 89 48 26 34 99 28 38 91 115 36 126 66 110 120 104 124 68 103 123 102];
euros_min_B=[2.122237037623152 4.2586414456509045 7.60848748765405 14.082301262242826 3.8200571345572136 9.139504863054597 6.732311427311641 14.109112594044277 1.4688943035676099 14.76377833387854 11.658676182127705 10.27703166771816 9.1152398597129 10.383508930076362 1.3717923785816712 7.16900468342063 7.860280768486699 2.298427023692888 12.41675550006768 1.3729731398444056 2.674808254463539 13.253683778934835 3.9381183573474745 1.3728179744486022 9.932429330116467 10.710249052796714 12.026017713269097 8.970669042883085 1.5688638976728015 7.823725134089931 13.196121341601323 9.897763926293798 10.465781665038962 8.595740237013585 9.370359595908678 2.8865342384509427 11.188033583478555 13.888896238991542 5.788216454347827 13.943885351070595 12.74111457844465 3.684416865146364 1.101917792010262 11.861375541863305 1.8818768132758366 6.680913308410007 3.5242006805927337 9.880946120616866 3.810964760766266];
euros_km_B=[2.2584393665321922 27.89538861306074 6.195244093424035 3.5519873642475206 23.414073984367743 3.6623383665021105 27.495494828313277 10.040291623388892 7.830961037641093 10.429530307159114 28.700291086676643 29.938784393302683 24.96427545451505 15.18906786543679 21.42633647433633 28.36676922931347 3.6145081990461785 15.662687108243173 17.073993378873407 24.52599732907484 29.002793681155907 3.7074268776254784 27.318403619714385 5.857026520136226 17.110345837576624 21.04965894039146 26.865686674096604 2.2094597296151384 21.025736311172594 29.87544624282024 8.089148281101812 18.01458186003286 14.084860668916024 26.493656719360384 3.702224957359702 12.018368325948625 15.038692068577264 6.6966777667867925 18.502686393690304 7.558979725212637 15.396961979792545 13.715064218798034 11.888283231286374 20.032139265995646 18.55113918616887 4.716915582903146 14.946053563266338 24.135370914448913 5.60156665115596];


nDrivers=52;
max_D=[224 128 177 145 148 138 225 146 175 200 175 224 142 223 180 215 171 142 221 128 130 182 170 175 189 181 212 166 184 197 234 142 173 211 135 219 137 157 233 234 143 131 130 203 181 145 141 129 135 206 224 148];
        

nServices=55;
S_starting_time=[184 21 466 147 510 629 708 658 454 357 564 144 380 208 651 711 176 72 7 292 446 104 231 287 100 684 637 249 4 435 51 655 309 670 459 532 237 431 266 332 488 645 575 480 200 613 648 436 320 180 301 358 154 336 135];
duration_s_min=[111 71 85 76 98 62 85 61 107 117 103 64 117 76 106 97 112 88 76 61 63 65 76 73 104 114 63 88 87 101 111 73 60 94 93 64 111 77 100 71 93 103 73 116 77 79 89 117 119 73 78 108 114 74 100];
duration_s_km=[49 46 43 46 46 42 45 45 40 49 55 37 31 49 51 55 60 60 48 54 54 59 31 56 46 59 53 59 35 39 34 30 43 39 48 57 32 36 37 49 51 35 41 60 55 42 52 58 35 33 55 51 43 53 58];
num_passangers=[77 61 89 57 49 77 68 84 55 55 62 81 73 57 89 36 69 57 84 80 20 88 61 91 23 48 48 30 24 80 53 49 21 88 67 67 50 74 45 21 53 40 35 91 60 85 40 36 98 25 56 93 81 23 33];
BM=250;
CBM=0.500000;
CEM=0.800000;    