nBuses=49;
max_busses=36;
cap_B=[70 86 55 24 69 96 66 71 22 129 30 135 73 65 126 46 68 99 90 88 138 56 65 113 81 33 98 74 115 36 72 54 27 56 55 115 126 65 111 31 92 70 42 72 139 74 60 22 129];
euros_min_B=[12.589554859814227 14.905553140204887 2.113189440940735 10.304178430935323 9.066797616095586 6.4785493941534185 4.550894083648387 7.215463904036261 2.3495928946063955 6.691561135233121 7.184629128022558 12.00552368605845 12.069651454991892 11.89210958323587 11.787263946722023 14.106715218261634 3.9063981512255914 3.205500041433986 4.307562967402088 11.261851063467786 12.870290927656018 11.766258366286872 13.870054451874546 10.139846327184754 7.867806932978007 3.510100366844572 1.4498866304337636 5.326279732141406 9.974630591135023 8.403110027340059 12.73259646051104 1.4006902908565093 14.148628417534301 2.8459612289857557 13.494381080043638 3.4477808524361855 1.588985912852426 3.3222498891219585 10.282800603444443 5.500998513808094 2.3185344351377237 7.3691580816883695 4.495505535401046 2.466787133204397 4.777441528030964 10.198746205545499 2.0518376625466876 3.3280757332304427 14.84656615955634];
euros_km_B=[18.59342072993795 19.336362967715917 3.766238174275065 15.301028580961223 11.734128380210963 11.189466469898749 20.092258183261272 2.156913649343569 28.546447152034695 2.3319001723730715 15.432672677258065 14.906822143479657 14.727732169965327 5.934971476446342 9.405360995769662 22.697175284586535 26.076926157527247 21.370402033540422 21.281154081265875 23.16428656743682 17.396215143415727 8.855608687837693 13.222386949561175 12.951944577763818 10.111662163249836 26.14693062350966 11.216348239894437 27.925257339798737 2.456682667374194 12.556307642761992 4.655550768304316 1.438440777870933 5.237729281859944 7.523461035747134 21.35944654573399 28.689535124303706 5.340739022553477 6.417920782182976 28.938358507853586 4.671587005195458 29.94667234928413 1.0110408679890144 2.7873971743674355 6.350413631377456 23.399118918586232 28.664797472930875 1.8996615485960504 1.1817021758132968 9.610645796884807];


nDrivers=47;
max_D=[151 127 226 230 139 157 145 179 131 151 216 232 187 218 234 218 150 127 196 200 184 129 169 153 125 196 129 184 206 182 223 215 124 219 157 152 199 237 193 190 146 143 177 232 162 154 122];
        

nServices=50;
S_starting_time=[572 121 568 641 20 478 404 137 454 577 186 389 50 281 370 125 15 217 353 717 505 174 189 332 242 168 595 688 102 221 485 39 177 102 93 709 478 703 470 575 384 462 14 15 344 514 21 27 552 636];
duration_s_min=[88 72 76 119 81 67 111 103 118 90 65 93 95 64 98 70 120 112 85 71 82 119 78 80 118 100 63 82 82 94 88 60 89 97 94 86 117 90 92 69 104 90 110 96 97 113 92 83 69 77];
duration_s_km=[38 31 44 51 40 57 48 48 31 37 41 47 53 60 42 45 58 44 48 33 57 38 32 47 30 56 37 57 59 36 30 58 58 32 35 34 41 48 37 38 48 54 55 43 44 45 45 33 60 48];
num_passangers=[79 90 82 34 28 31 28 91 42 73 97 52 93 76 62 64 87 78 72 92 60 67 75 84 98 42 32 28 99 21 33 56 20 34 50 45 78 58 33 31 45 35 44 85 23 65 29 83 41 23];
BM=250;
CBM=0.500000;
CEM=0.800000;    