nBuses=29;
max_busses=20;
cap_B=[87 59 93 124 36 88 109 42 120 129 106 44 74 66 108 60 65 47 27 132 99 90 21 79 111 74 111 121 28];
euros_min_B=[9.390724631539033 9.014093402736059 11.588370167416882 13.498977027034332 13.505639143037488 8.871232209619148 6.83299821389434 9.061427659223245 2.818593560683727 3.8087771458233037 10.367570530782489 11.696479432536494 11.994853456450134 11.408845200004953 14.86903006240845 8.839104104050955 9.305357076672369 4.668623053031302 4.387544792512344 3.0271529749173025 7.132187713974127 2.460751619029897 12.212671308028273 5.0259325092678315 3.0365249542957744 4.9530530001801685 6.114293037436487 6.451390341551196 6.2098483526192165];
euros_km_B=[1.51827543581581 9.212161967502103 10.911400061891204 25.596890444342712 23.108127975412362 17.137889583452473 12.283279390458814 4.695266093689069 2.4241136093764615 6.010111162349359 23.492901718950634 4.632009499094775 22.401022799570583 6.212440917176816 21.503274574409748 12.741164857686716 9.278395323158668 22.528730648050253 3.4709205536421472 10.848875057595054 14.00876047881768 17.044387594908766 22.242485508108434 21.982413835818594 23.423580846842484 25.01240066647383 8.058680021353098 12.62401704097178 25.74798236903401];


nDrivers=24;
max_D=[182 124 137 229 126 215 184 231 203 209 191 238 190 236 190 234 132 189 231 190 223 157 218 201];
        

nServices=31;
S_starting_time=[568 367 626 481 638 90 12 309 48 314 87 1 604 233 468 294 340 617 646 698 633 717 480 383 678 526 609 613 31 655 580];
duration_s_min=[70 101 97 89 110 80 114 94 97 62 69 116 87 102 62 78 81 64 85 68 69 84 90 71 98 96 106 61 119 104 87];
duration_s_km=[41 53 47 48 45 31 59 41 49 49 52 31 45 41 49 31 35 56 36 58 41 51 45 36 31 42 34 50 33 51 46];
num_passangers=[68 89 77 64 26 73 81 92 77 44 71 21 92 88 50 100 64 24 34 72 91 90 65 47 86 40 68 63 77 22 39];
BM=250;
CBM=0.500000;
CEM=0.800000;    