nBuses=50;
max_busses=51;
cap_B=[20 121 59 81 85 39 95 26 135 21 111 124 50 21 28 26 123 102 80 95 78 118 90 103 86 83 113 85 73 54 106 88 20 51 22 98 66 85 21 98 128 67 124 65 96 90 40 85 88 130];
euros_min_B=[3.5408541515879026 8.6508296223407 3.511273928429266 2.14219750534581 3.3507778822411494 9.969470485669017 14.19454281100366 1.5524294801749394 11.745284337463916 2.7028233930932055 7.132934687446097 9.995171671913196 5.306145256298011 11.344245065361953 7.007677731748105 13.939955968894674 10.285255634393813 8.572038432258438 1.7896448397327374 4.0950787067153716 1.7823788670877647 13.197055748047509 11.670967160434676 2.417221139201891 6.993138851130479 6.588249820921597 5.0792974480620705 1.804545715062817 8.787689878199842 11.05104092938296 10.303274831251105 14.330894625223353 14.192393304066842 5.128306096908455 3.9163779713005433 1.5275642937587508 10.439144815268566 14.953270614161212 8.598590302989763 12.838345389100517 1.2518069096547846 8.189636165078506 11.005863378659836 1.4728387158996945 13.828477244261649 7.006348578643886 7.067036862452879 5.783630531379579 4.894308134535624 3.5622657976842977];
euros_km_B=[20.94704208475434 22.454181918700584 22.747474637859757 1.3628649718504962 22.859963170689145 8.930568042192954 11.33231941739344 29.034102758389242 7.336779277580675 19.967471735932385 10.31541741812522 9.834044064948248 4.11339826326358 8.875573245936835 22.929751696062525 25.04194648457441 20.881927631241496 19.376512333397468 14.18418883610962 28.885117223172713 7.733564426836308 14.72737062430342 24.132883107387656 24.3956255131865 12.478290104515162 22.678194999490852 27.839096890826006 14.386234019439637 3.145427135407854 6.842691087413846 14.549533840364823 6.081040262737556 16.030207688455164 3.4086431768754455 22.6460681524659 24.720322730419667 11.231093507051398 10.992314407500285 27.581486753227423 5.673133276278079 21.91022023541837 20.722495725484404 10.22134876582732 10.855197113003875 7.027399904584819 23.184487647051814 8.285055886949197 23.371181234135225 29.550285241414485 14.635965028453017];


nDrivers=46;
max_D=[194 190 174 240 156 238 170 227 231 141 169 217 216 228 132 148 178 214 182 176 204 238 211 152 180 166 203 227 221 172 160 171 210 154 159 209 145 182 236 122 164 146 234 181 145 230];
        

nServices=52;
S_starting_time=[641 272 396 508 150 664 133 500 404 18 35 504 664 386 67 537 132 410 194 137 561 281 283 551 313 292 673 636 497 651 508 38 628 179 345 559 103 707 598 513 343 389 184 296 706 567 597 567 87 650 717 574];
duration_s_min=[90 104 73 86 87 71 102 92 89 77 115 115 89 97 85 74 100 81 98 74 72 115 104 88 70 98 86 92 111 60 99 75 94 88 91 109 78 75 83 98 66 105 89 117 90 76 108 79 65 72 90 104];
duration_s_km=[56 57 38 35 32 59 49 40 54 47 42 40 54 56 59 51 43 56 37 46 40 42 40 58 44 50 49 43 37 42 46 45 57 57 48 51 53 38 34 42 40 43 49 58 43 35 33 48 42 47 36 43];
num_passangers=[55 52 32 67 82 52 79 84 71 89 45 91 82 96 57 45 73 36 21 53 85 57 52 77 69 63 92 88 67 81 85 54 98 32 34 27 65 89 80 33 30 94 82 65 22 36 49 50 92 79 34 96];
BM=250;
CBM=0.500000;
CEM=0.800000;    