nBuses=57;
max_busses=50;
cap_B=[117 89 84 102 112 75 39 102 69 40 110 73 53 69 112 21 84 50 48 106 128 135 107 84 35 59 49 45 49 51 45 22 58 86 117 90 71 62 57 118 71 119 82 109 80 130 119 80 78 139 67 132 66 119 22 140 138];
euros_min_B=[8.929665903779469 12.50362537778621 6.179582690697455 13.578942894648447 8.120639371042529 2.807245651985198 3.2788186292702015 2.6318069056486655 12.08807317861896 10.037548563206169 1.9422759556141855 14.695983055356301 8.837796573350634 14.676029134629674 5.234153384694357 8.304678327222287 2.9990515457541482 2.4126123490880858 10.591487469836196 11.449871894944273 14.295525511388506 1.8876948683279824 9.742238641089322 14.032509216253949 5.7297145294494936 9.775576480472637 5.508166110971271 1.8268331306248484 14.360524231338351 2.641391769210247 12.126953789667056 14.430756767977897 9.147590491371066 9.702861715249185 3.264342960889559 2.995846800761658 13.276930730957705 4.2973067262240745 4.586226387768665 1.4186205038190647 1.9443850520360815 5.012798942394409 6.561021661816894 5.337606802090734 9.137734483541966 14.517040293503257 5.1378038131153465 11.409786608322973 6.854829666715739 10.050143281941294 13.634307780379972 9.122080865590144 4.493727820544317 8.97874300328913 10.84464247309521 6.689963768612187 5.000998615095462];
euros_km_B=[23.95599495226919 27.13088075622858 2.1013879203329897 19.531982519287013 8.59259038764531 17.114777742248826 24.934768853169842 25.735613038203986 21.402246782173734 16.71429107229858 4.115003092884315 24.350467724520666 6.6171221544888885 20.293895127035345 29.82502383508833 16.007116629349028 25.704023618403514 26.359629208229546 14.34022555795461 2.8061591472098675 20.65374360295629 23.08422108141013 7.923827116960683 9.358958032020713 16.486296509783706 13.657651489159964 20.840851306207334 6.1821964224217 22.960393872215388 27.34385566543288 13.149367872121548 5.034176934762414 6.0059409215938775 29.210074690660225 2.139425949179178 12.801017609580622 5.130255419310645 11.52724585575122 14.271515381888863 5.873838673853909 27.5094301549431 22.745916638555276 15.617846361273145 16.65072631847881 18.740004112344348 18.067697674820778 16.13441190643072 7.269227415564671 14.1549992396189 9.412282642123087 10.133190653843048 5.895328291981786 29.61156917091433 15.632873367103679 17.913728848499808 24.06429709139973 8.566861247635147];


nDrivers=57;
max_D=[192 180 200 129 191 213 193 218 136 228 195 202 237 194 188 227 229 215 186 148 215 170 176 202 151 136 225 151 173 201 213 236 161 132 211 140 222 173 149 127 231 141 178 128 179 185 141 139 200 157 131 167 223 233 170 235 196];
        

nServices=63;
S_starting_time=[192 541 706 219 70 105 37 476 159 65 532 635 578 473 70 634 536 698 407 412 432 94 504 542 78 356 640 377 522 390 141 703 35 279 216 105 99 240 670 595 347 230 563 243 590 137 607 568 368 648 543 529 238 221 535 259 357 117 399 204 72 664 28];
duration_s_min=[101 75 92 73 103 63 105 111 99 61 102 72 60 71 72 101 103 81 91 82 112 117 63 66 60 63 61 119 65 89 112 90 75 63 120 65 114 66 72 106 119 118 103 87 63 116 118 99 102 102 86 75 119 78 86 79 73 77 105 111 104 63 76];
duration_s_km=[38 30 34 57 44 47 56 52 47 50 50 46 48 59 54 53 44 54 47 40 43 40 45 46 56 53 50 52 46 49 32 50 39 47 51 51 36 36 33 41 53 51 47 31 55 48 35 49 54 58 40 35 39 47 58 52 42 34 60 30 53 51 52];
num_passangers=[83 38 77 56 58 62 81 79 58 45 82 55 50 36 77 34 71 25 69 96 85 24 52 58 83 23 25 42 95 91 71 57 52 72 83 45 74 88 81 66 100 22 58 37 42 52 50 52 93 100 46 69 70 84 70 28 68 47 79 91 56 96 46];
BM=250;
CBM=0.500000;
CEM=0.800000;    