nBuses=42;
max_busses=41;
cap_B=[56 32 26 115 75 65 37 36 32 61 36 119 32 92 132 100 109 70 23 51 47 125 124 50 31 44 44 78 108 78 104 21 79 121 47 126 139 116 67 136 113 66];
euros_min_B=[11.946228106942534 10.578761207741987 3.7126648478829196 5.632882956880659 5.312486457382425 9.426189691986426 5.798853480233525 8.38202065370699 8.71617993506887 9.586747665102136 10.824779382497864 12.027322905693541 13.346794986613471 2.1030927158911403 11.4276447951 10.583451529594754 4.34711922899435 8.033293614875056 4.339714242178552 2.452955789158519 3.6081894803940613 8.787688065668515 14.616627937859871 3.5345110964613378 11.303369121078608 5.777942359707422 14.80580273064341 2.5672319935254064 12.801751818754562 2.6444949721676263 8.386488671632991 11.361710168426804 10.051803660363225 7.733288276231409 8.178744534342389 1.9670723353483552 14.564190866249383 12.070263700266256 11.266620750016987 7.206201296672627 12.151250774584126 5.696009535644816];
euros_km_B=[15.354744797010824 28.537267689255422 24.124904027286824 1.0666367795889575 12.634634882161578 27.344710423154666 6.910730295599301 11.083598923801029 7.399265000608915 27.584709235669777 23.733227302309565 1.0246204624214927 13.117173539980149 13.703337472562332 1.6764977725563015 6.199573659646792 21.98182250531786 26.50177658542302 14.092279509009623 28.460912969542232 3.6875017300147532 27.31330025819576 12.691236780950627 22.102754844999396 27.683439323940895 20.082928428559 9.403875134238183 3.602635648175631 27.624591046317057 9.313038061022322 24.88650420644622 6.2119133354576155 28.76111783364026 13.938115748053274 15.427188150040545 7.335587730053591 16.55082821923741 28.818830420063875 3.0728166792699096 25.397640671302636 28.191370513770142 29.015645828576943];


nDrivers=43;
max_D=[223 236 148 213 232 124 238 213 216 216 209 150 128 236 226 144 237 216 145 221 231 137 130 226 171 152 235 142 223 196 209 179 236 167 167 203 146 235 126 234 196 203 134];
        

nServices=46;
S_starting_time=[246 608 477 109 107 251 708 23 366 460 673 245 260 181 574 487 462 563 31 181 249 488 538 286 664 147 374 684 287 555 349 385 560 378 239 559 666 163 623 609 680 256 323 163 343 706];
duration_s_min=[88 103 102 113 87 87 88 83 114 69 111 115 60 105 105 66 68 86 98 71 63 100 82 104 107 99 102 95 107 119 92 84 118 114 77 113 62 108 84 101 88 114 113 61 102 112];
duration_s_km=[42 32 44 46 32 30 54 59 50 35 33 37 58 35 37 46 47 31 50 40 49 38 58 50 47 52 43 55 36 53 47 58 46 57 32 35 36 34 40 46 32 45 57 43 46 40];
num_passangers=[71 87 94 37 26 98 46 65 95 61 93 74 96 59 39 31 97 24 50 37 64 60 75 66 22 97 57 99 49 50 57 69 55 90 59 64 62 97 71 40 20 35 32 85 63 23];
BM=250;
CBM=0.500000;
CEM=0.800000;    