nBuses=29;
max_busses=20;
cap_B=[72 126 46 89 42 107 113 118 62 41 80 132 73 40 39 87 112 106 104 124 116 99 49 125 27 21 71 124 62];
euros_min_B=[3.5163437940874953 5.463213925350953 8.939404622318925 6.840170844807456 3.905908578247505 12.223498503962622 13.209263684970217 11.79039318529145 1.867509567202519 10.805405318691196 9.122225096329204 6.43894010027482 14.7469145328715 8.214444344786939 2.610451373855817 13.756245478911595 1.041671653760471 7.387809967614036 9.992474342706458 7.665313326040227 14.053678644103734 11.655171028973278 10.26998090006374 7.894068023393122 3.139361297906306 12.229851823068286 11.21084742534399 7.257862472449109 12.971547798161817];
euros_km_B=[13.339475862097963 9.729556339487836 24.269075548986557 19.723210253464284 16.60854445042805 26.257177747581657 8.99032236111228 20.897895989298195 20.61406475256786 11.408326038604118 1.0838978619047799 17.475810870953808 2.039891809688518 7.3351793633258975 7.456009439109525 4.055827665329316 19.98564982216826 22.371083634749898 7.8718338103147065 13.696752891971688 9.851904762472456 4.7555206999200434 9.226058516933763 22.0447675649132 23.864928884283025 14.36773843223685 19.16154041843889 19.33202387825984 2.172751591271835];


nDrivers=29;
max_D=[159 189 199 196 226 186 147 157 144 206 212 124 196 157 140 192 202 140 137 210 194 214 234 160 154 161 128 201 228];
        

nServices=33;
S_starting_time=[709 388 341 235 583 603 119 446 373 220 612 302 131 518 92 29 233 541 472 21 84 99 64 226 228 670 549 35 492 405 506 85 120];
duration_s_min=[103 65 92 118 85 60 63 66 87 92 89 73 113 106 110 64 106 105 118 84 112 67 60 82 107 92 85 101 73 106 75 60 72];
duration_s_km=[53 47 43 59 48 55 38 57 35 33 38 38 57 43 58 56 53 40 33 53 54 35 59 41 55 43 48 56 59 39 53 41 30];
num_passangers=[65 82 32 94 65 38 36 36 55 40 86 57 98 94 68 72 95 25 33 73 63 93 50 89 90 71 36 89 98 53 32 45 70];
BM=250;
CBM=0.500000;
CEM=0.800000;    