nBuses=19;
max_busses=17;
cap_B=[21 89 26 22 21 90 133 23 117 104 104 92 135 75 74 68 60 85 98];
euros_min_B=[6.559271358774016 10.75471153149231 10.97437870920412 10.469202402168357 7.009396813364377 5.544783830907022 1.7951378239521065 14.167988550000924 6.028023233314368 13.59923952801897 13.655476104692871 12.722545796486317 10.723965794991948 9.871733533827017 13.0126144391608 2.2383026578772007 12.666163914475282 1.4994381594405752 13.312399701714892];
euros_km_B=[20.836264541452444 24.09746105389522 29.538883556050134 29.02528337136666 1.8805480512642059 5.490570945989716 22.64349852534917 13.796607130005723 17.351537092748845 4.26783955932533 24.19932835802943 20.97820570734481 22.40387719690102 15.406405415325832 13.579674391813771 28.49646142076458 25.45436578018046 20.73688566887448 20.112516869953616];


nDrivers=19;
max_D=[205 222 151 156 165 206 181 235 147 132 131 189 207 175 201 222 166 163 237];
        

nServices=23;
S_starting_time=[423 323 256 697 674 292 706 11 217 248 696 188 718 704 439 656 26 269 515 15 221 508 681];
duration_s_min=[111 111 96 110 118 110 116 80 84 68 93 115 80 70 69 84 70 90 73 115 80 61 118];
duration_s_km=[50 46 58 44 50 55 46 31 45 55 44 40 52 31 50 36 30 30 50 44 52 43 54];
num_passangers=[88 100 59 48 37 24 47 28 50 41 83 46 31 27 72 91 96 66 31 55 25 28 21];
BM=250;
CBM=0.500000;
CEM=0.800000;    