nBuses=60;
max_busses=49;
cap_B=[89 56 23 52 140 129 61 66 25 46 65 43 53 109 53 63 81 102 108 131 100 73 105 112 56 30 132 86 70 50 65 106 101 59 38 78 65 139 134 85 96 121 74 95 58 48 64 112 49 85 21 58 36 75 131 28 103 78 74 22];
euros_min_B=[9.494843056905596 11.897713194850258 8.96442982810444 10.62372526360487 7.187173764555332 10.302730071319978 13.035670868205454 3.5818230329956156 3.8577749511569577 3.235128181253664 13.867790482814735 10.278732204797821 5.490019619723101 8.304510454293105 11.416016435979241 7.626879802221699 12.12816168392912 7.5099870911708795 14.024018856166048 6.241108489262253 4.36776526060302 3.069415630334561 6.974022120185755 14.891613617653146 9.693486534759272 10.670317193527874 5.904671717905046 14.954263206684907 11.747037207850354 13.988160413058013 2.9970323448036984 12.088077682275607 7.871915246018144 3.6034514842186836 10.968229077077474 2.7820485355645688 4.261718700882892 3.6431269015275856 1.5287095820220267 12.928216112663025 13.085560999418894 1.6127531697840067 6.945107955910455 8.622303778415471 13.735092496069688 11.750967090995475 2.515586988777401 8.575481687645548 9.317838066649578 4.869296104937581 2.3006260437752646 6.318401325404734 2.8813253800942227 14.154936133560449 9.837621460355832 13.20800685537704 1.256962383679861 2.676904327147229 4.34738746233004 12.156655870224323];
euros_km_B=[23.951673129080785 19.172461016990532 5.298671203087874 3.010091339047634 28.959960847145098 23.277741781088583 1.9477543539155016 22.71421356879551 8.44681972831181 5.548395633387589 8.795078435447332 21.388858147602512 19.609242053852505 8.983691265255889 3.7669210107827826 20.231407697855975 21.36062935775643 16.696967543060545 23.731564824319726 23.04062225746317 19.862943250066962 8.630413827102172 18.472052188741397 1.2091588147794448 2.3554307447697296 10.633931623774824 25.293528150777938 24.650390225976786 22.342338669901967 15.950838076545459 23.82013519519716 26.864464831968515 24.24254223729792 9.635789599549337 2.595920116001873 19.932513370370028 18.163895068244173 28.15468253307021 9.421331267277875 6.038494544776811 25.08879830068255 14.628893357852347 10.47960495456675 24.960861337107783 21.535845633147208 26.461801215673706 2.6376710474639924 13.99821935357628 21.744063565396058 19.146080970473648 27.889460578102938 23.471239645236018 2.7218908004605322 3.9794623124028314 6.408177974057633 14.291158054872223 8.525888625993243 29.33163951816492 22.107905981278876 14.631969700285676];


nDrivers=58;
max_D=[166 176 157 199 163 213 220 183 132 160 150 141 172 219 144 182 211 151 224 180 189 182 170 149 185 126 129 157 145 125 230 170 221 193 200 121 211 230 132 173 222 155 129 232 235 226 172 171 194 161 227 220 133 231 235 199 237 233];
        

nServices=64;
S_starting_time=[138 463 250 382 470 31 361 626 360 445 591 703 441 326 269 411 269 153 188 333 323 313 318 625 457 44 675 617 158 597 458 339 303 256 169 513 250 99 254 180 149 687 696 366 263 102 654 654 4 302 613 594 394 408 595 699 630 122 257 372 175 22 554 452];
duration_s_min=[112 103 87 69 104 116 119 113 75 69 67 104 81 101 114 68 98 69 116 79 100 88 98 109 82 68 101 65 70 99 75 91 89 82 92 112 94 89 112 103 101 68 106 111 74 71 77 119 98 119 104 109 119 94 118 67 73 110 111 102 68 88 87 105];
duration_s_km=[45 50 51 43 40 40 56 36 47 58 36 43 41 40 39 52 57 56 36 46 58 31 51 30 42 51 41 54 31 47 38 47 50 54 49 32 34 38 59 36 30 34 39 49 42 53 32 49 30 36 30 48 59 32 51 58 55 30 44 35 57 45 54 31];
num_passangers=[78 24 24 50 37 46 70 70 38 79 40 80 94 45 80 100 49 63 75 34 21 48 57 44 69 45 62 89 62 64 67 49 75 26 69 78 26 68 74 22 73 71 65 31 30 43 65 53 87 76 95 77 55 39 23 33 26 94 35 47 42 65 49 75];
BM=250;
CBM=0.500000;
CEM=0.800000;    