nBuses=48;
max_busses=38;
cap_B=[25 95 87 46 78 60 23 122 91 58 28 118 108 104 71 37 97 112 42 48 58 45 108 107 99 87 69 125 22 119 120 20 29 24 84 70 99 128 88 132 140 137 23 57 82 42 83 57];
euros_min_B=[3.409517819620026 12.508117491825463 13.562266843493223 10.648772188225376 7.322498303008523 6.348446565332889 5.656268332763329 9.730898106122705 10.827806350822023 13.298928546852396 13.619746022776436 13.420491669813163 4.362768535230892 9.082817955013237 9.423992431593907 6.2657028570906945 13.761406487090037 13.311171286261729 5.288412871098469 6.377218077953756 7.140016709704624 12.687897223413623 4.729919933234397 5.2975434096737875 11.224571985688959 3.0627217221169474 10.097456942108844 8.56573062510888 4.068206786888852 4.195479297550036 2.3649049956668144 9.38539358497176 3.624618779212504 4.9879535391722705 1.774629548887982 11.919360568955533 2.444426171208452 5.309429628475729 7.933551266603595 9.757288545053033 14.679380503608478 3.090779944618009 12.195071239451988 4.881448818681979 6.617232847678599 5.626494499250139 4.978192962406564 12.176864353698413];
euros_km_B=[8.770951713578365 12.293220706951464 29.640869186289226 7.530865031288923 21.12016535943022 4.705802313434737 5.585694219820372 21.900211609450192 1.7914399448477947 11.33230148256115 3.9954978187369004 15.779841975889473 27.747850077004596 23.372826844987383 7.349130677996397 11.286720206101538 8.357374152774979 6.952071495113516 22.886828869844482 6.663483414066865 23.700203796527276 2.6654209883450384 26.544382756889995 27.267216897527156 25.862648323661567 24.045657139389434 7.113905084665964 26.293422594423465 1.3308726192722136 24.76609657540583 20.096098269825156 12.19588767304419 17.973737549520404 27.901738233975827 26.559679945307185 1.4716364987143553 2.8490385178001456 27.989953092241592 12.85848199917562 27.58423832914398 19.469468082590016 28.849586383431497 24.80847368011253 29.696729834134324 12.836316694615457 20.82367172772813 24.6883163635988 29.6169652099341];


nDrivers=43;
max_D=[150 159 229 166 238 174 120 139 200 144 176 128 220 225 166 165 127 223 236 155 149 164 121 127 162 178 184 219 156 121 210 230 221 214 188 223 227 122 218 211 207 132 206];
        

nServices=50;
S_starting_time=[379 634 625 570 394 255 340 98 27 655 583 409 240 410 91 338 235 326 431 168 37 315 378 461 499 156 528 256 533 150 32 700 463 382 428 371 312 293 69 18 623 216 403 551 492 343 605 401 303 125];
duration_s_min=[71 119 68 95 68 118 72 81 112 106 86 108 110 65 110 82 106 114 115 62 74 93 90 73 89 76 101 90 68 99 74 119 69 117 88 64 75 117 62 65 94 93 71 101 117 116 82 84 82 120];
duration_s_km=[48 55 59 37 59 37 50 48 56 30 38 54 54 44 48 45 46 30 54 35 59 42 39 40 41 31 56 37 42 46 41 60 45 40 50 50 42 37 31 58 59 30 54 43 42 57 39 52 60 36];
num_passangers=[41 26 35 99 95 73 69 48 87 53 91 66 43 29 49 67 46 45 82 100 26 68 30 45 93 76 71 94 56 100 70 93 27 88 33 51 97 56 85 86 21 38 82 93 23 25 89 31 89 74];
BM=250;
CBM=0.500000;
CEM=0.800000;    