nBuses=58;
max_busses=49;
cap_B=[88 113 56 129 58 74 88 45 87 115 126 81 105 31 32 61 35 56 107 65 43 107 120 68 26 31 127 42 66 113 77 25 52 29 110 26 33 70 52 118 64 131 89 84 80 94 115 132 129 20 49 75 72 92 62 67 101 36];
euros_min_B=[13.69224932173139 7.696766223516757 9.293162782158658 13.643690897517976 13.340562892336273 7.919317036684871 2.5463695053661892 5.696382390175095 9.41688315108911 13.801441988487106 5.996976774974658 14.501722122375863 13.147182414257653 9.154371083243479 8.084403958076946 9.432435107983505 10.948454387715817 9.40095210445005 4.143431188763414 6.822747267714716 2.081292273108165 1.3953490607069938 9.210477140059613 8.279707571413724 11.964503563754706 11.794720463851906 4.805293378459761 9.284547423978175 2.5058871367086795 4.924965878129537 10.079468545516562 13.725989126042522 4.196281397538387 2.26150504668222 9.583835272365786 14.020229548942325 7.506150832215262 6.727686402081728 14.604612545712152 1.5452570623824908 6.68644488588742 3.937626428584706 8.053423865496438 10.545911367367177 7.016362062440772 9.959332170907487 3.49107539980578 6.533350076128711 12.443031097415936 1.8651802430003688 3.0043414544461857 1.4241085465019903 12.562073555866492 3.2877752068851347 7.494780223013975 9.331732399600488 3.166053576711814 13.329828396922414];
euros_km_B=[17.29854123245673 2.9270091119829686 27.486254963616496 24.79491879402455 16.35900775076473 9.275551161123527 5.0030755776338465 3.9594325058560074 23.885726759278473 16.816037154646033 5.789402163542547 4.740682744519617 18.099473139792458 17.367862831531895 29.944359992706815 19.81315594447336 19.875465489622062 9.25160669852565 10.781190714133887 3.877100765901795 16.47906651743295 20.842488184389204 20.006461165767846 26.46048381818587 21.440562423999857 22.37057617600973 9.324589996782837 28.90128114567482 2.808255318030901 23.40519175438824 5.743161951918735 4.336422195538363 2.581447014428541 11.806835354832858 29.81996408154311 3.399439335365401 10.656182131409864 4.444519535318343 20.977678100907422 3.5219392946829458 24.191910740293288 22.924093862203378 22.382612757354607 28.916441316501718 27.94134055285392 2.2140093697057006 15.891250151111214 11.795223686185572 22.30122035051496 29.42312028620542 2.105442414061504 11.287863049474046 18.42059510489793 15.338166459576831 29.315892762002697 25.763406559874873 5.906151558354423 28.37029894131008];


nDrivers=58;
max_D=[161 217 235 199 164 197 125 124 195 172 124 177 177 191 225 137 238 176 195 134 150 134 188 156 157 182 230 231 127 122 209 193 196 181 160 135 132 143 204 129 187 148 177 135 122 164 174 163 158 147 120 202 139 149 179 148 167 152];
        

nServices=61;
S_starting_time=[364 706 8 31 381 64 378 176 653 521 164 502 714 35 679 579 213 312 47 594 187 99 637 408 167 141 238 98 310 204 234 694 262 387 411 71 182 356 533 526 276 390 533 374 92 459 68 25 167 27 372 475 470 514 693 693 508 297 494 407 324];
duration_s_min=[74 67 79 95 69 109 61 115 86 116 71 98 107 70 104 91 99 65 105 65 72 113 99 69 83 90 86 103 96 88 105 77 103 84 111 103 91 67 92 76 63 104 92 72 83 83 114 91 100 85 86 78 92 91 89 105 60 99 108 66 99];
duration_s_km=[32 45 56 48 48 39 44 32 59 49 41 36 60 60 45 50 43 36 56 54 48 54 52 57 42 58 54 47 51 43 59 35 56 47 36 45 50 47 33 50 39 32 59 37 47 45 53 49 46 50 42 55 33 42 50 44 59 46 32 39 39];
num_passangers=[47 63 89 64 23 98 78 42 72 58 100 28 78 70 81 47 54 57 99 67 81 34 54 64 88 58 97 88 79 84 30 89 26 84 49 37 41 36 60 92 26 59 63 78 41 33 67 73 56 88 34 67 80 80 56 95 85 33 77 75 87];
BM=250;
CBM=0.500000;
CEM=0.800000;    