nBuses=47;
max_busses=42;
cap_B=[56 121 90 132 63 83 65 85 133 99 87 87 33 32 80 31 57 121 117 24 57 135 63 75 91 34 125 23 135 79 39 123 27 130 64 84 44 95 111 76 41 84 63 51 59 59 36];
euros_min_B=[2.313137193742361 1.5972064035462576 1.5550462102194753 1.4312578072838256 14.538518658288057 2.5248658819053427 5.15016785833404 9.889100436938467 7.8985733942506755 3.832740171680679 1.0735796525728531 14.363395308646941 14.380951082145485 4.380222749179438 4.624076307405943 6.60977298049008 12.87368257220682 1.25182080304009 3.5907064229129 12.720409888439372 13.573981241062018 1.866016536013616 4.052039256709797 6.1512071869350455 11.105345255929937 12.677280245657597 11.890438212770052 8.288050000875504 5.20415903506129 6.32146304758578 13.247413024064578 6.528280238983385 6.076489675837274 7.16276476994906 6.443769452646185 1.4584537802490718 13.730013359415489 5.911253851503263 3.1533015798628155 12.937728729716685 6.715109767889532 4.571886068042274 7.525535238812429 5.494686957243832 5.066586992367416 6.059411909809471 2.3545110643874594];
euros_km_B=[11.422429027965114 29.993085995006577 28.93815992587431 29.46490938157954 1.0033787290166645 14.520224894667304 26.85020936216924 13.531586677276035 3.4291892143217915 6.450851309070867 24.309515705333343 23.08990820971995 23.205106263888105 11.674365726115576 17.218797983483917 1.0600177493444143 14.598886917898025 15.77624238140195 20.54250452796001 13.87074931713481 8.995580396297411 12.529572928657934 8.103463980867222 5.235317032834141 10.114993856052985 29.549930243933808 8.377914781633612 16.811335290631153 9.441659332712186 27.78162051975389 18.842392738933306 17.284552198261625 6.363719194890125 26.598680253725735 10.832504306383168 21.86168899435248 28.731692981706324 15.163566608828209 24.72837617434176 22.692903794204668 23.867499092315214 1.6990203088594273 17.834937597653607 14.201220679288193 27.08215105690544 29.27589881245971 25.866800517710907];


nDrivers=48;
max_D=[140 125 207 151 227 154 225 210 202 183 170 162 157 210 151 136 172 239 164 137 187 158 192 211 214 209 127 226 126 152 211 195 153 181 132 147 235 215 223 149 209 160 126 139 219 171 130 146];
        

nServices=53;
S_starting_time=[717 236 136 488 163 546 566 497 271 588 422 258 190 649 460 428 543 289 269 492 104 551 395 542 569 353 700 694 715 256 634 371 299 465 151 150 432 125 539 539 541 656 126 70 352 365 7 292 263 473 229 707 306];
duration_s_min=[85 110 85 107 60 73 111 113 64 68 101 93 83 84 72 70 86 115 68 87 102 77 93 76 113 112 110 87 74 107 115 98 83 113 116 84 92 112 76 62 112 108 82 70 104 102 109 115 95 67 100 116 110];
duration_s_km=[39 52 36 52 56 47 44 32 42 55 55 35 51 52 35 47 43 49 35 43 38 43 32 51 34 44 41 49 57 30 53 41 60 31 51 55 47 50 52 54 34 39 55 55 33 40 38 46 43 37 47 36 34];
num_passangers=[42 21 67 85 64 59 55 63 38 70 66 87 81 26 35 87 65 43 38 64 82 67 34 86 35 95 34 66 57 77 93 78 56 73 38 92 56 29 79 93 98 94 58 57 22 29 49 45 74 54 50 53 62];
BM=250;
CBM=0.500000;
CEM=0.800000;    