nBuses=22;
max_busses=11;
cap_B=[112 98 100 80 100 72 116 68 33 79 124 99 131 111 122 118 101 118 83 105 118 36];
euros_min_B=[3.5715805403876013 11.452130631272171 8.102205306527559 7.65736168937154 4.300479867369017 6.81600988426104 5.8884647656904185 11.320908914274902 4.212009096839888 3.1344461715468013 6.594130200866136 1.50425130349707 11.902558613321762 14.72967393973004 13.957099883231185 5.01611957507888 8.779017038253949 14.272417794895176 14.913207382921176 3.2695148164890355 8.184576509298115 13.831534105243616];
euros_km_B=[8.3556268592084 2.8927028596622706 6.138975588933972 6.387990651968285 13.250243049147569 20.96006893562927 17.796239007161716 22.055499805319258 4.93532788005501 20.475056996254537 24.229362719283245 23.655901288388662 21.763300524424267 9.352272133847723 24.454422283002682 21.63879522905174 5.073877786770344 9.29594550830978 10.199512341056547 20.150119038729557 26.908808370718365 27.822522319348018];


nDrivers=20;
max_D=[231 178 180 176 175 157 147 201 172 211 155 238 179 223 191 237 169 197 190 235];
        

nServices=26;
S_starting_time=[416 30 638 30 97 620 662 698 70 0 34 238 395 31 678 142 310 159 668 381 292 76 700 344 453 85];
duration_s_min=[101 94 88 114 108 113 97 92 77 118 74 97 116 72 92 95 62 89 98 105 92 70 90 65 110 104];
duration_s_km=[39 33 35 44 46 31 59 55 56 32 56 55 45 37 47 57 51 44 39 58 50 37 51 40 59 45];
num_passangers=[24 37 39 25 76 100 54 33 24 92 84 34 85 95 94 29 86 95 84 52 52 21 68 90 79 27];
BM=250;
CBM=0.500000;
CEM=0.800000;    