nBuses=28;
max_busses=30;
cap_B=[85 107 26 38 51 80 90 36 58 82 109 87 125 94 107 27 59 85 97 45 119 109 43 75 48 25 136 67];
euros_min_B=[1.0500139425601227 5.015835096504361 2.72443384534861 8.657821342058458 13.837050187400772 2.034234069721858 6.897302764860864 12.803470337475577 8.411812956045257 1.8992826031036147 10.716317865411659 12.222547842973398 12.649786382903116 7.891277978714314 8.096115720757638 14.76736714800718 10.107336442289961 1.9756850515714766 10.978212859205708 11.426269373868394 13.637385979766329 8.163697365990133 1.1158214006376705 13.837854084120256 6.348828479358424 4.9122861344663376 12.881427444077278 3.9465468431963133];
euros_km_B=[27.647043771035108 2.6465759101411024 12.297184991181386 12.859081529052837 9.814973475460276 29.336304635891658 5.227231159046316 21.113604220828687 15.4307991791826 3.46132933961677 24.43950655814204 28.45516240192681 23.281741898508294 4.918187204315162 16.60172589854377 23.594701333305082 4.54365477209894 22.752851201368447 23.256066143366194 8.473869665828502 5.618673540231184 17.013845984604245 11.175861438571623 2.017070197212555 27.34233842375665 9.081966431032706 21.2781095068326 2.2442645800155363];


nDrivers=28;
max_D=[140 128 221 227 143 202 128 212 230 165 136 236 191 139 219 127 151 163 173 199 140 169 122 175 165 131 200 189];
        

nServices=33;
S_starting_time=[171 401 59 419 123 122 272 480 65 51 276 208 705 691 402 104 595 316 435 154 304 604 650 489 567 375 233 572 230 539 274 72 561];
duration_s_min=[94 60 88 118 63 64 63 84 62 116 109 119 83 65 68 108 100 99 116 72 79 120 106 94 82 62 102 116 96 115 90 91 90];
duration_s_km=[58 52 57 35 51 51 40 35 35 57 48 32 52 59 52 51 51 59 51 54 59 41 33 58 57 36 32 48 41 37 41 41 52];
num_passangers=[81 41 65 98 75 63 84 71 27 61 63 33 78 89 22 62 90 94 65 65 57 55 95 71 22 58 35 79 41 80 92 29 34];
BM=250;
CBM=0.500000;
CEM=0.800000;    