nBuses=20;
max_busses=19;
cap_B=[122 69 51 37 25 83 93 76 82 86 76 135 65 79 110 89 38 100 32 95];
euros_min_B=[13.276663174859127 13.595509543310335 3.339079434302308 7.926316451399791 7.939669621246038 13.296846220716208 2.7716935316819304 8.757996338886969 9.156478027478052 1.705099447471356 12.92646269507566 10.212612763856434 9.236849540431841 13.721068637494206 6.5470392040054515 3.758128558545156 1.4854918521327887 10.237572143898452 11.876336660284386 1.790934957580654];
euros_km_B=[5.139313194781292 18.66842979252672 27.551455600876288 3.869266853961584 9.434738301466002 1.0122569394920193 8.8389536640663 4.374271788088265 21.045179386220802 9.606470067799656 27.16585329785587 16.80917404466448 12.654580073702387 21.734168371368245 20.2766206227892 28.48429807371033 11.510934693123856 22.6812162915035 27.366330868369936 3.9983494797556425];


nDrivers=17;
max_D=[213 233 124 147 171 187 163 142 197 229 235 132 227 182 226 122 172];
        

nServices=21;
S_starting_time=[268 508 563 428 587 245 311 639 113 645 658 455 117 291 383 626 641 27 716 290 421];
duration_s_min=[107 71 98 78 61 83 92 93 89 89 69 101 80 71 75 67 120 74 85 63 103];
duration_s_km=[46 49 37 52 51 56 40 60 59 36 58 36 47 41 45 51 50 55 45 37 33];
num_passangers=[85 33 39 95 26 26 54 83 77 50 60 77 58 86 58 95 27 33 68 40 78];
BM=250;
CBM=0.500000;
CEM=0.800000;    