nBuses=18;
max_busses=8;
cap_B=[84 130 84 95 108 79 83 76 35 125 63 80 128 40 41 125 38 71];
euros_min_B=[6.23538602910813 12.92730625738134 13.434227109663832 12.031432935830916 7.943480744999949 7.448730148701164 9.609779679240791 6.455443216962188 5.416232418908441 2.361510873525786 4.177065735484273 10.212651073718392 4.187191138076413 3.341145853673131 1.4261354022077521 14.27623751444215 7.080255985258051 4.541866329427613];
euros_km_B=[11.129708596365058 22.347342870891516 2.192086587962108 27.30904772123043 27.64252522685194 20.494667935383234 29.264507537271196 16.255210570461514 1.9282705521185182 1.3758508261077198 26.658722732142405 19.83318836240911 24.971403133111128 7.915552800248344 18.584979462569322 14.130237690357648 28.579625711802922 6.192517703287616];


nDrivers=18;
max_D=[202 240 186 224 200 197 197 198 191 127 217 185 185 198 222 137 192 237];
        

nServices=20;
S_starting_time=[675 153 401 641 255 456 516 384 452 201 88 704 291 646 41 690 37 155 241 576];
duration_s_min=[102 93 67 105 83 92 109 64 113 112 61 105 105 107 111 97 93 92 90 93];
duration_s_km=[37 35 43 42 52 34 60 43 50 59 33 44 53 53 31 43 44 42 52 37];
num_passangers=[97 96 26 27 74 21 32 83 46 80 37 36 97 66 64 81 23 55 72 91];
BM=250;
CBM=0.500000;
CEM=0.800000;    