nBuses=60;
max_busses=61;
cap_B=[28 80 140 60 96 116 127 36 121 69 49 49 59 98 89 47 108 27 65 47 119 56 77 46 125 72 28 88 38 27 119 42 44 72 130 99 56 97 94 135 129 106 138 64 22 67 78 97 29 135 69 71 130 103 55 72 40 98 120 31];
euros_min_B=[9.826611660306535 2.7556947885022076 8.502488372310417 3.4835876516115984 6.688763837444307 5.265801901645484 5.1389062727102885 5.723666508698116 10.433129621433224 10.63231443360348 8.75032253314979 13.657512132943555 13.723201840264943 12.52464581980993 5.810614115727593 12.01501162429987 5.510473171032003 5.126786214731256 5.724545309056974 12.02565200578924 3.2657742612657987 9.487448018438648 10.849514810283448 4.475511047739656 10.59062533210111 5.7688229263923105 3.4836330867315333 4.119927113445244 1.4105574201239461 11.725774331709736 6.432103903337573 1.691819301248884 2.5878300120626045 11.133005286013985 5.477408331266173 10.336818880067394 3.345083437407643 7.826654710050463 3.878187334234393 6.04551000643825 10.427731496161083 4.311626586754761 14.293670279480184 12.354019008533461 12.208971840995071 11.842821727402946 7.826729510393517 10.090458669379782 13.070045157737466 13.746316099233026 12.300594481886407 10.145800062783898 7.5798130258176855 11.932521542536737 7.41837209568664 7.864308162272042 7.216231318784319 10.597609838432827 5.345418130762891 12.408576296578964];
euros_km_B=[17.909725412958725 14.421904098266182 2.520513143560954 26.0908869224873 7.372121226957571 22.25226165519936 28.89165373187237 15.89826206088813 18.60513447208036 5.8544761117757425 23.89403575842193 26.792866315061126 17.85083401034272 1.7861437201657473 8.127531106442198 28.23152659914144 27.116273657979313 29.999891996107564 28.656464713469337 20.85714652341875 24.341045934709996 11.880600369420577 22.980061461553277 6.18168751123918 29.981135069317855 9.985395535189085 9.67098777797276 19.521150176543422 8.184510997516568 26.991460104140987 18.543580348073704 9.901734095458592 15.477226758878151 8.50548055117754 20.12356271351568 12.200883520623734 7.8071987229311635 16.918982729390237 4.314588220608547 28.001681324695824 12.556985846193276 26.101316203123016 7.682853377435382 28.77885568035345 3.7856188435139786 1.521354559885863 15.004877137889903 16.132966680579166 6.71618054114221 17.55850827361427 3.9393942019274255 8.524942985865913 11.261027285422555 28.326758988041817 13.84138175922033 26.487755778123738 12.447417342897468 15.491983443710447 27.61122520726682 23.93180339527576];


nDrivers=60;
max_D=[190 155 193 163 222 208 214 225 166 168 185 228 124 228 191 172 204 177 199 220 121 178 211 236 216 172 202 195 124 231 229 186 126 129 203 195 235 237 233 152 158 146 197 222 161 155 125 199 166 146 206 127 131 132 178 178 134 120 224 191];
        

nServices=64;
S_starting_time=[642 281 429 599 161 643 325 206 176 703 224 502 617 130 381 75 60 416 96 515 617 164 202 545 286 360 9 235 123 391 397 317 111 373 318 466 270 592 156 494 296 670 507 31 711 29 201 105 448 380 670 7 504 279 288 719 462 316 178 129 633 361 369 365];
duration_s_min=[97 106 102 64 119 97 79 80 92 102 61 62 95 94 90 82 65 61 117 86 69 90 108 82 107 105 107 103 107 76 81 89 80 82 85 86 79 106 76 114 62 110 74 99 111 78 92 117 81 64 75 94 71 108 102 89 60 115 111 73 115 101 88 64];
duration_s_km=[59 39 47 46 54 32 51 31 47 37 44 51 38 44 33 32 40 59 32 35 53 56 58 52 33 43 40 35 47 38 51 41 38 57 48 45 48 54 33 31 34 32 47 47 47 41 38 55 42 59 59 56 48 40 35 57 55 45 51 40 31 31 59 52];
num_passangers=[31 55 97 98 39 27 72 92 38 26 49 33 79 26 75 76 23 68 73 62 69 31 98 61 75 82 58 40 98 52 93 34 62 81 37 70 24 48 91 32 71 27 93 22 28 65 85 52 73 47 85 69 80 27 85 43 83 61 77 20 36 83 69 41];
BM=250;
CBM=0.500000;
CEM=0.800000;    