nBuses=53;
max_busses=44;
cap_B=[42 72 50 61 71 101 139 72 87 119 102 132 84 106 44 62 35 116 114 63 133 137 97 57 93 105 67 65 42 62 99 103 21 112 115 60 54 111 42 119 91 137 79 123 43 50 99 123 82 26 56 67 106];
euros_min_B=[4.440516013813468 8.119890549609117 10.458812416470426 7.970959550332795 3.6794121262716466 14.737459220198401 5.7502010787996145 8.960995850521666 1.7724788447450774 14.49976902076854 4.21905684604309 6.318165554448029 12.51356429513972 9.557965253326536 6.04310479198119 6.697921872378283 5.44746600444355 10.896420680611437 11.575071453498055 7.722331545383727 9.626031847926692 12.798573155447954 9.13887771683137 9.59531045187149 13.848345992411845 6.27347403567413 10.939178221652268 14.432337339281057 7.675349754941854 1.8621265693313764 7.954120141172569 9.934807736023046 3.2475221664971574 13.600724853518772 7.185596211928814 2.6226503383338917 7.807556851959023 14.963241410427432 7.117756781334885 13.421131425414654 6.78567837572531 14.416868779639708 10.859254515370635 5.7703589619911435 8.36006595844911 9.297152537108296 12.475116225640061 14.043052048829283 1.1838233732645933 7.092654625376578 12.540399089145941 2.0372429175135442 3.4488103290797483];
euros_km_B=[4.865489324188748 21.845697415887606 6.173128915541624 23.372958443907358 16.889854054754945 3.8048489890382537 23.68501830290071 15.78308756219578 23.85837813154618 20.481120054550846 29.4118435442322 10.20966824942383 5.157411689651028 10.95426239561236 29.191637445620024 8.492577049798623 12.638189545926151 1.9940797290981311 27.93489979106331 8.863591774631303 5.938569548185454 15.429536341381521 7.3237890967604615 28.75242362392605 7.361743908317419 4.422438058989117 20.785863223206793 2.074696500606739 22.995094975086108 28.626555937530192 24.947728095661027 7.627142227165433 29.478357924678 10.110784059990664 3.38277107844792 5.83185626414125 23.411172686002534 10.549780895748448 9.017611595189582 7.53592105790464 22.527915553719666 18.82460264172416 5.909516883932179 16.739636767480743 13.844962842111883 24.455831855516408 6.840487312353642 28.85244377790085 16.013691078613206 5.360404953544707 9.773003777849251 16.48572537927732 23.373216943783124];


nDrivers=58;
max_D=[194 130 125 162 131 121 227 147 174 129 229 211 161 218 163 178 137 219 179 140 173 229 223 238 182 135 150 204 226 228 126 126 197 134 144 224 126 132 156 174 194 219 169 139 164 235 207 151 134 226 153 190 195 197 195 188 137 208];
        

nServices=59;
S_starting_time=[172 637 667 669 386 503 388 339 547 561 516 674 568 43 644 553 94 378 694 659 488 408 345 221 491 488 718 602 77 448 175 343 584 14 642 669 91 214 373 350 233 409 713 717 100 433 474 116 542 190 620 572 660 177 413 550 364 670 272];
duration_s_min=[65 82 82 94 74 119 63 67 87 100 79 86 105 64 88 80 65 108 112 76 61 64 63 81 106 66 88 111 64 100 87 93 62 117 88 94 104 70 104 75 67 74 106 85 109 68 110 77 76 101 120 89 108 82 84 72 106 81 63];
duration_s_km=[46 47 48 53 32 57 46 54 35 55 39 52 49 44 33 34 49 39 57 49 60 54 60 52 32 52 32 51 48 48 48 49 40 35 59 45 50 30 37 59 36 50 48 48 47 54 51 33 35 34 49 31 45 60 44 56 37 56 53];
num_passangers=[87 54 25 51 44 25 57 25 82 71 81 21 79 54 66 100 96 28 32 52 46 37 31 82 93 54 57 49 69 25 50 61 21 39 62 98 72 80 47 53 71 57 39 37 99 66 35 24 53 56 48 40 41 38 88 98 84 29 44];
BM=250;
CBM=0.500000;
CEM=0.800000;    