nBuses=63;
max_busses=58;
cap_B=[117 86 64 114 39 41 92 117 81 138 105 43 44 121 80 44 69 48 118 82 39 113 135 35 110 49 48 128 101 115 122 43 140 92 70 81 124 97 106 29 70 65 37 44 64 84 23 109 106 89 104 123 133 61 139 68 32 108 61 21 41 54 83];
euros_min_B=[7.2814515982573464 13.610651925691819 11.737913511284514 4.319976525862071 3.0736884899746064 10.097996338250276 2.781149003126012 3.1886228486936936 6.188356165756348 12.624887141719217 9.682039755742185 1.9204454789067313 8.083658221265663 6.404770866453943 9.320609575875439 5.858244707185334 8.770928055305962 5.5744184567572495 11.986105381925967 7.274731220629784 8.705000717124634 8.66782627938478 6.245056604403857 8.36322043963034 4.544759192892074 6.388145014418651 8.253651782586045 9.8250212466863 14.627657619217223 5.164115032840845 12.186720632019581 5.782316912729982 10.195563294871285 4.4252778514030755 5.3310847805027315 10.778308946893409 4.67944409025066 10.17273806039508 2.870210086522752 1.7641840979070416 13.954809945202593 13.733332820581136 6.624758421140159 1.6024061950657795 2.563628788562673 9.494684615544774 6.870845073346657 8.97863516463351 8.520328647050897 7.768133193909615 1.7672846020530164 5.000854659839648 5.882737241804822 9.342904296927923 12.258416813340807 1.9867515419468937 13.007832944476469 5.642626816226846 5.272918585948492 4.882515873539973 3.980452759180448 10.06754134327158 6.3949909641062455];
euros_km_B=[27.636359720369686 26.60059148144157 3.975268180631367 18.49432862404687 8.364755151925408 6.34614866596137 4.0031405531217725 28.08753683989044 29.24370744505837 4.842806359241683 14.94733053045653 26.756222208689024 13.532853319828684 4.678263651034397 9.783788270433972 4.986734775844863 23.182094356247244 19.74447881244758 1.5679147652661856 4.645269995026881 2.768050848092947 24.37768806069812 23.898401392677897 12.59202371503514 10.14668699451056 18.536088752649384 18.6738784768621 2.0169660901249205 19.08696876388217 11.843072576151215 26.14058472083806 20.07351255120301 12.858891885968116 19.153747067499513 7.179882207539204 4.366356799148086 21.57951199907754 3.910953628376398 4.878618113981327 12.585746417742573 1.4801151342330234 23.79733174654223 15.067094916677757 20.074655965222487 1.2902942261729438 14.224409220580096 10.436086649445658 28.79810118434777 8.550917385611816 21.988346784772762 4.121704717842588 13.003809978034717 23.542737443406914 17.23713230597779 15.267866027236806 26.860994792789725 14.982398807997296 14.85896521415988 17.718989317504686 22.75123351546228 1.8606171147524917 9.342002214515942 16.081275569600216];


nDrivers=63;
max_D=[162 127 187 121 186 134 163 234 221 148 230 139 218 172 130 132 233 196 181 171 184 210 193 192 158 177 240 237 211 163 205 207 122 136 161 185 122 231 181 187 142 211 175 184 235 146 135 159 154 165 125 147 167 219 166 134 137 149 172 210 148 198 176];
        

nServices=68;
S_starting_time=[251 413 138 146 686 462 48 665 234 430 409 52 520 409 456 666 274 13 666 18 593 215 550 397 608 207 513 398 493 74 672 114 434 220 395 646 443 484 67 639 71 455 438 644 171 115 488 161 514 371 3 181 602 339 642 683 216 639 374 140 56 504 309 22 317 72 669 292];
duration_s_min=[79 99 62 92 93 118 73 89 107 62 113 87 83 77 108 79 88 67 98 72 104 95 72 117 96 104 116 92 101 111 116 60 78 79 107 78 114 78 93 76 67 82 81 104 105 98 90 91 117 63 120 108 87 97 79 70 84 73 67 84 110 106 75 74 61 64 107 118];
duration_s_km=[44 42 56 42 60 33 41 60 50 51 31 39 59 48 50 38 30 44 47 47 42 32 37 56 53 46 58 43 51 41 38 59 51 50 53 40 59 36 47 51 55 40 39 54 38 35 33 60 34 53 48 43 47 47 55 47 36 47 57 52 57 30 55 46 46 51 53 43];
num_passangers=[37 91 20 82 82 81 93 58 32 32 99 44 85 91 79 23 80 78 84 74 87 55 39 52 88 100 30 57 35 38 80 92 74 63 20 81 80 34 75 33 53 90 73 98 97 30 93 70 98 99 82 22 78 49 69 77 64 81 35 100 33 49 62 92 88 63 45 86];
BM=250;
CBM=0.500000;
CEM=0.800000;    