nBuses=33;
max_busses=38;
cap_B=[28 134 140 81 91 133 102 66 62 136 82 101 140 76 129 111 54 68 49 97 35 69 21 119 64 111 60 65 124 69 22 78 73];
euros_min_B=[1.5935757833923434 12.936808275942678 9.946309344054633 7.55667883933639 12.820504599439019 3.8232036712402646 11.452088588868282 2.3752221911045694 8.502733666731487 2.9139507606077584 13.393490536553669 5.491004443327223 1.0673734039582419 7.891296381843557 8.533026736635364 12.143293595331626 13.720138662144056 8.099493120205986 4.216818200424259 11.333180789192161 11.546076634852787 9.103113943981235 6.809537501481845 9.589515503598816 9.750660495945334 14.691103747486137 7.155236988700142 10.069481726793022 3.2679231837042364 9.475795411029445 7.217804820129331 4.0397163903046875 8.683217632680073];
euros_km_B=[18.03682538429311 16.52828018884473 20.88342457120072 19.56450402488372 25.76111077735148 5.748921699461862 21.403272885357254 4.070864561269321 23.2171630597454 16.672558147260602 22.67793722068192 16.778378078890565 27.92099339031542 9.344748981789543 10.455472577605752 20.053843506538207 20.12049065110703 29.74297648265547 9.253041108131518 16.839201435932537 10.965129435228466 23.638776133754337 8.957140245303373 8.57293540915925 23.250120268503846 4.441411747215924 28.081716259922647 18.29975895866442 13.494053775653247 3.721745006225299 20.67273132564471 5.656727588216356 19.484914197987766];


nDrivers=39;
max_D=[238 154 229 201 176 172 167 186 221 142 177 133 193 225 227 222 213 205 166 130 169 175 179 203 186 146 123 161 125 143 233 212 181 123 218 160 139 140 125];
        

nServices=40;
S_starting_time=[112 17 696 280 66 57 14 460 100 55 201 197 502 36 436 327 440 709 333 388 583 429 563 297 62 269 208 63 419 55 363 558 300 89 255 326 10 308 331 60];
duration_s_min=[82 109 100 95 113 88 81 116 73 87 91 94 89 76 111 90 118 85 107 96 113 71 117 100 76 102 110 115 120 95 91 115 90 101 77 96 93 90 75 117];
duration_s_km=[57 57 32 56 52 39 30 57 30 32 30 30 53 34 47 50 49 37 36 34 32 46 45 51 39 34 50 52 58 55 53 41 41 57 38 31 60 50 35 51];
num_passangers=[48 75 69 85 53 79 100 96 20 59 84 84 91 84 73 53 40 83 20 31 63 47 82 24 49 49 95 25 68 91 68 93 63 79 81 60 41 98 35 39];
BM=250;
CBM=0.500000;
CEM=0.800000;    