nBuses=47;
max_busses=38;
cap_B=[51 39 62 103 54 109 85 105 99 92 99 107 80 122 24 23 80 86 111 131 73 95 79 65 24 66 31 48 50 109 36 125 96 23 81 61 130 110 48 66 132 41 90 115 25 51 58];
euros_min_B=[11.023397197928618 7.279835280527113 6.665525990297475 3.262510734365411 10.321763676667567 7.951813321896976 2.8739385544105116 5.271032393933046 10.623047545057474 1.9108510229787972 14.756964959043163 2.610110032525999 6.1181438156612815 7.470604661845593 10.53862475296688 14.653898800557482 10.447927023480926 13.242678569919708 12.347803492998551 12.687161597016496 3.581952678798816 8.826928492607706 4.9616469810298645 9.306310280822244 6.062074188230439 10.839539142260211 7.642686822979376 7.012608561750327 9.132940924329933 11.045428346309222 12.576628608996792 4.973751828072876 2.8060068759036456 2.976246087858871 8.01801935397815 5.00062565969381 3.4982408961150098 14.59389024882932 6.032612232961227 9.09323379435932 8.448917099171663 12.625838149132107 3.5043187658623056 14.851655853160548 1.3350318343423082 12.4471032846015 10.75409561568797];
euros_km_B=[13.35920631186587 2.3981036360965238 28.51172894113396 17.089190507204123 23.550530171431564 17.095211780450896 1.6617508163109749 15.736523906482034 7.350818320106085 28.87296337930292 27.771785725434242 29.479790490217702 7.656722565070312 27.47864104991724 4.3213760127456915 29.453362036847793 13.913188429630393 6.15212730025618 29.79452430136249 9.663050211536914 17.927586783921512 18.14862717203744 16.34017841310783 2.6184358196335293 14.060900428639243 10.299999340902831 27.811372268214157 8.868559250760466 7.366301076467856 11.09788910481248 5.196078706825299 28.85830036597368 8.98618218713335 7.374797085903976 9.402893856596256 28.63046739776196 14.903184398348778 25.33226495076334 14.633191438770021 11.588394577645978 8.808217850939652 24.207521580731637 9.743904454232542 2.152828013062378 10.629441310347783 15.900920467496444 7.179104338423799];


nDrivers=51;
max_D=[177 134 124 154 228 187 190 186 173 162 186 214 133 209 133 228 134 183 222 129 153 215 193 164 195 178 197 142 178 125 184 238 174 237 212 158 160 240 214 217 167 231 190 163 235 196 197 211 219 206 135];
        

nServices=52;
S_starting_time=[14 416 552 37 392 245 703 641 17 60 445 627 539 429 514 543 642 76 211 628 594 8 13 426 304 316 8 477 597 40 514 599 208 268 322 666 707 5 630 73 350 514 208 11 72 574 485 542 712 430 634 55];
duration_s_min=[60 63 118 66 70 90 61 74 82 99 113 94 73 74 103 90 60 96 63 104 116 67 102 108 82 87 79 110 95 83 104 120 80 119 98 89 78 115 68 114 105 80 101 67 91 99 88 100 110 68 61 101];
duration_s_km=[39 58 58 34 54 46 48 53 47 57 44 32 57 59 59 51 53 41 43 33 41 59 54 53 34 41 49 48 53 50 57 41 44 33 36 36 43 45 46 53 53 36 60 30 46 52 60 45 30 55 59 43];
num_passangers=[79 39 67 58 57 76 69 73 27 72 43 92 96 48 56 24 75 63 61 50 44 72 79 45 51 68 50 30 38 28 26 51 41 57 88 25 34 58 77 45 93 90 82 70 48 94 37 100 73 90 75 95];
BM=250;
CBM=0.500000;
CEM=0.800000;    