nBuses=59;
max_busses=50;
cap_B=[51 46 132 50 75 95 129 48 61 48 105 33 87 97 115 79 99 99 60 106 30 52 126 65 58 121 29 91 98 90 84 128 103 48 61 37 33 95 81 76 63 60 121 45 72 94 96 128 39 90 43 52 82 103 55 126 97 83 24];
euros_min_B=[14.771832183097024 8.040573140872297 10.911906784191336 12.976264757485886 7.023940158479798 3.8470800543064856 1.8940618349622826 3.6045809524002257 8.965613003079703 7.203559334266809 2.085244729332646 14.420109537515424 4.781248676170004 11.284671411545213 9.102511182283253 9.719720907579282 14.92210060452892 9.822488896541566 6.182669504344482 13.538543040013849 7.558684905714055 12.763766253330376 8.470624708036599 8.93202353015268 2.3700806952594475 3.7656846764549234 2.5002153529999136 2.9041586815801765 1.1526984437702856 12.077714487783595 9.5684248453605 1.2551722662712697 12.446644103528124 3.762665707889157 13.69278710217636 13.831362810803176 13.171132064653516 11.466903961264187 11.144366442127396 3.3682157199741907 13.470028512242425 8.111093966085619 4.99359562581105 3.693453499105809 4.5791408878934385 9.30784615323766 14.484274189194144 2.4805784741107644 12.922366071305953 2.7130289504803367 12.603547048764717 1.127096733060481 14.803247578923243 10.09523008166915 4.587030316844931 4.077882780064707 10.17091126701757 12.244883520505528 12.192672085486032];
euros_km_B=[15.392338350461188 29.144434257899867 2.857594770936552 15.535824711689232 15.737886582635282 15.012717393880562 11.283574264174629 6.236516477164967 1.100045513683497 7.050855301544587 16.308379422813417 29.265672527961172 23.10102633888102 20.034502435552184 5.0319457294854715 13.780563211436034 27.64573685626939 25.854831801632777 24.290643339863145 2.776251294277133 4.166509885234303 14.122506199644036 10.582020513614577 1.0926167961911437 18.78157847551492 24.93191626586131 18.931363091399223 26.930322342747004 13.879500719128004 25.662015564575015 22.584595216867754 13.015077970064155 10.995688721351582 9.740690973074196 26.68247760802981 5.577990311057968 22.142114716615193 25.026560648700826 17.07560948926536 28.097323300121285 20.92614097655834 5.548211019413786 3.420314450898138 17.38604474882804 10.646266971073983 18.99718431287666 1.5168004111940725 25.96593502222992 23.99256810980175 9.747721777148419 19.33333518260043 5.819619170864088 23.3156903133229 6.34752188972679 24.742837228012615 8.478754175154549 22.366780790440565 27.290305183148394 3.939995256851004];


nDrivers=62;
max_D=[139 151 180 151 228 188 154 177 135 134 233 168 160 227 122 124 220 174 132 129 213 227 211 205 217 144 179 191 203 179 124 216 226 158 215 204 206 140 209 124 136 234 185 200 195 148 217 194 122 122 220 226 152 157 196 186 239 207 219 203 198 162];
        

nServices=63;
S_starting_time=[258 417 38 154 383 474 101 320 595 31 235 492 506 252 87 591 40 167 71 49 471 694 137 550 337 131 99 625 267 455 492 156 48 323 618 336 173 142 392 448 673 75 14 705 5 708 53 523 560 83 645 263 152 712 481 402 572 28 307 539 373 6 478];
duration_s_min=[74 118 74 95 76 74 95 109 89 86 96 108 84 78 68 115 73 79 88 90 88 96 83 62 94 93 112 67 100 104 79 95 96 90 63 61 87 77 81 102 63 119 85 68 60 101 72 92 94 63 63 92 106 84 119 76 119 95 99 105 79 70 104];
duration_s_km=[59 30 31 45 31 54 51 40 52 47 45 59 43 49 52 57 45 48 30 56 53 51 47 51 49 57 56 53 47 33 52 35 48 43 33 35 54 34 32 32 55 40 39 32 52 46 54 50 39 44 47 60 42 32 46 47 49 55 47 60 47 52 37];
num_passangers=[96 32 60 75 72 37 23 82 42 80 30 54 20 97 58 83 60 97 40 56 25 65 34 48 45 82 29 20 31 60 40 45 25 23 64 39 65 28 85 69 81 38 52 65 83 68 74 67 38 47 65 94 56 95 81 57 93 28 64 57 49 88 99];
BM=250;
CBM=0.500000;
CEM=0.800000;    