nBuses=12;
max_busses=18;
cap_B=[131 115 48 115 129 117 62 107 93 135 81 66];
euros_min_B=[9.490078470394458 13.407376700508863 13.746204900131383 8.912101445021811 8.149072330820879 4.9012129345132776 10.592713652607998 1.8700531987174798 5.030841665442381 12.8713704053172 13.141377302931062 1.6857751369068177];
euros_km_B=[26.716726067953037 24.169632826987566 24.966477719952508 5.421044006489363 18.157107321616216 17.650503468516987 19.023792744725448 10.046885815863748 25.13738405092805 6.455858215228564 28.487616072192175 21.290299832900537];


nDrivers=12;
max_D=[213 167 189 166 186 158 196 154 187 185 190 163];
        

nServices=19;
S_starting_time=[216 146 439 412 694 256 418 106 431 57 443 398 95 513 7 489 154 693 559];
duration_s_min=[104 83 108 107 115 62 64 78 102 66 103 118 67 73 116 82 87 95 72];
duration_s_km=[37 43 46 46 47 40 45 36 57 30 59 56 37 34 58 43 54 42 48];
num_passangers=[98 41 73 87 21 76 41 53 39 63 69 90 29 34 63 92 90 50 21];
BM=250;
CBM=0.500000;
CEM=0.800000;    