nBuses=52;
max_busses=40;
cap_B=[34 136 88 128 52 127 122 60 103 127 35 128 50 103 23 85 114 116 57 89 98 140 139 94 103 75 120 29 113 102 73 112 101 57 35 84 53 77 59 62 75 75 94 32 118 45 64 71 89 111 39 130];
euros_min_B=[14.886518498700342 13.35368480754902 12.992407570027916 10.229473039287578 7.54419890853354 6.005056643966759 5.480122111928964 9.399935022175395 13.113185925194404 3.646582126592336 4.071622610229436 6.713340277890467 9.210235089303236 1.0293184285748982 11.216019092545894 12.001567907136845 2.55106680219523 7.374849197380015 8.011829403711056 10.015319444778052 4.052680450668151 5.041233330540024 3.2884986096902393 11.10768324222021 14.499983830303764 12.72154524653501 3.7765938542106365 11.980440991478694 2.192207536492716 4.8237131065321925 13.912554678733612 6.54591780645414 7.025002196832654 3.1575147468109614 14.460979198027763 3.248084063767745 6.399920256695598 9.265729198396015 6.912020049956122 8.93043976062831 6.911668593243961 10.609347668760996 11.35215741537203 3.926798685521785 12.286665183026829 6.88881712378336 11.251717633985793 12.86243260424185 5.636951815258143 5.861222454855441 10.126039031818332 7.088458873394483];
euros_km_B=[27.361825935017514 13.054391821927288 17.46180004393198 6.354020687548295 11.168617237677593 11.82757113782181 6.1193348195667445 11.564889458791203 6.24165252463319 19.685188241998674 5.924275211746012 20.4407343373766 15.320423168996399 29.82339178584322 8.835133417767494 21.746074107442446 12.743690274883871 1.1502408059445286 2.2274931707792103 15.042405496050781 15.635426999298716 10.162864436390738 25.73677574626844 5.543063001824683 28.72140684000243 19.536844682607814 17.278237326451492 3.9057361494423217 28.382769286603736 2.424660631447661 15.527027725245395 29.83478388832525 20.81284038256624 5.050398757318239 15.93171540398513 15.702863194493478 16.34489130547543 6.630326469253473 25.262713751111537 22.467543993273292 4.19722459494221 4.345699556117838 1.07948334376926 18.31623366207999 17.295305853650294 23.867174857512303 11.814141209764886 20.94138710888089 23.649067244181264 1.5084733045800147 2.5928948741240445 19.072066960549442];


nDrivers=53;
max_D=[147 139 184 126 173 225 120 173 167 219 232 217 222 124 240 237 229 229 138 137 136 121 131 188 224 157 169 152 148 228 201 131 168 163 154 224 149 220 136 158 170 224 200 124 216 143 230 208 162 159 139 218 204];
        

nServices=54;
S_starting_time=[702 307 360 410 382 44 658 137 711 146 75 469 475 374 586 639 368 227 505 300 435 613 680 278 547 298 609 303 205 164 505 450 702 93 172 290 202 462 150 653 714 44 80 149 542 41 692 326 411 667 23 5 605 351];
duration_s_min=[89 87 72 67 98 96 86 77 66 93 70 111 102 62 79 83 110 78 63 94 73 71 75 68 89 62 84 68 71 110 72 88 90 105 100 66 88 115 114 73 116 89 112 66 108 114 62 106 71 75 120 61 67 105];
duration_s_km=[38 48 45 37 60 52 34 60 52 45 43 50 30 58 41 46 58 54 60 59 53 43 51 36 33 44 42 52 51 35 45 46 40 33 31 44 50 45 37 39 52 49 41 31 58 41 30 33 39 58 32 47 34 52];
num_passangers=[31 43 58 77 64 48 57 26 22 30 57 44 62 45 37 65 72 93 35 98 67 29 64 22 32 48 54 73 30 91 36 80 90 40 29 73 47 77 45 23 90 37 74 64 64 42 45 97 24 54 93 38 89 88];
BM=250;
CBM=0.500000;
CEM=0.800000;    