nBuses=44;
max_busses=33;
cap_B=[20 62 136 127 33 20 64 79 137 41 85 68 53 120 111 129 35 47 65 121 82 84 56 128 93 31 75 85 52 29 86 126 53 101 103 123 23 106 137 110 55 95 42 68];
euros_min_B=[6.1042641263885935 4.902696658258737 8.833964438671067 11.943026230356963 3.8586333103443886 1.6869647543507538 13.972364711123499 4.2457361654587285 1.635391587361773 8.377435883555892 1.812242239505905 13.704450329474842 14.454859909683627 1.7762149959298776 6.9619618554484575 2.6175921680620586 14.110989415315814 5.866789807503873 5.647335625571728 12.814277243911455 14.33433046947157 14.356760056499649 6.761342978851671 9.500995261627754 6.063422943172868 9.250956231930177 13.890388289838532 11.690631469713523 10.628319346928611 6.055219532264313 11.03873087966948 14.75392296545033 6.869086602081179 8.310503159176916 5.771677682718945 13.002166985420404 13.004696631132807 2.1374501106402897 13.165256265143507 7.014416212189506 7.132084838701588 6.655562500255634 1.3384438691915483 8.938019397638339];
euros_km_B=[11.698169739056457 23.69307664813742 22.234274425348445 5.545742485367722 29.94346105161094 18.020371591010267 14.291691388252332 2.841937435431663 9.421432205953131 15.969155874155163 23.549910742647604 13.538481075233992 4.838711078208691 24.175316637742167 14.919793662826505 26.05947966788239 3.203538976854443 25.42959893623528 20.475256208775725 12.668140524635447 5.5054531110225895 29.923738504166884 14.492199182366962 26.337358725194903 5.290685885724498 24.549496041295786 5.871187357653479 15.41017496010175 5.419036754989771 4.588387115606506 19.700383320496844 6.434927591557566 18.886342320465175 14.206258604557625 3.0427144961771946 9.847324171793362 7.004427414113215 10.302184659984263 10.92045613249045 22.010021178260516 17.42889913407501 24.715199320419245 10.883284040509215 24.678530137756468];


nDrivers=46;
max_D=[167 199 191 158 164 198 160 186 125 203 133 168 193 235 120 144 233 175 149 228 230 141 134 236 177 235 203 181 165 140 124 129 200 222 240 121 129 207 218 204 214 126 198 211 221 201];
        

nServices=48;
S_starting_time=[233 241 108 287 671 355 259 140 683 530 652 688 130 46 182 100 390 240 4 247 88 175 409 425 125 477 684 303 571 385 195 514 159 146 572 188 544 220 605 55 453 625 441 62 403 616 371 374];
duration_s_min=[77 102 96 93 109 120 111 96 89 64 79 111 116 97 63 102 113 67 89 118 92 75 63 86 83 107 72 117 87 110 118 79 83 101 108 95 67 111 104 78 60 118 61 60 98 91 113 71];
duration_s_km=[53 46 60 33 58 52 53 37 41 53 60 59 43 37 32 46 40 60 53 51 43 44 47 33 59 43 54 49 49 52 44 46 40 54 57 38 46 44 49 40 57 56 55 54 60 32 43 48];
num_passangers=[80 47 24 66 90 37 41 30 36 83 69 93 98 67 21 75 87 55 85 95 68 33 78 74 93 90 84 58 20 74 94 55 44 26 29 20 81 28 58 46 34 63 71 85 31 71 75 68];
BM=250;
CBM=0.500000;
CEM=0.800000;    