nBuses=23;
max_busses=17;
cap_B=[99 129 24 24 134 116 64 107 69 61 97 29 120 61 63 47 22 104 65 42 30 72 97];
euros_min_B=[1.2716135733344744 14.019459096893307 11.054697687754198 9.717380186160154 11.99579557945247 14.971292967978485 14.674983868161661 4.303175710184074 9.179461233519659 1.930016951295612 14.90227064562109 2.3084922565611365 9.58891681109433 13.388856280541027 7.526378051600512 9.790408779103673 1.9400952397964861 2.8625148579836157 2.1204051617214326 14.840824260579073 13.21379011176645 12.783018511924135 14.187517361504733];
euros_km_B=[26.221805333695876 27.194980039551712 5.572130723314039 4.62746044482301 8.64142228412571 18.74630635758567 25.712449884553163 10.179168902267108 9.39023598274841 28.260336214089612 25.419724484956483 23.46748427141604 24.51754102261876 16.20501480548853 1.9732318964970084 22.5039290281476 12.787859649269066 23.981410141437507 13.156375215212348 5.005973436056555 7.199214514032252 23.89290897660314 3.4496981394158164];


nDrivers=27;
max_D=[197 234 234 217 213 194 194 191 191 236 238 240 136 186 163 188 174 237 182 154 183 234 147 145 232 123 167];
        

nServices=28;
S_starting_time=[9 487 661 434 124 688 504 317 242 693 103 653 448 317 390 284 686 651 3 332 452 284 25 326 531 0 649 326];
duration_s_min=[110 108 70 61 114 116 73 71 113 100 87 76 88 87 107 75 118 113 112 118 66 74 103 63 110 86 106 117];
duration_s_km=[34 55 51 54 34 54 31 50 46 55 60 39 45 43 47 37 59 38 30 47 60 31 54 39 47 34 54 56];
num_passangers=[62 99 36 30 97 78 62 32 77 43 37 50 86 45 66 60 52 31 54 72 25 68 83 96 72 33 32 45];
BM=250;
CBM=0.500000;
CEM=0.800000;    