nBuses=32;
max_busses=25;
cap_B=[128 123 51 135 110 137 120 31 73 130 48 25 79 25 127 92 84 29 95 71 24 22 107 135 120 79 61 44 39 133 86 105];
euros_min_B=[1.6452598558274911 2.8275211547807286 7.361171503767187 10.900961091380157 14.77347289389354 7.7825672688004 1.5886911423530559 6.54507226578574 6.26513145258664 12.26272988971106 1.0428790786667395 6.273616439520996 13.876643647395841 13.41089778362087 13.897853896198509 11.636936513017007 8.405229875581325 9.702284535808605 7.881783185084085 14.451164798222045 4.701541238835008 6.762288353273361 14.632680414602115 2.3366073133310525 14.975218556823489 1.1650628267431478 14.434501728015968 2.112081010158474 1.026573370081919 11.845154343366252 1.0717183268335402 8.068665436050935];
euros_km_B=[1.0590703809525301 16.53091730415243 12.07526636374611 9.086005104281567 21.684750670084142 6.70046115814005 12.51302376804542 11.362030055060217 19.403196972468123 15.479800249618892 29.17461959373647 5.159763950243699 24.629350012345128 13.580287277952227 1.1732032108500485 20.90672751124131 23.11980401032869 21.98488311865362 23.600119671545286 14.04312166271538 1.919200661950775 16.847542264317894 1.9376584339785186 8.629290791550302 5.835463679440551 27.21901972077915 13.703548966912223 22.116767645730267 16.844123274987837 27.06244083819744 24.962677252631178 18.016625772554185];


nDrivers=33;
max_D=[145 200 165 174 186 210 213 147 156 221 194 213 126 231 188 176 229 129 149 200 172 136 125 218 143 168 125 192 172 231 222 196 237];
        

nServices=35;
S_starting_time=[254 670 491 186 337 13 418 186 559 105 588 666 168 635 670 253 234 341 140 14 516 362 165 688 635 535 701 327 551 180 576 26 684 178 64];
duration_s_min=[117 90 73 78 75 78 98 87 85 84 90 119 72 82 103 96 65 102 99 86 108 94 83 67 106 68 96 106 91 60 61 117 80 91 77];
duration_s_km=[59 41 50 54 39 54 55 46 51 58 36 54 35 52 53 53 35 43 33 40 39 57 47 48 40 60 59 42 31 42 48 33 34 58 36];
num_passangers=[21 44 83 29 55 82 61 48 62 69 65 92 93 32 69 90 87 64 91 63 24 27 55 96 69 23 20 40 61 56 79 90 56 88 85];
BM=250;
CBM=0.500000;
CEM=0.800000;    