nBuses=45;
max_busses=47;
cap_B=[63 114 40 128 29 109 24 132 23 95 84 87 94 50 82 101 97 111 45 78 74 77 54 20 64 120 87 84 107 94 107 70 71 113 40 33 70 76 48 88 135 112 126 138 115];
euros_min_B=[8.560588375691683 6.4842239653074145 11.257236950480591 2.739007680218739 7.005752234493506 5.006561738657437 9.62050204594596 11.772801496814461 11.840273821596256 6.4153672869131135 8.614195120706098 9.769869962490175 6.049635372822611 10.963507742636006 6.533570397106603 4.200359269919095 8.031314851980012 9.932328634213595 2.328121604021677 6.564828051927245 12.271967287006934 9.75427114415472 8.223858343709956 8.774384004026075 11.233910043771095 4.6291882460629 11.282723908748224 12.60817826493216 5.437590165531857 10.371291992052303 12.087252500171628 8.44303842450152 9.934368773310167 7.493716069690571 11.51446604978476 5.527398065543262 9.361880699471817 1.5855346613336554 9.745094744989194 12.391111196753954 8.563450052962288 4.227008432035027 4.703339485934759 8.95787977043413 8.375124472364064];
euros_km_B=[4.327961349907534 19.805936071868494 20.187169895274412 4.70853496105709 12.960993086685523 15.826445305734218 3.8637630499883686 18.2025563076409 12.523268963272631 25.17535675917108 3.9648475585409595 7.843171627394232 13.741870274948402 12.661898259792528 17.774340682076275 15.844113067322857 7.876406685197014 18.82245900011174 17.32587827436086 9.139804523487202 2.9083013937927653 14.491648215600712 20.166224672999526 14.318143764998137 19.46935941839022 11.18074892686286 10.893606627506113 29.370968630187036 29.895582789999978 21.092456347395657 17.60231396337959 16.29421560538336 17.564084507311534 19.17284171755538 21.977900862941937 29.296270471622236 24.300989114218485 16.94946020961025 21.41826724502064 14.854477843721085 21.756918330395447 15.321457671970071 22.856986785375266 6.709656764696352 11.649374067204555];


nDrivers=48;
max_D=[200 146 166 135 171 227 215 123 177 152 133 176 191 140 238 183 154 194 146 189 213 218 212 208 168 182 238 146 168 221 127 196 134 223 140 181 145 159 168 223 144 144 134 142 167 121 220 192];
        

nServices=51;
S_starting_time=[191 590 546 171 322 513 322 657 309 523 363 647 634 404 18 463 436 287 229 494 443 694 589 468 528 531 305 271 312 604 15 185 197 536 192 681 45 447 511 189 61 547 428 122 7 673 6 151 696 135 546];
duration_s_min=[106 111 89 119 108 117 76 99 120 87 119 96 102 87 71 86 60 80 64 78 75 69 102 111 92 89 65 107 83 88 109 118 71 81 100 84 119 118 97 93 64 101 119 75 95 75 85 63 83 96 66];
duration_s_km=[58 41 30 43 59 58 45 31 35 33 56 40 54 34 50 56 40 46 60 46 30 47 54 30 34 40 36 56 32 31 41 37 46 39 53 37 47 48 33 56 52 51 49 34 33 43 40 39 45 57 52];
num_passangers=[81 69 23 27 91 27 58 99 21 87 45 92 63 51 51 97 24 58 76 33 74 28 34 81 41 46 71 22 94 45 83 52 79 86 63 84 35 47 78 73 40 95 61 74 90 24 45 51 32 99 97];
BM=250;
CBM=0.500000;
CEM=0.800000;    