nBuses=24;
max_busses=17;
cap_B=[94 37 49 68 25 33 31 84 62 48 74 35 134 104 68 51 62 36 29 126 33 74 115 20];
euros_min_B=[7.002468488390933 3.713985764407079 13.928063003596968 5.842468781156235 2.516750766346462 4.627929065005214 9.822831442756701 10.62481342542714 13.679020931503423 9.424471016579245 9.590357856932645 10.55987437139823 11.013059052391746 12.256494558173952 11.698160742146849 5.272066193619441 8.226048251823496 13.235801369405493 14.838459076794914 10.294122475682023 5.77771201034013 3.3134903928192116 8.191962158884945 5.001549955402515];
euros_km_B=[15.956823857982988 26.223585243447047 5.449784544204641 2.7258593426366184 26.903046078182676 16.554870883569496 21.55158553339672 18.302979553049795 9.104153549196539 9.109929682717937 21.990013545227765 15.08759849227275 19.492802359357462 14.47193876241677 14.022484681597907 20.1187381745841 22.526114444431727 10.372435304082988 9.597356862433456 28.2979050173304 22.86015951305315 1.0602258502721724 10.329964905743276 23.52692729408286];


nDrivers=21;
max_D=[163 127 141 206 210 123 158 236 201 188 220 183 209 196 170 160 128 191 221 136 227];
        

nServices=28;
S_starting_time=[323 177 498 271 256 556 564 92 440 122 244 388 564 551 137 178 677 176 415 436 142 17 99 117 84 537 51 252];
duration_s_min=[93 88 94 115 69 109 76 78 91 110 101 117 90 84 69 69 96 60 81 109 112 94 86 106 119 72 104 87];
duration_s_km=[46 53 38 34 45 60 56 47 47 51 44 42 43 36 34 49 48 33 45 53 40 46 35 31 52 41 57 39];
num_passangers=[45 50 43 31 33 98 37 67 76 49 72 95 55 74 92 51 65 75 50 20 23 94 62 40 78 79 86 72];
BM=250;
CBM=0.500000;
CEM=0.800000;    