nBuses=24;
max_busses=17;
cap_B=[46 110 121 46 45 125 129 40 82 138 30 100 60 135 24 49 99 98 129 58 134 44 110 123];
euros_min_B=[7.2451523282786745 8.786281897102022 12.151632449937518 8.536156353190666 10.762600272023693 4.2923862093807355 11.077168655628588 5.485439242424759 7.928982958309405 8.837812308854712 10.636999510886405 10.445142724477847 4.470310092150045 9.93150433809891 8.417867680413654 4.927238732277539 13.290391342130386 10.26192043798502 6.464342004467673 6.08860462678701 4.078305704833061 6.858294543462655 10.794245001882391 11.419540854943417];
euros_km_B=[27.4838673944893 7.836634275109593 23.331714090145866 8.185375164164213 11.490493914798723 15.21163472974513 1.4093250277053129 9.28371941152606 4.260542802228169 22.003100122706474 23.413686987708264 21.410388971304844 16.3425570113083 28.302885289156986 5.296449394898224 12.137727242754826 28.9924344043973 3.3208280149265654 7.947969429356557 16.40485381869069 8.531169541737336 27.190221661724014 13.874238814515975 7.811822202616783];


nDrivers=24;
max_D=[195 141 217 240 207 172 123 209 147 238 170 230 148 130 151 184 154 162 127 211 150 121 180 149];
        

nServices=28;
S_starting_time=[242 302 394 176 610 687 23 100 183 141 69 480 111 690 629 649 563 569 329 446 190 136 480 239 201 430 335 127];
duration_s_min=[93 87 86 96 89 64 112 91 114 111 68 96 77 83 95 104 115 82 94 71 72 64 107 72 79 83 89 84];
duration_s_km=[57 53 56 60 34 33 53 38 60 49 57 31 30 54 58 47 46 43 32 31 42 50 30 53 35 31 41 36];
num_passangers=[21 29 49 28 21 82 46 63 35 80 79 49 86 77 94 95 85 79 40 40 59 42 32 58 63 53 84 26];
BM=250;
CBM=0.500000;
CEM=0.800000;    