nBuses=62;
max_busses=54;
cap_B=[37 87 139 79 69 50 61 106 66 135 101 106 123 135 64 54 137 127 91 92 68 133 98 105 103 115 31 78 57 83 42 56 140 69 32 86 129 72 41 128 120 35 69 39 51 97 116 114 131 133 22 39 113 35 92 26 74 121 22 122 94 80];
euros_min_B=[12.474268179471965 14.675211178550668 14.806422428654342 6.150066645289941 6.9130540574685355 11.33505218719593 4.691635927276744 3.819636943303644 8.87660105840228 14.550389513988684 1.1479597810041806 12.20357980304559 3.787722302890963 11.230114954280435 4.625423033201117 7.080328521789524 4.472098195290401 6.311403729384523 4.964432834160207 8.636537558636073 8.379357939615204 8.669892309855936 11.139511459862605 8.804801658027559 9.39859751785861 2.4154207100771306 13.949628634726016 9.436758301917777 1.2018790123882932 7.778262398024038 10.322380797650812 12.926739845398004 7.747834354902935 9.472980661980952 7.788294906386662 10.459388178895228 10.767586071691671 3.6256088881858815 9.94655660710531 8.147778809431914 8.20038535308272 4.477123651987244 12.97803978750995 2.39644213389363 4.466529075388188 1.048589754183612 9.355173556473435 14.8398102998145 2.956771270792544 7.503962507109477 10.202425663143105 2.081781761564449 9.546983508840999 1.7207375620381584 14.919336462479077 13.398327797485164 7.304905767949474 4.699160053014005 8.702768692698807 9.096270109273759 12.4343148741631 3.1428850929003276];
euros_km_B=[12.450497525610642 4.1587815416031635 1.393650205877759 13.402884015183682 26.21626008086872 16.319003583116803 28.317136256654166 24.394191389182147 12.86779954348173 26.532617184699557 4.145661170726308 22.45480165343774 11.682741704117785 15.157432314783852 19.155105247313017 5.61716523649808 8.55588024739518 23.17965933312908 16.025539606422768 9.265802463581922 11.912339605346059 22.367593321652286 11.65928498822025 14.33890345997989 17.103059007147586 13.866926552981658 13.391106115548224 1.6174962295996913 16.235702106108217 22.440635999969107 20.3288526648478 18.59714851705801 8.729826464775076 6.540562573607415 23.19332819360735 23.283751445041258 6.8405337666932216 6.698431817576305 13.596767074153622 5.78057284798736 14.724210429711672 12.576279420507763 9.392548666255328 16.85599313571626 6.9565648042175185 17.340384279117245 22.695281052099713 5.438625980880605 18.536606713097168 13.684915460962856 14.680153525682812 3.9760733179544996 7.06895184486777 13.568333297948364 27.12333438766249 25.03514638183847 4.080446665124013 25.68713957341768 15.090626812888662 25.108416230459067 10.135300706477965 6.57943210643377];


nDrivers=57;
max_D=[134 238 195 162 195 194 214 186 175 211 143 202 134 164 129 137 121 205 153 209 188 165 131 225 225 138 155 158 151 123 154 170 210 239 136 125 214 133 236 173 161 166 126 168 210 124 161 201 147 192 182 168 234 233 180 209 172];
        

nServices=63;
S_starting_time=[472 157 175 364 238 276 366 430 499 508 296 551 554 483 376 504 385 238 99 510 420 367 705 25 601 469 56 351 245 466 366 720 403 600 480 600 39 687 600 245 399 575 223 181 386 192 263 606 683 552 162 651 645 408 632 440 636 615 86 597 680 460 136];
duration_s_min=[118 104 64 105 108 72 116 96 85 105 92 112 115 72 76 118 106 64 101 106 99 105 69 90 86 93 80 88 94 115 77 97 111 67 75 74 79 65 104 82 79 90 115 67 60 81 100 103 93 102 79 69 116 118 109 69 108 114 79 78 119 60 74];
duration_s_km=[50 34 45 41 40 47 52 52 38 52 36 40 45 55 52 56 60 34 59 31 54 59 50 55 50 47 60 45 40 56 30 35 33 43 40 30 57 54 39 44 31 37 55 43 44 53 41 36 57 31 50 55 52 32 31 44 56 46 50 39 55 35 45];
num_passangers=[58 33 80 59 34 100 67 49 49 27 61 45 91 28 78 81 31 61 66 77 65 62 38 38 50 51 23 66 67 35 49 74 83 68 44 80 86 32 47 20 89 64 93 47 30 39 39 83 91 35 58 33 83 91 59 68 61 54 65 85 43 90 84];
BM=250;
CBM=0.500000;
CEM=0.800000;    