nBuses=46;
max_busses=44;
cap_B=[77 115 120 140 57 29 71 49 58 130 124 137 71 113 119 102 25 59 23 35 105 25 105 67 38 51 48 136 43 26 29 54 82 35 23 61 34 42 128 34 96 120 83 72 93 126];
euros_min_B=[1.6685025216616869 4.985075095458526 6.717358067962291 5.743926030856325 6.053685110732262 14.277424428024567 12.062070779373357 14.22833098728408 12.036897226539432 2.5300736423531314 9.616267447765557 1.1388695058471352 1.0833946588039203 2.997843908738661 6.0270272461798164 2.132850270270856 13.529071321372713 13.648010803212468 14.61910900595343 1.1070111984557263 14.331789557359825 8.830165202942162 2.6820108345594114 5.8598701841524505 11.916307875336662 8.691262319790473 12.616781268653432 11.358011688254857 2.9518327872430943 14.929250675049737 5.1408901343101086 6.427270089201152 13.256094710431778 1.0576764148233877 12.074506698818537 12.177788205571535 3.7406258792189053 11.430844414038532 12.360094003562539 2.00021738034139 9.188558175623765 11.286047231081286 13.138717921413315 12.821861247664724 2.714967805044207 12.300459808656182];
euros_km_B=[7.886058571810311 19.725445160074464 12.560995882551738 21.899355001472152 24.5192370011904 15.705401713352979 2.613857851218815 14.47216673226077 13.095458078163862 19.122124417428928 20.55377471080102 9.849548039167717 22.247663417039654 2.9699487566973177 29.847933219918005 23.246325301186324 14.441818504721413 23.8283802463428 10.045299860381958 9.656145248990711 15.611817406665702 23.61890060987395 19.895259152138173 7.469071828144298 19.598268380171927 19.191571022924943 26.033288243424785 12.522820247224516 19.45052186404084 18.043745495228293 17.883190138897067 23.1529654130289 8.626705980786138 11.59445008730106 2.288898041805004 21.140985734171107 24.01173179686556 1.3866219245257958 19.784718603649306 28.570318246227547 7.683341285554839 26.95660503610004 27.71616284899771 17.90560250930561 2.166372132263438 3.7745648678522965];


nDrivers=48;
max_D=[125 144 175 130 122 125 194 233 184 203 141 173 227 236 170 193 126 152 211 227 122 162 178 130 229 206 163 136 180 120 231 201 194 206 155 206 187 189 181 215 213 191 197 211 148 137 144 233];
        

nServices=50;
S_starting_time=[539 269 644 691 409 368 34 621 206 95 526 301 451 507 591 170 103 253 159 548 509 714 113 260 422 62 16 678 134 353 702 555 282 586 667 376 205 578 708 76 461 306 273 277 521 41 466 79 598 172];
duration_s_min=[108 119 97 105 77 64 64 83 72 102 91 63 113 75 91 80 66 69 82 112 62 102 76 111 72 104 92 120 112 94 88 63 102 98 90 87 85 88 118 95 71 95 72 86 105 84 68 106 62 68];
duration_s_km=[43 39 32 38 59 36 32 42 45 35 34 52 52 53 47 59 31 30 49 41 50 55 59 57 33 52 35 32 42 41 54 36 57 37 48 42 51 38 50 55 48 40 59 42 46 40 44 44 44 46];
num_passangers=[30 58 71 53 59 65 73 96 37 59 100 20 92 61 97 56 28 67 36 30 77 72 32 43 51 90 69 45 82 60 26 67 66 86 20 83 53 26 97 42 93 54 67 55 90 71 99 87 83 38];
BM=250;
CBM=0.500000;
CEM=0.800000;    