nBuses=36;
max_busses=30;
cap_B=[22 95 22 66 138 78 25 114 92 112 61 114 103 22 36 100 36 93 130 50 37 26 115 91 131 121 91 126 32 49 87 111 24 68 119 26];
euros_min_B=[9.075181555797565 5.574796778246501 13.079653763869855 6.063754053645649 12.969337223785717 14.584435680056574 3.1360627999412998 13.987974083499717 8.214085592186825 11.242548847402864 8.567967076544857 12.808625362201086 4.058632880506962 5.759266216803578 9.0400697583783 10.787904861889688 3.6705335518262894 12.750286111203325 9.794585594427058 9.849274224731342 6.709383694673671 7.767283791171568 14.207539557398844 13.910593331343039 3.6454644842439263 6.955188288727439 9.792123761357624 8.950678154370493 4.062255783544737 12.051187240667765 8.706598970411976 5.808571930844244 6.674476941809289 6.678241969980695 1.5428013825383644 1.5514524084596348];
euros_km_B=[21.36600399043011 27.100739958260206 18.952318769016557 17.676583065413325 25.533863141716335 18.199252919449435 11.118128798782573 19.012280875236545 23.524315015174025 25.092145316396458 18.40357080554541 11.664410495883203 27.011735487813734 12.109024755010628 25.679333796660984 15.209847284250838 25.24531346611085 24.05403988725971 10.710051768284067 13.982543837252905 1.5418683648997658 6.794926322563411 7.53507641670279 27.46437842438601 2.5223461838919974 7.638107620683095 27.034730471331635 24.267039029172256 18.619465108294925 22.95161594016391 17.737301516654043 1.717523015398848 4.874704404365691 5.110555558536271 22.81856509497945 10.393686335670493];


nDrivers=35;
max_D=[166 183 213 221 211 147 173 230 170 141 152 175 185 133 208 190 148 158 188 163 126 229 175 223 142 175 197 204 173 208 209 207 137 170 169];
        

nServices=42;
S_starting_time=[158 672 457 63 412 290 606 201 707 502 228 253 623 111 131 270 614 269 542 478 636 465 525 541 12 587 295 286 672 392 647 365 123 33 79 524 569 680 437 10 331 170];
duration_s_min=[116 90 97 120 104 104 62 99 85 70 69 69 84 113 73 76 110 74 62 69 115 71 72 88 77 97 105 95 107 81 110 98 99 119 117 99 113 82 85 72 82 104];
duration_s_km=[31 52 36 30 37 30 30 51 39 33 36 37 44 52 53 54 51 51 30 44 53 44 32 35 34 45 44 60 30 47 36 35 54 32 32 45 38 37 50 40 37 32];
num_passangers=[70 61 85 65 45 50 47 100 39 57 20 80 49 43 85 34 36 85 92 94 27 50 68 21 71 81 74 40 40 33 100 26 62 93 96 46 27 51 58 29 35 99];
BM=250;
CBM=0.500000;
CEM=0.800000;    