nBuses=26;
max_busses=16;
cap_B=[105 103 21 92 123 58 95 57 61 22 28 64 79 89 38 27 138 36 133 28 137 60 63 44 94 101];
euros_min_B=[4.078474753082487 8.330779957713677 14.540593893349959 4.597135408129814 3.659949409395896 5.667841820148679 5.815287916063262 3.8494274011504372 10.932038560818368 11.167957707809054 4.189045972082857 7.488209135788042 6.422726928231079 13.295547399881917 12.379947542820968 8.347777023104795 8.922114055172656 3.941327335828126 6.420522863082624 13.826020903713218 9.600258129293945 2.0767838943050805 8.28428937250625 1.8036911085007694 12.21562968197382 8.221379560141727];
euros_km_B=[8.15515257624409 28.859656961761626 21.475548158959448 5.0306576519091015 10.879435668315347 22.67717782173738 12.827143539497644 19.488444860217655 10.894695218060887 23.624333790022295 9.697198611905531 13.278824215433504 12.911866138144443 1.5416747045776755 29.468537517811946 1.580658852183728 3.0240098973691043 27.75278503404348 26.410483307852665 24.86300113711804 13.628106465944676 23.956991648570874 5.947435107009566 26.52339203931065 13.590744286813388 7.944939826580953];


nDrivers=26;
max_D=[147 120 132 158 190 194 238 197 122 192 153 164 180 208 149 221 208 219 232 172 183 189 174 177 186 171];
        

nServices=27;
S_starting_time=[486 70 21 58 687 337 21 367 613 598 45 375 187 278 569 321 192 595 395 567 200 353 150 438 109 515 254];
duration_s_min=[98 83 108 114 74 95 99 75 91 80 81 116 88 61 108 73 94 108 92 78 63 111 105 91 63 112 96];
duration_s_km=[43 36 53 35 51 48 37 50 44 31 45 58 45 58 46 32 37 46 41 40 37 53 38 33 41 40 47];
num_passangers=[28 62 74 46 46 74 33 85 94 77 53 24 27 99 27 91 61 48 41 28 88 86 62 30 92 32 75];
BM=250;
CBM=0.500000;
CEM=0.800000;    