nBuses=39;
max_busses=41;
cap_B=[56 49 133 32 44 85 121 85 38 42 131 72 135 66 34 63 95 121 43 78 48 99 47 20 100 28 40 124 37 93 111 82 114 34 37 86 24 34 37];
euros_min_B=[14.741007100637392 3.46712393493666 10.269361225764271 3.7059380939066724 14.454789039098825 11.151632218979566 6.5134013769559305 11.653840453367206 4.150691107811193 10.91193532578215 10.64181292479924 13.554743684433898 5.4491388409069605 11.745522742107626 9.757278207243088 1.5072388450924763 9.692528794249284 9.874365664234004 14.346993042316006 4.716924933548238 7.1543837438661235 3.314962546890876 8.981395074037575 12.284306075428413 2.5168850746317766 9.250693153936366 6.533604317565105 14.455337491662755 9.152538838015845 12.05142541139536 12.953525944487204 6.6932588154011325 3.466472521862276 7.091807428978223 13.503464614255517 1.6267980288426924 1.067050215904562 10.829742357238015 9.173447025023735];
euros_km_B=[27.894558757364795 17.947055444436685 28.284694427365825 7.496964175543043 22.11516206131416 12.133351763424487 9.683468067339213 13.513183319437527 8.391376505679055 5.15203712046308 23.121388847642265 27.78070870817221 29.192315453890526 7.846143140261211 24.705193477305777 10.479304459780339 28.84074484529131 6.892642339259087 24.20409978669126 24.567323199045134 18.100280008247996 17.034209932347977 8.733145776244491 17.15306255069899 17.537097766436798 15.05970615256106 3.8971608594121023 1.760607728035968 7.756436658542258 27.793124030244567 2.950175201966811 4.346431802952162 22.521709187132004 10.220884441699168 20.63778373759307 16.5607004629206 10.266828466281375 12.480288994210564 5.087827244012491];


nDrivers=39;
max_D=[187 162 168 136 157 177 143 217 123 226 121 157 162 159 158 231 171 143 150 183 184 163 220 202 188 193 210 177 186 217 139 234 173 204 198 139 190 137 228];
        

nServices=45;
S_starting_time=[292 329 90 539 491 444 717 660 439 303 73 160 430 531 228 657 188 544 663 384 434 626 277 619 94 60 437 418 303 471 440 11 324 408 237 442 150 317 191 681 285 112 32 425 534];
duration_s_min=[83 102 98 61 109 115 83 120 62 98 116 103 112 80 99 65 61 114 60 120 79 76 111 72 105 119 83 83 101 60 110 80 76 90 89 94 73 116 90 69 109 67 96 109 116];
duration_s_km=[54 42 33 33 53 40 55 59 36 43 32 52 51 32 48 46 54 55 30 53 49 41 49 46 33 47 42 58 53 42 53 36 55 54 42 49 35 54 31 44 59 52 44 48 51];
num_passangers=[41 87 50 79 73 36 70 82 63 24 49 44 59 68 81 84 66 78 39 25 75 56 56 93 26 41 43 26 61 23 87 44 72 77 83 31 66 46 81 81 82 47 22 70 99];
BM=250;
CBM=0.500000;
CEM=0.800000;    