nBuses=33;
max_busses=26;
cap_B=[115 29 70 65 54 65 105 33 108 130 94 38 47 63 41 91 77 140 56 98 77 55 111 44 88 108 24 94 68 120 71 128 37];
euros_min_B=[12.800951371514396 3.7809616293564003 9.772597022672086 6.500206133146201 9.457454630052545 13.011020971985461 12.994229010206299 14.035390008947463 5.390960264576907 11.922493261732944 11.594734510484864 1.30211700691358 8.347342497585224 13.810380663939272 11.800956969294905 12.243686646052883 1.3939514571688185 8.341399266525208 14.706645223194624 6.872102553980585 11.48116998192905 2.4167927230197304 7.720944750571984 8.80361928420521 8.111212632935956 4.6458520433110335 10.645888901442037 1.9330817213910318 8.200406051625565 1.809953200724968 5.942431621432945 11.303219904282882 8.179256340476222];
euros_km_B=[28.807632267114734 26.568115008262964 15.412867310401264 22.859816072200932 11.64380494640058 5.0622593497423685 3.546293216382357 11.298601241918135 7.597542444359619 5.408405811042086 17.068517380021916 15.279718385508405 11.698272004927869 8.95160161377084 3.7434266223231827 18.95702153512669 12.675639752858618 19.49148231056443 28.71475201443487 15.349310478522023 22.914845301510844 21.324629700304314 11.457022192638751 22.61706011783938 10.516684470385274 10.968446126267173 25.36683754285911 15.827366123006357 16.80275302789594 25.69227829703587 9.652268372065004 17.062292356614762 10.120192832855095];


nDrivers=32;
max_D=[216 160 183 221 186 129 123 213 127 222 174 230 188 174 125 137 213 136 131 159 140 176 236 204 130 215 220 227 222 138 212 150];
        

nServices=37;
S_starting_time=[465 400 706 533 574 111 592 606 194 303 377 412 256 12 133 660 559 95 580 430 219 61 546 329 89 543 57 149 287 689 712 549 608 558 410 283 543];
duration_s_min=[87 60 110 99 79 95 92 113 105 93 75 83 68 107 89 95 110 83 118 62 87 118 72 96 83 118 67 77 64 87 98 103 93 84 65 60 76];
duration_s_km=[52 60 39 42 50 49 54 47 53 48 34 40 57 40 49 47 42 45 33 40 37 43 46 44 51 35 54 44 48 51 30 36 49 43 35 57 32];
num_passangers=[77 35 52 28 84 65 36 46 58 100 58 72 29 39 40 22 77 50 34 33 94 27 100 42 23 98 43 69 89 68 74 96 92 63 71 43 82];
BM=250;
CBM=0.500000;
CEM=0.800000;    