nBuses=34;
max_busses=34;
cap_B=[36 119 27 132 98 65 80 27 131 69 63 49 82 73 33 23 80 116 128 79 27 38 132 127 43 39 120 94 130 136 49 48 49 63];
euros_min_B=[12.872663733642323 3.1455600725255453 4.293942197471727 2.5232102592908543 2.6508506068135453 13.612231031917528 1.722851344765076 5.6423070259418004 5.38096670328802 5.582422136011064 3.522330234477952 7.269047467966116 12.420060490615809 10.042995174569567 4.5266758020688815 8.325923145337349 13.994552865991931 1.5730044529216651 10.489470628352246 6.223113221684159 9.50311397101108 3.5710644241692036 6.5168331750782835 12.208695228383192 1.2398995098618895 13.173881560039371 12.086391335429592 4.749974642552097 6.483093198166668 1.253796110798748 13.008826374256635 6.718547074654439 5.37477528149039 3.658856796939105];
euros_km_B=[11.569120252984092 9.829169111633428 28.24995081064419 19.25952336833729 10.345305952764937 5.441716474237745 21.19115006444651 3.4095816222287283 8.568545302055503 20.02989955663823 26.804753904078453 25.299505710076115 12.272267456264737 22.449197384931917 15.331560355868557 13.097523576558476 6.452015000909953 16.087857652705452 3.858785971269342 9.261990749974013 26.945464717129774 23.539626436143255 5.945887003995308 4.084397171735145 12.681125651034254 23.767579327205464 29.810223401311205 9.541084349903514 10.126527520718136 18.640585766764705 26.62277345375402 24.766176527977976 16.643601984558252 28.47884642590238];


nDrivers=31;
max_D=[176 195 125 144 240 230 184 153 134 125 143 169 124 142 148 160 229 183 173 175 202 136 213 178 195 237 230 132 160 154 130];
        

nServices=38;
S_starting_time=[141 271 290 556 232 488 466 255 581 497 261 238 268 391 592 414 718 62 617 97 83 167 625 228 179 579 174 494 269 528 676 707 50 473 40 408 618 56];
duration_s_min=[100 113 114 119 77 90 64 65 86 115 91 97 92 68 83 117 102 88 66 77 110 64 93 83 111 87 96 104 106 60 71 75 85 95 92 114 80 93];
duration_s_km=[34 42 51 32 49 36 48 52 55 31 44 44 32 31 39 52 34 34 32 60 60 43 56 41 47 41 53 34 58 58 51 55 44 49 55 36 56 51];
num_passangers=[72 68 72 26 42 77 58 70 35 52 41 92 95 83 73 68 94 77 81 23 30 52 55 21 69 57 71 35 54 37 93 62 34 93 59 82 94 57];
BM=250;
CBM=0.500000;
CEM=0.800000;    