nBuses=15;
max_busses=18;
cap_B=[76 43 46 134 68 112 44 136 37 135 138 130 28 87 105];
euros_min_B=[1.1843285169406714 8.475728562695181 7.164118127177419 3.5199435470298095 10.921906922718167 14.372159343989413 5.138072060045742 9.759930207108546 13.906223556791698 11.696329845476956 4.38488378729993 9.469390522130023 8.030866921890743 10.812609211394419 10.69387929465938];
euros_km_B=[19.098847491935366 11.68688739679699 16.45115611503501 17.828057110984822 6.061413220506271 26.2625198617586 26.899093635221828 8.940941711684415 4.815203958460929 17.03304647557246 21.599025375600345 21.45199831815117 20.855347905766028 26.311212652893662 13.3803916532553];


nDrivers=17;
max_D=[218 238 190 199 171 207 133 240 156 131 151 176 201 162 201 236 214];
        

nServices=19;
S_starting_time=[53 408 467 352 499 254 319 274 568 270 407 647 161 188 173 198 330 35 623];
duration_s_min=[96 95 111 78 114 80 113 108 88 85 110 116 63 78 71 64 61 79 61];
duration_s_km=[31 35 49 37 50 45 45 50 37 43 38 37 50 34 35 60 44 57 58];
num_passangers=[25 51 23 24 24 86 38 28 51 38 43 73 67 23 24 87 40 34 43];
BM=250;
CBM=0.500000;
CEM=0.800000;    