nBuses=15;
max_busses=19;
cap_B=[69 69 52 91 46 86 119 115 90 96 133 66 46 26 133];
euros_min_B=[11.854794532227208 3.915574114927069 10.509004270719975 5.707886766339297 1.6963798767444702 4.15979409619926 9.278683219734376 4.671063548576807 4.996901984703219 13.480039053170124 13.35998458318665 14.76764398636297 8.876071138115353 10.159811077323786 13.077077364258772];
euros_km_B=[26.353461149611512 15.6682709249241 5.6570810559956195 22.37362509966241 10.1507632072041 10.836949077668008 6.339012593029641 2.3223809700820732 28.664812799965645 29.23886646526655 9.453661902740036 12.874303973334488 24.55117980009413 11.28567623298687 25.280054783220614];


nDrivers=15;
max_D=[179 220 168 180 221 128 167 234 230 207 205 122 192 170 200];
        

nServices=20;
S_starting_time=[315 302 281 604 333 235 502 226 524 319 396 85 432 610 328 237 139 527 200 493];
duration_s_min=[67 103 94 80 97 101 102 101 79 91 101 93 103 101 84 84 60 93 71 83];
duration_s_km=[41 60 40 37 55 36 44 47 47 45 49 52 30 31 47 56 47 43 40 50];
num_passangers=[73 61 59 37 52 85 38 51 61 25 53 59 48 64 20 85 92 87 49 47];
BM=250;
CBM=0.500000;
CEM=0.800000;    