nBuses=37;
max_busses=36;
cap_B=[119 57 31 20 135 72 109 59 21 96 86 54 30 49 88 107 27 36 20 63 62 81 82 135 28 59 84 133 42 101 86 99 138 57 136 24 139];
euros_min_B=[12.49408658805944 10.124727965188793 10.361661984226812 12.6442404952111 2.1383968280908485 4.639122469141378 12.387789044382885 8.194183523728148 3.8503167401452068 2.4570212220917043 14.667575135230907 7.59473172668526 3.48498755631114 14.398779345534267 11.914988484002672 9.686670137123997 3.979491379570989 9.798997345797286 11.235456801532706 10.272023583486016 13.097087037717195 8.303943201352913 4.131379776190026 6.9929604793420195 2.0306545191825216 12.528858118436515 11.366282842488996 2.4353464297679706 1.1254095856812234 3.3906179543269883 5.335602101804705 13.696823523888249 9.990895944741222 13.200246110934565 7.687453315216824 5.83797391468519 7.334914241238753];
euros_km_B=[2.11394100762652 23.88348825058009 1.3035314000734528 17.218875835862587 11.081186638543098 21.31422046184046 19.048786378153633 2.9201420793977255 24.57303154408595 29.67826606777513 29.832642952830454 27.445897278558107 21.90847694623979 21.20317650973949 13.389333098945336 20.09572534393752 22.620044427629715 20.85199932393251 1.6296806162652464 21.088823748735635 14.169320961837485 15.72117680720138 7.4066780898826 11.744448449441338 17.414755623992246 5.695340097983544 22.979715489400462 7.460341682457415 27.952808703309564 17.78255746375489 1.2839156141046777 25.579649266298773 11.567117204181809 19.956460135381526 8.749324488005426 7.203263205321306 23.000709892427974];


nDrivers=38;
max_D=[142 239 125 141 163 132 215 171 216 181 179 148 159 150 205 199 139 226 190 232 144 237 185 188 232 215 138 221 124 182 132 173 214 123 142 148 123 153];
        

nServices=41;
S_starting_time=[344 420 488 351 701 615 136 288 677 594 495 374 270 7 311 678 561 450 488 358 280 451 91 240 280 474 269 97 680 297 110 621 285 566 419 508 278 492 84 719 115];
duration_s_min=[76 105 113 112 104 87 108 117 117 102 79 63 94 104 99 78 115 83 80 88 80 63 93 77 86 90 67 60 72 102 85 100 120 73 88 91 83 117 94 116 103];
duration_s_km=[36 42 59 54 41 30 32 48 47 57 54 47 53 57 41 46 56 52 30 60 42 45 58 41 30 35 48 36 34 44 45 45 42 40 38 32 43 54 36 41 34];
num_passangers=[81 83 55 68 81 84 20 32 35 26 36 100 33 59 47 75 29 31 36 37 26 73 67 52 61 66 95 50 32 92 25 86 27 23 65 59 82 61 87 67 84];
BM=250;
CBM=0.500000;
CEM=0.800000;    