nBuses=61;
max_busses=53;
cap_B=[25 73 80 105 85 125 21 104 103 122 45 69 37 109 111 121 106 120 84 135 81 112 132 52 88 104 40 123 78 138 82 109 67 109 119 81 95 127 62 55 119 124 90 59 110 37 117 134 70 71 75 87 84 68 92 83 45 104 32 130 53];
euros_min_B=[1.1458637354845533 5.685671273621508 8.007452529770852 1.1298930206672122 7.621945966910359 6.832485924088859 4.1393017303991275 4.848537640946635 5.853609912622359 10.34433815979645 13.108127337938674 5.007091119937025 14.710168755092521 5.895169941590751 3.1027273893549983 3.314962932907518 2.9932135931938775 4.263705992215021 7.35672897668966 4.058311426923002 11.518692832550572 11.209092743379617 14.020005603167222 2.880780497179257 1.3139737414319377 6.073302281588121 13.599415755320958 4.7763942672894055 7.881646873796164 14.606669081623203 5.671717931550405 7.778787762113956 13.074529404016634 13.12576481170727 7.025792628225637 2.9632283349327517 10.057670934382408 14.123178249234897 10.247166628499695 3.2703393230740643 6.820289915961349 2.6627111638756613 13.839262230514247 3.62922492096956 9.053546648807593 8.349423199672264 4.2159281015496886 11.907342958818825 5.33504201533759 10.155713903005845 3.1780301122962067 10.750314089330576 9.627198980324268 12.447316292954454 7.222022592363899 7.322925486685813 10.770263228803874 5.242436510903131 11.952242065814211 9.085549595918488 13.381480290982253];
euros_km_B=[19.38409364130516 3.1584372415916486 14.590525841253745 12.213671376789147 8.189640620610565 19.225475955116035 14.41796875532036 21.422385765634605 8.81803673284881 25.825630817774144 9.384923571974896 18.010873183831368 3.4142593445642397 10.627619629936644 17.58788167781654 8.981693016681216 11.477402284161391 20.048083836697906 7.518944807770253 1.362222700172298 17.65488926829493 15.140588023758976 8.788495085630515 28.51072597267504 14.203331474974478 14.54641076946168 17.428072181348753 22.391266979436985 7.64070936051184 18.660663434601947 27.928309654653408 7.087701680874418 25.27468559446663 8.207345153563683 7.250797219480793 8.540221681537464 11.796070478959003 2.597220614308569 24.499357024376685 15.830083582671461 29.095664942407943 7.956840429291705 22.04468279061002 23.120142072535057 24.07549974864441 20.599802435701857 26.80749383721 1.2895266502549183 20.385186157805094 3.6724077080384063 15.797944975403096 18.488631079502017 7.422243923527709 25.8188226219793 28.856506936042805 13.712085271585075 19.36465078243012 7.367838681249891 27.32136958951411 16.030790705311567 23.287936920592372];


nDrivers=60;
max_D=[162 224 202 182 194 210 204 195 146 180 160 139 183 127 224 175 191 184 209 155 227 172 234 158 235 208 222 212 201 130 129 231 141 168 229 195 238 143 131 175 163 182 221 122 214 126 187 135 184 204 165 131 214 125 156 194 165 229 122 218];
        

nServices=65;
S_starting_time=[121 469 403 52 396 138 699 153 251 131 126 279 260 63 407 125 317 177 577 599 488 698 583 194 548 44 346 103 439 159 228 182 510 418 209 75 543 406 548 658 519 285 535 129 126 661 79 39 715 189 171 659 488 596 450 62 386 329 142 496 719 441 587 592 327];
duration_s_min=[90 83 104 108 102 114 117 60 69 104 93 80 100 85 111 102 63 119 61 62 94 96 83 89 92 66 116 82 69 95 101 86 76 107 81 104 107 73 119 81 112 96 85 68 90 100 60 66 97 97 103 69 106 106 113 118 85 80 89 113 61 65 104 63 87];
duration_s_km=[52 56 37 43 35 60 52 59 46 31 53 51 52 51 59 54 59 58 36 52 48 56 55 35 44 60 41 47 55 48 40 36 42 41 33 60 51 33 49 54 43 36 38 56 32 36 33 42 56 58 49 31 41 58 36 31 34 58 58 39 54 42 52 42 51];
num_passangers=[27 100 40 61 92 72 86 90 90 78 42 87 56 37 84 82 40 83 35 22 73 20 55 75 52 31 33 28 50 33 81 67 49 36 66 27 46 66 27 94 67 81 73 74 67 81 81 52 38 20 90 80 66 81 80 41 63 43 20 45 77 69 46 26 30];
BM=250;
CBM=0.500000;
CEM=0.800000;    