nBuses=59;
max_busses=54;
cap_B=[101 27 75 97 69 44 107 126 50 84 119 86 45 110 67 49 41 66 85 129 124 22 138 140 45 54 124 78 111 22 21 48 39 45 101 98 79 96 132 81 82 53 133 66 115 37 121 65 135 47 28 95 138 96 27 129 91 71 74];
euros_min_B=[1.0764068328474055 1.7208590496683687 1.928155219685564 2.882317376450951 1.4914107231441585 4.084880870437078 14.477099224678078 8.466816463925229 1.1741772203687197 12.455096946212393 2.922497141212559 8.580731191067725 2.702719112754905 14.677972546870823 12.650215305952766 10.70901460069359 3.545059798077112 12.4517192573614 6.6850497172196 6.863146528582936 14.70735792289444 13.77027549770991 13.639646756885988 8.808970670135754 8.727541402635586 12.528458225440701 9.459264053257513 7.0811720034392085 6.9755608698948794 14.346621050036134 6.449437433746292 2.070663212700172 7.665694346042533 5.217109010008043 5.826313081841149 7.571773465446719 7.959122267078303 6.843398788404319 7.946873514713841 13.208210521660678 1.5923068763975796 10.848348976121532 11.440916597396233 9.978385913301713 10.520633125068859 2.9408639961038636 12.344675952871425 11.840148834386358 7.773140099275386 11.49710504468337 13.289449943275562 2.668610896194472 14.802508183249557 14.674714930477728 5.726337530970968 1.551836108686228 1.6864212258432865 11.127344524220906 4.820592540918955];
euros_km_B=[28.01991812244298 25.783086331444263 16.64064955801212 26.75544419119492 14.958440578833038 29.331366545898785 27.915539086628392 4.684861532593032 24.81647930947996 11.168296051372202 1.1767002699258704 14.230415147513956 25.381641579925603 13.915983214812005 19.274170444753484 17.97929257886451 7.786666159122544 24.254025457679425 25.526700856637863 13.46923097833755 19.02996176691159 29.65503676989094 2.4654468025728855 4.945650529217961 22.36006092667763 27.145558575113064 10.636548144895432 28.396961853650907 9.643287386700372 1.0147710225065878 1.1475081941457654 3.6215177319760476 27.745090971120437 9.42231223260521 9.201873287755868 10.733082217923421 14.84052950405939 3.8144629402864347 1.264793915699772 3.0314870890687002 16.022041304602013 25.14555933928769 7.025054240247437 7.427194546630512 21.602344006008032 17.624746937853143 29.11983409187825 18.063784963507565 3.959951591875001 3.620654747999351 17.42302465406904 7.050830038235666 27.850989617426315 20.775119366318346 1.6912287750573016 14.401824486645111 3.117915737188624 11.412977873749112 14.669437211257957];


nDrivers=61;
max_D=[136 203 147 148 207 208 180 143 148 143 121 167 156 214 122 199 173 188 209 204 131 175 198 179 213 129 180 204 140 238 157 193 178 126 235 122 173 196 158 188 172 196 231 121 231 186 136 240 240 160 132 169 220 218 149 197 228 167 142 206 209];
        

nServices=64;
S_starting_time=[545 240 487 676 716 171 181 477 124 663 140 696 154 452 556 102 338 566 438 439 624 561 245 510 248 181 614 502 588 508 532 593 53 53 81 335 87 488 116 108 195 567 456 717 355 680 421 594 547 693 421 488 118 118 346 146 357 634 125 280 442 506 457 534];
duration_s_min=[94 109 70 91 64 102 118 72 103 84 118 90 73 83 68 69 93 74 100 94 62 80 91 62 109 116 63 67 61 111 91 104 71 68 110 102 80 103 73 113 106 84 98 76 112 89 82 118 93 106 65 111 91 61 118 97 90 83 75 109 93 75 60 65];
duration_s_km=[40 59 58 52 45 33 54 31 48 43 40 47 42 49 45 32 52 38 45 60 57 57 45 46 47 44 46 43 39 32 33 39 45 50 43 51 35 56 31 38 47 45 40 56 42 34 38 37 40 46 46 37 39 52 41 56 31 43 30 41 32 40 33 40];
num_passangers=[22 25 100 53 26 90 38 73 42 50 36 23 20 63 60 47 41 96 52 54 71 78 57 27 30 67 94 90 63 35 28 24 68 69 25 71 83 79 78 50 73 92 66 51 97 68 82 46 38 60 92 92 73 89 40 20 38 21 43 75 23 58 68 36];
BM=250;
CBM=0.500000;
CEM=0.800000;    