nBuses=59;
max_busses=57;
cap_B=[33 89 67 122 79 67 90 90 80 30 127 34 94 36 63 53 63 75 110 37 140 36 120 129 23 80 79 59 115 28 63 53 75 105 48 58 57 20 77 102 110 99 23 125 28 139 54 50 42 106 80 119 69 63 46 40 96 131 46];
euros_min_B=[5.066127386609944 2.259491434649097 4.9018225528884445 1.9584277250039743 12.070472675269698 13.425580270779252 11.294816840097132 14.428670434972805 2.5163905663963444 2.465162169605684 1.8398937556056756 9.677367697006611 1.2938172735202962 10.493371762682505 14.861355573275617 3.164655683957231 6.499128274538986 8.898687789873385 11.099992630749554 5.383120537193443 9.017428575694288 14.129615732802126 10.993132126646017 4.06003758456405 7.787347247216868 9.625645626473641 1.7802333366391565 10.11134397270812 2.871123760649869 13.198318108561146 13.306467805085916 1.1395480511099583 11.734002830447121 4.217823257862033 2.2274366231594436 4.713242176438317 2.586400566204629 11.13580198092843 10.075682060088967 10.787621650481627 11.64144011020179 1.509146607884865 6.377384454286763 12.302504553344926 6.982479629836296 6.9373532426874 9.280810510120416 8.63700447489951 4.227796459768872 8.974349926384342 3.1457426996668723 2.4718719167867422 4.750064148597842 12.165428018021725 5.199673605299166 12.143393870317995 14.587852341506842 9.04700082072334 13.713777920625244];
euros_km_B=[3.1371148578111603 5.557793666633672 22.138869556546755 2.292417980536778 7.167995337400548 28.145023114483745 9.501172502262193 24.77541989844891 5.372918841589718 19.048699919935753 26.679063384921015 29.187484635989406 6.215143401082743 6.385118618583423 17.786420764512734 4.303953989174494 12.381892348027113 5.197896051928997 6.364336366049395 16.241417747138634 26.413431622551354 18.225103587143593 5.723648900919993 8.846299518959054 27.79707695534968 23.170773181282126 12.399185483384121 11.934468484293117 5.240940753806118 29.428178426322912 4.045731256847108 8.44594279411384 22.393753830619424 9.78247000933202 16.565491278896857 22.243569125757308 11.203300266314947 24.559337612074962 16.44141202725234 28.001748962776436 2.2068453094323086 17.776366854853837 14.115613107428631 14.875668117042677 28.234207161172954 18.7349108795129 12.574392983399687 13.661409093364409 6.184815133702813 7.677690940368568 20.065322066441492 19.302682338641482 1.1395435400060114 2.163244911490605 6.961435879116958 28.275335827895205 16.886365364665842 20.67807640199444 23.674412426547445];


nDrivers=56;
max_D=[155 144 156 191 210 215 240 196 147 122 224 186 134 201 214 175 135 204 147 213 160 197 132 137 220 230 185 157 162 133 205 156 164 191 203 127 152 183 166 137 220 158 123 153 236 149 225 164 214 212 134 186 239 234 126 215];
        

nServices=62;
S_starting_time=[692 184 250 172 5 177 645 316 627 609 485 48 520 197 112 111 312 506 301 623 585 22 414 113 95 42 184 338 667 641 619 190 646 233 230 230 541 110 290 420 569 53 484 14 27 131 203 651 665 294 223 645 623 360 155 122 239 229 102 578 439 606];
duration_s_min=[68 65 95 86 115 106 93 71 107 85 120 99 78 100 67 63 105 67 99 114 78 111 80 94 98 67 107 98 83 68 98 79 93 96 84 65 96 94 94 110 81 62 68 96 86 109 109 87 107 84 72 92 89 113 86 81 66 114 92 100 74 74];
duration_s_km=[33 48 49 49 51 55 43 30 46 35 53 43 40 52 34 39 34 52 49 48 36 51 45 50 56 32 33 60 39 31 60 43 59 39 58 40 57 46 35 40 44 34 46 34 50 41 30 56 60 45 57 32 54 47 40 30 38 32 31 39 57 44];
num_passangers=[23 93 31 90 68 85 61 27 21 34 38 37 99 88 21 70 53 86 76 57 67 47 33 80 57 79 95 62 67 33 84 60 29 84 69 85 62 63 42 33 63 72 68 42 24 36 70 36 24 87 72 68 95 62 42 60 60 98 60 37 65 88];
BM=250;
CBM=0.500000;
CEM=0.800000;    