nBuses=47;
max_busses=44;
cap_B=[114 43 30 110 69 38 39 106 103 44 111 88 95 101 121 76 95 102 49 57 85 35 87 138 88 96 85 127 61 89 58 125 65 92 72 29 129 75 129 51 37 90 92 127 99 135 121];
euros_min_B=[11.37093237290439 5.8750824055037825 9.028996942719345 6.998069353721591 7.537278966059549 9.741231463876062 9.320405388629554 5.436493437493354 14.804353813883287 6.575195165267998 2.226132882887108 12.07945835511936 12.880674751553629 6.677134758944579 5.692689431439672 10.538306188239627 5.653558181728269 13.134496515983495 2.9163478046301385 11.09121498640611 13.601551846123424 5.371559284825863 3.6583558151130555 11.44972426375337 13.330644352543722 3.2675856902381173 13.73107598877194 5.861980992197167 10.25270201441079 11.908575532993893 14.168312603921887 14.805884583593533 12.581834825941879 4.6300548649121 5.457244061166355 3.2545014140508997 6.601021924991607 14.869052004279721 14.724920972337777 5.379834828980569 7.289476563714001 13.45309073958879 8.93112797582087 7.0964940422012965 2.346255216916873 9.24544638899601 11.665929080984345];
euros_km_B=[9.885129483004615 27.541802261833812 1.3647416853638403 15.465092349905335 17.26298673011608 24.642638300969026 5.614235043817252 28.489553186688738 27.44535131505398 27.101679191857787 26.7888258733639 11.788115241817726 24.771275740681517 13.542564702334259 17.472330774541618 14.859102918787071 25.813909677665734 5.878610742385054 10.23015949841957 7.840385663804852 29.189771434669776 8.110688168073771 25.453557809146183 27.78962118088034 26.452355719497195 6.503466123209269 8.721462027887462 9.042532861120563 9.63217937660577 20.566066850210497 28.775030346349794 4.169561936092005 6.938762664698916 14.042971450759174 18.487810836286755 5.646362466122834 26.262675878853155 24.70007299493648 23.444709494447064 12.047481531349714 20.79259953514409 13.887403593840057 27.51876098987554 24.32043464560897 10.572618139631762 12.669863921130634 17.499713323986548];


nDrivers=49;
max_D=[233 127 237 218 221 234 237 160 128 210 153 235 191 133 195 222 189 237 198 149 191 203 224 214 224 182 215 142 200 178 128 226 180 238 235 135 139 161 170 121 207 172 229 155 129 140 128 129 228];
        

nServices=52;
S_starting_time=[579 433 172 282 116 662 450 605 251 570 131 415 415 617 430 72 581 610 411 621 567 455 66 418 30 450 115 651 123 574 483 635 467 167 38 635 344 82 338 629 324 442 357 458 438 626 211 713 58 579 625 65];
duration_s_min=[94 65 86 80 110 62 75 99 88 83 111 82 120 100 84 103 61 64 92 68 110 87 117 80 86 114 64 64 92 65 62 78 116 110 112 109 105 113 78 67 88 109 118 89 71 98 83 60 70 95 92 77];
duration_s_km=[55 50 54 42 37 33 41 52 37 48 55 60 31 40 51 43 31 60 56 47 41 47 34 57 50 48 60 44 58 35 36 36 36 58 44 53 43 37 45 32 30 31 33 50 53 35 37 40 54 47 36 56];
num_passangers=[66 69 40 40 35 93 69 62 32 70 23 92 57 47 75 80 64 85 34 38 97 98 80 83 99 61 53 91 48 99 80 91 27 96 34 66 90 41 81 35 40 92 82 26 27 92 21 27 90 65 33 63];
BM=250;
CBM=0.500000;
CEM=0.800000;    