nBuses=38;
max_busses=34;
cap_B=[122 104 57 63 64 136 69 100 119 75 49 118 53 24 81 26 38 105 22 22 70 117 91 69 114 108 92 36 100 35 134 42 118 62 132 31 42 106];
euros_min_B=[5.03082378724723 14.239258880917466 14.617205122163659 1.7388416754445564 10.383788455234649 10.101284911516395 5.684282933408907 13.148777028294052 1.3617456114371744 9.221766964271003 9.507618117077342 9.104274292206851 9.927892233860495 12.479599308818328 1.3393732106243161 12.063834478997736 1.6682945341158661 1.9548490991726601 3.588160080427368 13.927971694777488 5.269982890284837 9.687512995632531 11.23295648955284 3.5832336240490243 7.7773782806636635 9.390151675277252 13.881956225414145 5.43886641235331 6.056227225411949 10.50490072841501 2.9472980769936252 9.228031502392032 1.4443254652541413 4.848521545266648 2.5801519851952177 1.5482109633357073 9.217727087892957 10.20633813185606];
euros_km_B=[19.846388130656127 27.318056167787592 1.9086150696870006 23.690890014295224 2.2126211371149456 13.205439807125583 24.938803351840416 25.27141231912247 24.48841512638253 7.725437428508366 20.717043963184317 21.631350573363914 26.764303312746136 22.638037929516653 7.615221403083394 29.86201679640939 18.47114679589057 14.453090390270283 26.595472026476312 25.96593683861779 22.235104160837338 24.43507945523177 7.853352760497509 14.465830985724027 25.24850590808546 21.290362789436568 17.573582034886005 8.170125928027979 22.750754692491903 8.683091704340775 6.583146356558474 7.12285413428677 5.961666011828663 19.148258608672492 23.818691817696735 24.481543006087666 27.90170004569471 11.454061019266993];


nDrivers=38;
max_D=[144 130 184 163 152 122 131 146 140 134 131 122 139 222 124 195 176 199 155 225 192 229 180 153 169 240 220 202 161 178 124 140 137 231 167 166 206 162];
        

nServices=43;
S_starting_time=[115 612 159 421 312 333 369 681 528 575 614 153 105 484 278 61 478 16 153 690 471 322 102 664 661 274 272 157 560 565 633 494 633 248 687 17 403 644 273 267 658 92 490];
duration_s_min=[100 77 111 113 67 77 92 73 119 100 69 102 75 83 68 75 68 87 114 66 72 99 116 116 61 100 115 67 88 63 82 113 74 109 76 118 101 98 73 101 63 80 86];
duration_s_km=[50 32 42 59 60 56 59 42 50 33 44 37 54 43 55 40 45 53 34 54 33 39 51 31 50 54 51 59 59 41 56 51 35 31 59 52 44 35 44 46 37 52 34];
num_passangers=[54 79 62 63 81 22 26 24 78 87 64 47 28 36 65 63 77 54 36 45 80 20 87 43 50 97 99 22 93 24 23 71 36 100 84 91 48 20 82 73 69 67 55];
BM=250;
CBM=0.500000;
CEM=0.800000;    