nBuses=31;
max_busses=31;
cap_B=[128 112 120 34 28 80 68 66 107 28 37 24 35 74 131 93 82 131 119 88 136 62 122 139 47 30 22 104 21 28 116];
euros_min_B=[8.504342794525414 5.50551842204361 1.736593681289865 8.862751596520653 2.8740947505878984 12.921263180955865 11.156898089710591 12.170515981203998 5.763039651824354 10.929389905069353 10.416050730041432 6.243277201932236 1.8215779008424224 9.501168333465005 2.0994891095350683 7.173892768124334 11.315555569202695 5.043942823463282 2.295644320917795 1.363458225547496 12.63309427235238 1.6607283732202531 1.2910572765249724 14.69309901191997 12.711781593680664 3.240064322806946 11.333915548976343 11.47158059681767 5.841598955950944 7.108143786259285 9.584092701505995];
euros_km_B=[8.849087651784277 6.682508868592842 3.299145855471475 1.8961620326950683 1.702540547141834 10.456711094705064 1.2582551110522173 24.454469856169563 3.8537694861737606 26.248329771481487 4.496838949880296 11.836771760635406 23.25613611598607 24.538317835099758 3.6274901723128252 26.950080148537594 14.370314975495326 17.514189131287043 25.86092554382189 5.598514208206169 8.691360015338258 27.27752280309854 22.78612741332437 11.166703221972753 2.782245842786683 19.432637404338017 15.28448178897772 3.313579196752094 29.61253318066262 20.845865674634005 13.928371738564431];


nDrivers=34;
max_D=[166 171 216 196 194 172 199 201 147 170 212 161 120 124 120 238 228 231 196 157 215 230 228 198 162 227 197 120 240 158 138 124 162 223];
        

nServices=36;
S_starting_time=[659 160 558 526 231 521 340 124 694 454 475 698 647 298 657 51 105 701 255 137 574 95 292 420 674 70 517 507 212 253 14 388 283 510 369 370];
duration_s_min=[78 91 116 104 79 111 96 107 91 112 116 103 117 95 103 117 118 95 120 66 73 69 93 108 89 106 92 111 84 120 99 61 71 89 107 107];
duration_s_km=[56 47 58 32 32 59 49 45 44 43 31 46 41 35 33 44 49 40 31 59 31 33 45 58 49 56 45 49 38 52 55 42 43 33 45 37];
num_passangers=[46 75 26 39 32 37 47 72 27 100 99 87 22 54 54 65 100 90 33 52 62 68 61 65 33 28 64 54 85 30 45 68 77 23 89 35];
BM=250;
CBM=0.500000;
CEM=0.800000;    