nBuses=40;
max_busses=41;
cap_B=[52 111 42 67 109 60 65 29 43 115 123 101 72 92 27 90 97 69 61 48 120 98 51 130 23 74 41 79 111 27 83 62 33 117 60 27 23 80 32 64];
euros_min_B=[11.674048620043783 3.127363287694946 12.632065744979398 7.862686817804084 12.947157212180763 10.405147819727091 9.838500503223822 1.8285548875908262 12.336224343889132 13.930910362596041 8.60084813231446 1.780259002548311 12.308327953094059 3.2572510869721043 4.122639193779951 7.740840675305441 7.680824371650772 9.541083465620181 12.84337334264864 7.025955697700741 1.6495755415137863 5.828421990963274 10.979634673844343 6.219656511124211 2.7822322730252678 8.632812326596042 9.44047730569945 12.339221874524732 6.1229139209065195 9.985816942929635 12.768828362818457 1.7951127598703582 12.52189480181511 8.925269195781416 1.0162266179010637 12.898571539821065 9.65331685776908 9.173585578166751 9.501140760895455 14.095759437820707];
euros_km_B=[2.455109094186485 15.499882378567003 12.637446733611817 11.299388947274078 15.30818108892718 16.009949499549744 25.789674232626894 16.22646235894461 19.1253106488256 3.4588096326815343 14.909205839080174 23.21430106829107 13.573009680112246 6.3277974463422275 6.664670457779453 21.827156938453708 24.931991246840397 26.61823094169926 2.6446588032812555 29.688244416266045 4.2142461603032375 6.554355425071846 6.376520334034438 25.24630209176541 4.332137966506297 15.717322996602201 2.3546166345865087 16.02148929742388 22.14560118767785 23.406967858846276 4.484830806842792 25.871282141565462 7.1167129432425185 16.040249325008965 17.327622026535387 26.861058131568523 6.074330229076621 4.518537619239886 7.537966511606026 27.443115022546348];


nDrivers=42;
max_D=[228 189 146 174 178 121 215 189 133 220 152 203 150 186 221 213 140 239 145 188 216 198 213 184 238 211 231 121 194 169 145 168 235 202 127 218 127 210 184 199 130 240];
        

nServices=45;
S_starting_time=[1 386 32 318 214 670 224 421 442 4 19 44 350 108 179 409 551 503 507 260 534 150 544 139 103 699 672 692 119 144 496 155 33 236 521 280 485 532 630 45 324 711 718 424 185];
duration_s_min=[88 85 100 98 104 109 107 102 70 97 61 71 109 77 78 62 108 82 110 87 64 107 67 61 105 104 70 102 96 67 72 95 84 87 80 94 89 119 78 78 88 85 66 93 118];
duration_s_km=[45 37 52 40 38 50 42 45 35 42 43 59 35 55 30 48 56 58 36 58 46 34 54 59 60 58 51 58 33 51 60 52 53 37 52 43 54 53 44 43 36 60 30 51 59];
num_passangers=[62 63 64 70 31 95 62 48 38 42 85 32 68 69 40 25 21 33 85 55 88 70 30 30 97 53 67 50 24 62 32 86 28 55 60 63 81 58 28 28 77 52 52 66 56];
BM=250;
CBM=0.500000;
CEM=0.800000;    