nBuses=61;
max_busses=58;
cap_B=[116 36 28 140 87 24 59 91 111 119 77 30 38 111 124 79 134 26 99 69 55 23 25 33 22 101 100 127 26 109 139 94 41 69 126 31 37 131 105 48 112 116 109 39 133 36 118 73 133 61 119 135 77 88 123 127 48 81 98 121 94];
euros_min_B=[5.109268190180393 6.37829762273635 10.335172462316567 4.0195984787270795 1.4826005591774876 13.063768552095066 3.9997271388946665 14.086675285659252 6.849977717889959 3.9519968025056196 10.406035239559731 2.7283703901355816 12.930167521400467 1.5876441367399985 6.0457680453793685 8.01722068061618 6.945525475784792 13.121792035378238 6.343335807065214 4.947534764891294 11.379273626153061 12.247553733873518 14.762955691679135 2.5305801849923366 14.218884536931146 10.493744373770088 9.109820703753547 11.992143980808631 8.604649389738032 4.460771459442022 5.2916714000199025 4.217209082024221 1.6846338826046185 12.846813863125787 4.738250691139267 14.395218844941825 7.030236880805211 8.832530343650262 6.365667564561207 7.185958445979113 6.8126270466255585 9.022098691845082 6.122515117742665 8.390671348655854 13.166282623743541 1.1572178879236465 6.977930434761159 4.409476633620517 5.837669810271913 12.942091013214018 5.1279517137607975 11.866351294289718 9.536801220233812 6.1398749999111475 2.4257533855780693 10.725811683820849 7.099489085630447 8.687166900460905 12.666654717678798 14.739984647222139 7.5990174404190824];
euros_km_B=[7.881464283695607 24.305100906954234 27.445502931740293 22.42623621626246 26.570653301601553 6.274259006095468 18.312173513462614 22.038794334804777 23.864554084578263 13.39425937943426 26.12696974177025 27.48425467969633 7.746747119645234 20.682635765874007 3.359612508486268 18.170165333946997 24.96975105437065 14.394113555941233 17.58537940216337 25.520137454232362 25.90893603557528 3.2198362081292187 10.292900634854563 19.48550063625118 18.172869822670027 1.0381560065941742 2.781743723734234 5.982371793401093 21.861950370467415 22.968094368647535 2.620666106833224 18.408711707390758 1.7996698879317035 4.002300507854629 10.32858676343565 17.092039118674364 6.989911450555393 8.504327754004684 16.060004923492723 9.172702069848881 20.48291673956721 28.678982005932845 27.22334197407861 26.595465112679552 11.907112006334062 11.486244418896213 14.597641840998376 12.976717404960157 12.869725970969835 19.43996913762995 17.995871198057593 20.637536519560012 24.325991559500007 2.3436128687755193 8.946609099279636 29.58842211167345 29.89129822457057 10.786668436416468 21.173305041860704 9.899304949644028 18.415773039120523];


nDrivers=61;
max_D=[176 155 169 134 120 122 195 150 142 193 152 140 227 141 238 129 134 124 236 221 237 208 209 229 195 133 127 190 125 203 188 185 135 164 159 210 138 228 200 194 234 153 182 240 184 122 176 122 184 179 179 198 141 185 203 179 204 220 141 226 226];
        

nServices=63;
S_starting_time=[135 289 34 412 143 262 423 42 21 236 444 226 340 604 116 39 583 352 586 132 364 591 618 463 348 720 296 594 647 16 399 437 525 278 520 211 278 115 559 45 102 711 148 66 664 309 705 277 166 665 200 564 489 309 567 104 134 237 27 674 502 154 61];
duration_s_min=[117 118 107 118 67 75 71 99 109 67 64 79 65 97 108 99 97 98 67 70 71 107 109 73 66 94 66 99 74 93 83 95 112 110 99 60 67 67 95 84 109 67 103 76 82 88 101 77 76 84 80 92 72 82 119 97 89 81 63 99 97 82 69];
duration_s_km=[32 55 34 31 45 46 54 52 59 52 32 56 44 44 46 39 37 40 60 49 40 38 44 52 51 37 49 42 59 34 57 43 55 38 48 36 32 41 47 57 57 30 58 45 58 56 38 48 40 57 53 41 48 59 39 52 33 37 44 50 59 60 31];
num_passangers=[70 26 52 51 89 70 39 43 44 85 45 51 34 52 55 89 60 32 92 66 52 75 51 91 24 71 58 58 40 61 94 41 42 66 40 87 56 100 69 24 25 61 28 50 60 36 74 49 70 54 85 61 68 86 100 75 35 90 47 86 66 33 92];
BM=250;
CBM=0.500000;
CEM=0.800000;    