nBuses=58;
max_busses=51;
cap_B=[68 102 133 95 81 63 124 47 26 39 134 77 132 72 64 71 135 140 52 86 139 94 66 40 54 77 102 82 96 74 98 122 140 122 75 76 37 75 60 133 59 99 98 87 65 46 121 69 74 87 49 33 109 41 46 97 81 41];
euros_min_B=[9.90249246459015 13.48763650161785 3.484683587148253 6.054033413997086 10.885047067555472 6.3471023374697735 5.625649038841874 12.703978030652728 6.616482649367191 11.336554945829088 4.485830573053338 8.049517145713873 14.865928947991323 13.394659187477497 9.3106965153855 14.311897155450827 2.1439400802364865 5.544784078143089 10.41413243818739 13.056476737255664 7.660358857970583 11.506319379548355 11.362748264458451 14.364746034429242 12.012836146163428 2.6442980944262526 9.731749114859339 10.60286970316255 8.463981941476604 7.96084697909298 4.593141041385387 13.409837728896319 7.0296633961015536 7.092556733583409 14.29137193005619 3.199251068092799 8.582277238072727 12.292717957308248 2.3087274266254907 2.926355471126664 5.8216970070167555 4.129558703103325 12.078216276201175 12.666604607334378 13.294931156906141 5.208179261442924 6.188869934088221 12.717204117426766 7.512525794191472 4.962729343894021 4.867856537092944 2.2875027641802808 14.59689811313531 5.282954108157154 3.391732409297621 12.376674448030414 8.400227355416925 8.918821499673044];
euros_km_B=[6.247227457673724 22.0792532020783 24.619129172925096 13.290945630711407 1.250115774622265 1.5121311416021603 9.02477836610394 6.429474935792864 12.337835969084374 3.3226100227402524 3.7786591930887585 9.694360535598012 23.81246160497496 3.260175081558913 2.0278566000146965 14.704161779664433 2.855121946146365 27.582268714823915 6.622851775825012 17.633550740413142 6.491715980999245 2.9863510941379117 6.4896724656534985 21.921343934259937 13.444306596888435 22.32332509154859 14.809258079158468 8.359305500977545 5.562059860480432 15.643237826212399 17.722375327889555 15.920444943065984 19.477918637559878 20.580621597450715 25.955441897190894 22.77886469287642 6.055199581131902 5.382238354444901 6.67151662542946 12.92452525315931 24.411405473047072 2.3428340987467005 3.8820427804855937 15.07024617838602 11.137660748324649 4.230324974618638 4.505238064609806 3.145575730324104 20.2890253405248 9.105228073744138 27.346091486929932 5.981203716632275 6.225310182965319 23.39787573891548 14.113306363059358 1.5633617793905454 11.953388410512131 13.242443977069888];


nDrivers=57;
max_D=[132 232 199 154 204 137 157 236 143 223 195 204 181 148 169 132 127 212 172 186 171 177 240 177 236 239 155 220 177 163 150 220 214 186 210 155 212 166 158 184 121 206 214 173 206 125 161 190 132 134 236 178 150 231 159 158 158];
        

nServices=61;
S_starting_time=[480 671 10 516 707 572 235 196 244 474 293 81 142 225 45 227 607 717 516 624 421 227 153 394 69 370 119 205 212 408 532 519 552 505 642 164 139 390 250 200 561 554 266 396 507 245 440 418 455 528 322 483 320 21 469 690 59 537 176 50 577];
duration_s_min=[79 110 92 68 92 114 98 89 75 83 104 67 69 105 63 77 76 70 103 115 114 93 81 87 83 64 71 96 118 98 87 98 94 86 85 80 71 65 93 80 70 91 94 80 91 106 75 103 72 120 83 118 109 89 93 110 105 66 117 87 61];
duration_s_km=[46 32 39 51 56 43 37 36 39 32 59 30 45 52 34 39 59 43 55 58 44 43 45 37 52 31 34 38 44 31 39 45 35 36 52 30 60 58 43 33 54 47 58 44 45 37 59 57 41 54 35 44 53 30 56 59 30 45 49 33 43];
num_passangers=[38 64 27 38 20 36 56 77 57 60 88 46 23 26 72 72 76 31 88 98 20 35 61 65 23 43 58 54 53 99 50 23 36 93 51 42 39 88 83 51 96 38 65 66 48 24 88 99 50 51 44 43 97 85 60 35 25 29 51 28 88];
BM=250;
CBM=0.500000;
CEM=0.800000;    