nBuses=44;
max_busses=47;
cap_B=[49 53 125 59 123 63 130 120 112 31 102 96 43 28 76 91 89 33 102 77 90 103 65 76 92 59 42 134 65 140 21 129 91 23 26 48 54 74 75 115 68 96 39 77];
euros_min_B=[10.767932513253069 13.802704143193075 12.645127110490913 6.1791221202300415 7.294653572702592 13.857285931601938 12.860238866626082 13.514579612371705 14.977388858742533 1.4606272381065541 14.752081761464305 1.7769178840497462 1.9902500286700857 4.026217042595189 2.700009350459944 10.50157471215453 2.999221299081511 7.226720485436903 5.823931207680545 14.71350095725358 1.3405550828967991 9.806809843330614 7.748283128983236 14.175801180333195 2.429519064014338 11.530908682509017 4.676286535823518 2.082005428345929 9.923099486868818 6.163295922266769 11.00302252008126 10.610063628868854 1.860556838142984 5.761383769521535 11.396893765226125 11.162766015308863 4.29516633684155 13.575602167783538 4.053989980815228 1.3961994585782933 5.798058394323036 5.4447746187721675 1.3284670687287217 8.332416063927854];
euros_km_B=[20.567173739345936 29.83421106464545 9.815638248935347 15.158473614423233 18.411715466474586 18.708374220915054 16.29206845386226 18.6933718164317 4.065985599490259 26.1783835501007 1.275843429493527 14.451810720567861 19.93854553970274 19.200723097633315 18.773322584420065 8.040487105736908 26.579346989031258 17.099340130682528 16.13121356421499 9.543552163327963 15.514275534190508 4.912298859908864 13.884512949671185 25.803477579917192 25.183655946401995 12.969699420906425 19.61986493044891 5.688973418061152 19.616730158142712 18.37030053735048 23.057821023172448 17.17454698863947 13.80632524836477 26.650742714689475 4.366384971041608 6.6996442559746345 24.63858089619695 7.920851531655012 5.464913670281252 21.021765234379068 21.04356932600681 23.96929628860373 20.314012841058442 5.188886954568366];


nDrivers=46;
max_D=[127 231 200 232 123 217 200 196 226 213 181 219 191 206 220 128 152 135 213 120 200 140 225 240 240 136 211 189 158 207 178 225 168 140 212 143 192 186 174 173 121 214 191 127 193 120];
        

nServices=50;
S_starting_time=[643 425 578 573 33 9 111 370 106 49 168 162 321 113 405 532 616 629 245 52 666 104 516 565 486 609 6 4 509 599 625 229 398 596 99 260 154 402 122 121 475 270 168 444 164 470 351 17 664 648];
duration_s_min=[65 83 82 114 70 101 104 102 119 83 95 103 67 88 70 92 115 111 110 64 93 87 96 65 71 106 101 117 67 117 72 111 118 67 76 104 97 61 113 75 80 115 67 108 89 111 95 87 66 91];
duration_s_km=[42 59 52 50 50 41 50 41 48 31 44 52 40 34 37 40 50 52 43 43 50 45 37 30 50 51 38 58 53 56 41 48 33 46 46 50 35 51 43 35 36 55 33 59 32 54 40 55 35 47];
num_passangers=[64 51 91 72 41 93 65 39 35 79 42 68 95 79 92 50 20 53 53 74 94 66 25 24 94 53 22 39 70 99 66 100 84 89 61 51 92 31 69 30 94 82 33 28 59 52 69 25 74 53];
BM=250;
CBM=0.500000;
CEM=0.800000;    