nBuses=35;
max_busses=40;
cap_B=[78 57 83 127 104 69 56 73 44 53 46 24 100 78 120 133 124 127 46 62 56 23 134 122 87 42 98 90 51 67 43 72 36 92 128];
euros_min_B=[13.418918052107216 6.615653958443952 6.114932345865258 7.890662738941996 14.571676909139471 3.7250764679990604 3.9373363603035223 7.372276525592994 5.235662581165277 1.4943952022916653 3.118264278806077 7.224889087468458 5.772500374705896 6.743982409810764 10.13380266543389 14.119766659902819 6.5514078784922685 3.567905533356111 1.4762993438161076 14.909161496630185 5.629340640679436 6.865460874895289 6.9732451331847045 1.2151804886127189 10.394052482578243 8.046366971695274 12.359828887721399 5.909530436083508 9.368390538288992 12.333135101392553 1.6583433186214387 2.247250807405297 5.081941407516805 6.724470913606767 1.0361554660796934];
euros_km_B=[14.949545621039192 1.8326828854702626 26.334731507877514 17.596525091901086 6.342462070313837 9.43778867312169 28.939688919921494 9.248673485651716 10.155549781333466 18.338765798855004 5.482407224236228 28.130999290172415 5.695232953116623 21.84461969580855 22.91323072222622 10.548316408378767 29.72763071885475 24.343199635913102 20.077078678726647 3.873820357999056 23.93790804077457 17.547937665632748 7.739204995904624 21.74263763888784 29.838817316005606 5.974188296203144 8.554698818388301 1.4826572674706266 10.008519233535585 12.161795488590538 22.815204694269283 5.126888633625223 3.778227795827491 28.2194302849106 11.597259436683125];


nDrivers=39;
max_D=[144 204 213 193 224 209 202 226 185 149 140 190 174 130 223 178 229 190 211 172 202 190 180 153 210 182 147 229 159 122 152 223 132 227 191 189 167 131 169];
        

nServices=41;
S_starting_time=[34 226 597 126 462 89 246 720 330 281 185 572 436 9 235 594 497 339 99 625 68 359 694 576 249 553 150 319 197 386 554 296 126 83 255 293 65 64 180 174 30];
duration_s_min=[92 77 74 118 95 101 71 107 105 108 116 69 118 70 64 118 112 99 118 117 75 72 113 119 78 61 77 97 103 98 113 64 75 118 115 93 108 65 107 114 112];
duration_s_km=[47 60 43 47 45 38 59 42 39 55 54 47 55 31 36 45 53 43 56 33 32 47 46 57 53 58 47 33 55 54 56 40 37 60 54 46 53 38 41 59 44];
num_passangers=[73 83 48 51 34 80 96 72 96 92 57 86 27 74 40 77 55 60 100 49 72 91 81 50 54 45 90 60 96 62 83 97 25 71 75 54 49 65 42 78 38];
BM=250;
CBM=0.500000;
CEM=0.800000;    