nBuses=24;
max_busses=17;
cap_B=[128 93 34 133 69 72 97 29 76 39 67 99 91 53 115 137 40 24 122 71 82 127 78 62];
euros_min_B=[8.089780473343751 6.789223935316295 12.400719238404275 1.0808174121520961 2.377010538130061 4.097928549005273 3.2563860335740262 1.4754133300875454 5.981648246086958 14.080963194824609 4.886783996907636 7.809930329304201 13.856250130341556 3.980190447403987 9.134042354685254 3.225735439079272 4.51211075052708 11.734960171894388 8.346259985445288 7.385266731822703 2.1523148307580646 2.5148331642141546 9.599555818902926 9.437750959626122];
euros_km_B=[20.8548051368191 3.522314351259892 1.2143187729943978 19.966368484216915 27.165300673969192 2.048705821054657 4.106912192203421 24.806254521978026 19.40025877185093 28.553911652792877 27.74268033290423 1.0837087685066447 4.756355475872503 28.059271951568167 25.146746379417987 14.892748143441672 3.0777645814894967 20.908216267826713 18.29482417297032 9.032424012137007 24.69171621211579 22.333153747176556 7.1444693270395705 2.2726674681690144];


nDrivers=29;
max_D=[149 129 195 217 154 228 183 193 187 177 161 153 223 159 228 175 179 153 137 209 220 211 234 122 237 160 233 185 165];
        

nServices=31;
S_starting_time=[114 694 485 293 614 519 220 409 128 576 1 718 495 307 486 552 235 124 121 482 5 307 442 630 655 228 232 345 77 60 155];
duration_s_min=[103 95 100 98 79 117 83 65 66 107 103 104 61 63 94 119 106 102 109 93 76 110 120 103 69 82 78 102 107 66 74];
duration_s_km=[56 56 45 40 55 60 33 32 51 56 33 60 39 33 47 36 36 37 46 51 52 33 38 36 33 57 42 35 30 43 46];
num_passangers=[54 22 51 41 46 24 35 54 61 47 22 52 86 69 95 95 68 87 65 26 88 75 39 81 33 45 51 35 57 21 36];
BM=250;
CBM=0.500000;
CEM=0.800000;    