nBuses=17;
max_busses=15;
cap_B=[42 128 71 80 22 24 78 117 61 107 138 53 129 102 61 30 32];
euros_min_B=[7.674535736409104 5.768587243713405 13.220183613147304 1.5940597332539193 3.355806219043355 5.71625967252054 14.738326163777538 13.159900716414654 11.419192499128691 2.4307804579564225 6.931002137730428 10.76573025390125 6.641996053398057 3.1535896940243546 3.2516743593206052 3.86454428236996 5.55678563887533];
euros_km_B=[29.26981226086511 23.753625295462644 17.668947426019447 20.663152132996043 14.057628840258015 17.660266577856362 10.772556300195983 26.829828075494152 3.6066540345693126 12.681605758767171 27.063518872845286 1.6154755815934767 28.75504172727515 15.601138533054952 3.160482955591624 1.9534007601939614 7.781697951432971];


nDrivers=19;
max_D=[160 215 157 212 208 188 167 147 187 194 223 144 184 203 163 217 191 135 204];
        

nServices=20;
S_starting_time=[669 139 590 345 631 535 336 21 124 470 231 386 704 370 222 610 568 108 143 637];
duration_s_min=[85 110 109 64 104 98 105 108 115 71 66 81 70 104 97 108 75 96 72 63];
duration_s_km=[35 59 58 48 51 50 60 52 38 50 58 41 43 44 37 34 45 47 57 59];
num_passangers=[35 82 50 29 57 32 88 57 76 74 76 67 65 50 63 30 95 68 32 21];
BM=250;
CBM=0.500000;
CEM=0.800000;    