nBuses=55;
max_busses=44;
cap_B=[63 89 111 42 121 113 89 99 139 71 64 68 36 113 68 53 104 59 30 116 43 73 88 105 43 104 103 77 45 139 117 48 87 131 35 131 111 88 99 44 98 41 84 68 116 133 59 77 117 35 74 122 130 124 35];
euros_min_B=[9.384475701818499 13.755523607294622 1.6624411390657696 8.72973517413401 6.01624633725502 8.768077200679423 12.973666340201483 6.500064436660839 7.069205767686235 8.34741700751352 12.719407210078922 6.466800809281397 4.0047281043603595 6.552984473305893 13.217953981059273 14.369770243925919 5.619257946838971 6.262033356968994 6.839220220807242 10.483344327871109 1.655210506323958 1.3263197569549536 1.727427201985967 11.61968378243119 11.552919836900799 8.708505688802502 14.20538651343157 10.019399558018879 8.845765801110701 9.115902953170623 11.831400329377432 13.23911854562624 14.919700890538332 14.074794409919058 14.46348048392732 10.35661849624153 13.059511163973033 12.603265793149953 5.057477620143347 6.037489329841517 7.260665159408531 11.521126112094839 6.375957522205655 3.9267703346505565 11.93144129168714 6.285321680673613 13.523679733327569 3.5298911103904675 13.575827813579814 5.2834295132757605 13.71510733794561 4.475030835431461 6.490235684393891 9.492980982264681 7.013498625442466];
euros_km_B=[22.433192996323374 13.027248040411635 12.540329964334164 11.439912072757926 19.153589507825142 16.938712214911245 11.737340956333613 24.03260258292326 14.371847950002126 14.082537925441137 11.091245947507703 20.770032795530245 18.966122195709353 2.3296330762665427 12.876013425717701 11.304163300267174 1.0192564763558867 25.83302180375532 20.738660628532326 19.987805280904066 21.809246861955256 1.1783053656398703 24.588165028198 1.4481763440838185 5.837640763600781 16.66654116061806 27.036785954390147 6.822038641483675 10.775989793474547 26.561671740705318 28.748277740524205 19.284923235874917 7.1509065761059825 4.653979946888691 4.558614112704076 25.278045239217406 2.5954926248792085 1.2155921795998235 12.6513319850069 11.346639644274843 10.901582093301244 11.343398730072352 9.967586783715394 22.18753683779455 7.77966374968229 21.12440617356416 12.573317867376913 19.720172862927118 28.21640121636291 17.838146447631164 21.511643325252393 25.351926680029774 7.908656310270701 29.33551849518054 4.343154267020922];


nDrivers=58;
max_D=[175 165 225 218 145 194 194 125 234 230 227 183 177 216 215 142 133 133 199 232 143 124 159 183 142 130 137 164 238 121 128 194 132 133 144 125 145 144 168 187 182 172 131 232 174 141 136 198 131 233 174 153 179 192 232 173 120 154];
        

nServices=59;
S_starting_time=[165 296 354 293 689 626 87 575 694 83 293 317 313 187 495 256 64 550 127 327 326 640 516 316 688 480 276 16 641 559 330 504 110 64 498 683 379 201 399 702 73 24 9 287 156 662 387 310 341 21 301 306 590 158 458 381 331 523 42];
duration_s_min=[115 107 60 99 88 83 101 87 109 71 104 91 81 114 106 92 69 97 79 107 108 95 108 112 77 113 65 64 67 89 100 85 75 87 108 94 73 107 112 108 114 105 111 75 119 63 86 95 113 104 61 65 83 73 106 78 97 108 70];
duration_s_km=[53 34 32 40 31 54 40 50 45 38 56 39 30 59 58 45 59 47 58 42 43 30 46 56 41 55 58 51 51 53 42 41 44 42 40 37 41 60 30 58 30 38 56 53 50 36 39 49 44 44 54 31 39 40 50 36 56 57 40];
num_passangers=[64 84 93 29 61 57 63 47 31 69 45 36 87 60 50 97 21 89 50 51 67 39 41 73 27 53 81 49 56 77 20 87 23 31 37 66 39 39 94 71 52 37 86 97 86 67 97 87 32 21 30 89 46 84 30 40 69 30 82];
BM=250;
CBM=0.500000;
CEM=0.800000;    