nBuses=45;
max_busses=31;
cap_B=[85 134 47 63 85 87 116 90 139 66 97 58 108 62 47 103 77 29 63 132 109 66 41 84 112 124 37 64 64 112 65 94 87 76 57 136 38 110 60 137 140 35 117 136 135];
euros_min_B=[12.122892026493842 4.476512816869185 3.4355828257613306 9.672010965730315 13.698577871340547 10.697444580369947 9.20938426936447 9.073215581940307 9.400701992859522 11.163950036708208 6.9181081483142055 7.751559378846669 10.236122352881196 9.066839095380196 4.654232558899013 3.0222333762185443 7.417095169980374 9.334788223755531 11.018013629388403 5.61591414272063 7.296674423062041 5.117260423407716 13.506512059255954 1.891454304669613 10.494559443196417 3.401969030431773 4.911716375453856 5.470010940683109 6.937911318886355 9.465058385821937 13.246138775918265 13.989949348801357 1.543316244721278 5.87409275458095 2.8667613602114668 2.053318914866086 2.6077156248990914 12.933286239866133 11.601656719027845 14.155557897994107 4.18722114316106 4.942547620399045 12.962151010831233 11.088555903207629 8.98369736936342];
euros_km_B=[9.189011755485348 9.919536320445673 2.744734879235369 19.12032681980332 17.224804218080678 29.36076959815247 26.15557661442726 26.136408803049154 15.313334961786943 26.63568874262605 17.340191354106036 6.156571886308454 19.186470319192612 8.850316531247703 25.346298465180176 1.8051553721707858 23.695751425466096 26.208991675333596 20.23458237634172 24.74392827767224 14.40891786059499 18.355525369646756 10.676801659956702 2.028642207919167 1.349976478997049 28.7444614535016 21.474547701273455 17.079132969845872 16.271283143322087 10.731976405306028 9.638394139506559 5.443521096160551 23.399807707559837 12.272260311768134 19.638092495804703 8.79918389919344 29.81062948319407 2.6242252448669343 18.72780900660975 14.628891328889484 3.3213962896186473 10.11681437490241 15.692643679562732 28.628397806419922 22.601560028982252];


nDrivers=45;
max_D=[240 214 150 237 159 212 213 181 199 196 162 218 169 121 177 217 134 214 185 122 229 201 226 195 148 183 178 182 238 166 212 223 206 127 206 147 132 144 147 159 124 231 179 154 233];
        

nServices=46;
S_starting_time=[42 435 59 341 546 557 564 54 336 307 614 262 419 497 188 490 16 294 696 533 2 61 257 610 299 429 512 307 686 630 266 447 114 691 81 493 80 524 663 373 53 416 175 5 348 443];
duration_s_min=[103 78 82 90 65 66 85 107 114 95 75 66 82 73 70 111 80 112 73 112 72 115 96 62 75 79 73 119 107 86 111 79 102 74 69 74 102 119 71 85 72 111 113 116 76 74];
duration_s_km=[37 59 45 60 58 56 55 32 50 54 49 51 58 33 49 54 54 45 59 33 44 45 36 40 34 47 53 31 35 39 55 55 46 41 44 45 55 37 49 44 53 48 41 31 50 59];
num_passangers=[20 40 86 45 93 38 52 96 75 22 23 43 62 20 52 69 54 49 82 67 78 45 44 64 43 42 61 89 79 85 47 47 85 89 100 73 43 44 78 92 80 39 84 86 57 39];
BM=250;
CBM=0.500000;
CEM=0.800000;    