nBuses=37;
max_busses=41;
cap_B=[130 103 118 127 135 39 136 101 84 49 122 106 43 86 100 84 31 88 20 129 97 113 42 138 106 100 124 115 27 131 20 41 31 108 40 43 135];
euros_min_B=[2.153280296409158 11.684361888177538 5.672827767373039 12.152619018562874 10.00510018092 11.768149887689914 9.273522667558355 5.667880236951318 14.250145697885296 9.957042849908532 1.7940486345193918 9.191859851830774 11.339367602422806 8.398493997940296 2.428260852899659 5.506223940954417 3.5610133458799647 9.06451648464056 7.678583849420054 4.366318796709358 5.751914123526474 12.336069516487324 1.154076718694395 13.154898554796349 11.388746816915194 1.8094401236817714 9.202416627196122 14.499422228906743 9.009078905859125 2.285491999085587 3.032317455183329 10.077422034812653 5.947013189192917 10.84414098607636 9.568415347550674 13.182687120262013 14.358948382303335];
euros_km_B=[10.098210437557789 20.767637097963522 21.51779967243305 23.169123759390327 19.81194886273792 8.224263197445786 6.765826831138544 18.555031133350578 4.179925761781913 26.004587476091594 11.002288089376338 17.252459188312194 27.677713390712345 8.560614007004109 29.731694817665936 14.541617508830354 10.061352170512498 5.243152452373492 27.3862449907108 16.77604716328098 15.549759720239688 7.479798718412644 23.93494413732633 13.972875758263436 4.127797646534534 24.70917172956888 21.482377134448143 28.19239635767179 25.87663337583891 11.085344018367485 28.883952100331545 21.256587440060294 8.922057447226809 11.044219644490164 12.369904465200657 25.3755882151907 15.852818384987147];


nDrivers=38;
max_D=[200 192 176 186 121 166 219 176 123 233 234 185 153 163 131 155 207 181 128 165 123 130 218 122 163 138 179 234 191 202 206 152 194 240 154 227 225 230];
        

nServices=44;
S_starting_time=[638 489 40 601 450 322 709 651 509 637 284 96 294 460 341 163 75 596 21 290 60 223 132 303 31 445 703 647 671 547 266 518 41 187 231 635 451 153 695 636 444 204 334 593];
duration_s_min=[83 108 97 77 114 101 100 105 83 83 120 93 79 68 69 111 87 70 69 89 91 94 64 106 77 110 78 119 85 118 118 82 90 92 120 73 73 116 71 63 60 77 78 110];
duration_s_km=[38 53 36 39 37 42 31 35 39 51 46 35 45 46 59 55 44 48 39 54 51 31 39 50 45 43 57 41 41 56 53 36 60 50 43 41 57 38 51 49 58 57 40 53];
num_passangers=[23 43 57 82 36 100 60 98 33 57 70 70 48 27 74 48 64 73 61 70 22 56 50 35 76 95 52 63 84 84 94 21 41 20 87 73 57 77 64 80 80 90 75 72];
BM=250;
CBM=0.500000;
CEM=0.800000;    