nBuses=39;
max_busses=32;
cap_B=[92 104 81 53 87 97 46 79 121 75 73 28 57 77 29 30 135 61 106 85 34 94 140 75 25 138 20 68 95 28 25 69 84 134 134 80 26 124 100];
euros_min_B=[4.190804278368775 7.236828812442764 9.511940122201905 9.419907894759096 4.931567169295636 3.5807797340392193 13.948166019755709 3.5662941130717796 1.9682213248665459 2.438104336355796 5.949841584176471 1.3428985802758477 13.327307509260594 4.566843424197292 10.027829686261429 6.164280019120613 4.33176976381993 6.483119602489661 9.616659712210824 7.213006866066964 14.519484193143146 9.049888587268637 3.567862806804591 4.875784324520662 3.880374653619559 2.172561785755981 10.57302029185289 13.937046755128042 14.055324288364556 8.274053398555953 4.9896409708348575 8.901347766356666 9.171868469623567 1.952617705096456 4.998010541764194 3.794941538857553 10.19179225126455 14.588781600132775 3.4255640566880854];
euros_km_B=[10.59411646801092 3.462965963087534 12.439946025427913 12.064522925815087 7.432774511811528 3.0900303239726283 23.926737758000286 3.387918476559611 2.9846659157439914 21.433357748632726 18.157860877266003 7.184771866410478 22.470041436259294 26.99736040014695 23.36028935349914 6.8042701165123916 11.783403194823162 1.9501894218021385 22.311660776326566 15.432193599994386 3.306271041968505 26.876516975589347 1.8888602010882618 26.52795341271128 15.999941020092669 5.237023973294202 8.929281483723528 28.46988758133111 4.963554460405611 16.510903402961468 22.075398552043257 17.761993226509492 13.59405741037896 10.899698899797341 15.628823651377912 8.522938674976025 24.438895783453678 25.295778137025433 21.123780585052597];


nDrivers=37;
max_D=[193 240 190 208 142 216 123 206 159 134 129 215 163 148 239 219 161 205 200 238 205 200 181 136 209 136 239 120 228 165 179 174 153 152 153 151 214];
        

nServices=41;
S_starting_time=[564 417 5 379 75 232 567 712 662 302 328 146 512 506 591 302 715 38 339 498 502 357 659 131 271 223 291 273 548 104 582 696 558 95 343 488 152 686 16 258 283];
duration_s_min=[78 96 64 85 114 72 79 77 95 98 73 98 95 67 118 106 64 89 101 109 69 77 69 93 74 73 68 81 117 103 117 63 89 90 75 115 94 108 65 110 107];
duration_s_km=[37 58 57 40 53 36 38 43 42 46 51 47 36 36 38 55 54 48 39 36 51 31 54 35 50 50 31 41 56 57 32 57 59 44 44 50 46 33 39 43 46];
num_passangers=[78 47 85 37 95 96 62 56 27 38 100 33 99 51 46 61 48 45 44 49 80 62 27 57 79 65 85 63 91 90 91 69 33 89 82 21 21 65 100 60 66];
BM=250;
CBM=0.500000;
CEM=0.800000;    