nBuses=42;
max_busses=38;
cap_B=[138 107 138 123 77 108 85 114 100 75 115 21 55 54 53 73 128 31 68 109 65 108 130 93 21 117 25 116 67 65 91 88 56 132 107 127 46 38 22 106 29 49];
euros_min_B=[1.2197033608003358 8.246259295141924 14.956760608507377 4.246478267582532 6.460587114757201 14.495584982524122 11.603571175185602 12.123544265729471 3.909877244415454 2.2143382205330657 7.5692438675972324 1.4482613881758444 13.16312370533031 13.429210801511697 4.241924303564212 3.835879655600508 4.7214233332477304 8.769053631696496 10.68517434094176 14.742087992399252 6.469581413981013 14.36695819385174 7.1932264470137515 1.4854146598534634 9.860764307224539 7.362365188611569 5.095573219876148 12.295931808320525 14.157097251683007 14.978041578407034 5.264729147336958 2.156715576583127 1.593807088003239 13.961171675917472 5.383603376083037 8.196337716175416 13.830679237296817 3.9327698906267834 12.982545871586716 13.898257883299047 8.495079765706695 1.8840250316191651];
euros_km_B=[17.177857147289306 23.207943546980122 11.936161498755924 29.93586211860553 3.358656524343217 16.629428329026172 24.247205400073263 10.765307451097494 24.990501631704184 9.304311283962154 1.6299503642552629 22.26414135569391 23.540068176924482 21.10293534234135 22.69939064056478 10.703741777006018 27.520638107171976 23.463668455937235 9.170562206856864 9.366577259863712 23.161862334410838 13.91689616588892 27.48099839781546 22.23133291980764 13.435134299179543 28.228134019372693 20.253629438600672 22.69408165966616 2.5281627119327155 20.33167032342479 18.149367030017256 15.905073553004824 25.355822067985137 6.970234922575155 19.59402281444346 26.699808560240488 20.83997612425174 27.77711906406402 24.349715168297298 2.49440771646703 15.192209705169343 25.00359143298108];


nDrivers=40;
max_D=[166 164 135 133 179 223 138 239 154 231 147 165 205 172 236 229 221 128 235 121 232 157 217 158 127 200 213 173 160 153 170 147 176 170 171 138 164 178 182 225];
        

nServices=43;
S_starting_time=[77 131 488 155 418 218 182 49 557 709 366 76 86 630 691 494 545 371 457 218 171 166 298 254 24 104 422 72 520 532 581 495 248 445 110 639 112 89 650 715 522 456 50];
duration_s_min=[73 115 112 114 113 79 64 72 61 61 76 112 71 84 80 86 81 104 69 106 82 120 64 84 95 67 119 76 100 114 81 97 89 70 114 72 89 82 90 77 80 97 108];
duration_s_km=[54 39 50 43 39 54 42 33 31 44 46 43 36 59 50 49 54 54 48 58 36 39 31 49 35 41 52 48 33 33 30 47 30 37 34 37 55 35 49 52 50 54 47];
num_passangers=[63 62 54 89 38 81 46 100 86 35 67 57 44 64 62 98 63 69 78 43 67 54 22 51 87 33 71 45 87 34 99 34 97 27 100 79 26 74 85 97 87 89 74];
BM=250;
CBM=0.500000;
CEM=0.800000;    