nBuses=30;
max_busses=27;
cap_B=[66 89 71 108 76 110 41 52 49 83 44 34 39 105 91 117 79 68 96 126 74 123 121 23 106 101 26 58 44 70];
euros_min_B=[12.510846447652554 5.52999853592452 7.9515909828835625 10.210155649897143 12.770634024201343 13.704561166844423 1.0582364292701811 1.4414059770261511 2.0992434727675406 3.537721134570279 11.95528437589614 13.17375160552741 1.9264491761663987 1.6003486893150112 4.1020525865714585 11.846535472918752 9.530987582323894 10.473245656625192 12.540068661191938 11.98935395458375 6.602488163938243 2.0843077521039377 1.125189400745477 4.03533385691221 12.952670436700913 4.374648699240092 4.801268310504961 13.930588127368285 10.924270856607583 11.180115978258346];
euros_km_B=[27.702563098152176 20.266135595379453 1.469736276069285 26.560267004469857 22.526940071949532 3.505801722738424 5.27154312742781 23.639815273154923 11.138070209556437 12.910635781120494 3.382648602954066 6.224602765780271 24.583132441902084 21.950196184883104 14.160666124358755 3.607390482103772 24.586193840514532 8.37768391663407 5.139862551230477 14.298265305472562 26.0774773734723 4.945438870123613 18.949676329850483 25.878741803865864 21.69220962723332 20.693263970254467 29.585041736144966 10.304339563891105 6.37417948593102 13.275096229520248];


nDrivers=29;
max_D=[220 151 123 202 229 238 218 152 148 160 140 190 156 199 231 131 136 187 143 231 205 146 239 152 207 121 207 226 176];
        

nServices=35;
S_starting_time=[449 87 674 308 392 677 308 472 101 171 175 341 293 89 39 124 606 485 123 648 665 508 486 233 475 364 89 7 455 587 488 477 408 114 339];
duration_s_min=[88 79 74 93 86 119 65 104 71 88 94 106 92 95 74 75 82 111 113 90 72 81 119 91 89 101 106 103 68 102 74 78 76 98 97];
duration_s_km=[47 57 36 33 41 36 57 44 47 52 46 40 45 34 44 45 36 55 46 58 53 49 44 55 36 38 37 50 39 59 55 54 59 37 52];
num_passangers=[27 43 44 61 23 81 86 29 60 41 84 82 30 33 37 45 28 33 31 70 100 48 60 89 64 54 87 66 28 29 29 50 100 50 34];
BM=250;
CBM=0.500000;
CEM=0.800000;    