nBuses=33;
max_busses=26;
cap_B=[78 38 27 133 138 140 23 54 58 47 70 65 57 29 116 36 138 80 80 136 63 112 72 91 26 84 53 76 137 114 124 102 134];
euros_min_B=[4.68545353377232 8.285695683228703 12.294010919397872 4.930815189150774 2.8338953739995416 8.065946796191897 6.972228907289523 9.614053984377291 11.60311032103294 4.922076419889508 9.531749603076005 2.913852002458976 9.074146424656353 14.138714150585553 11.3864730200021 12.367739947824894 12.416969863482334 5.113872036541623 12.939905297487034 4.155469216166592 7.463426734383087 12.254529056306577 11.056013105396817 9.425324933381097 10.767215868105746 2.011605549164199 6.368114268478198 5.974976117939884 12.325465493564357 4.044422797846879 12.563615059584752 8.498909603626245 13.029522990874678];
euros_km_B=[18.707228689971902 17.098430793680418 2.276940267267607 5.0864246864121245 25.19983028924306 14.962513479932452 13.104019036138405 10.271180368497081 23.1182555395633 15.77868678395562 7.369938414889334 5.557149839022832 25.976158149674553 20.383489083251266 23.516508649409392 27.249869709285097 21.58111255053601 19.85884775483011 2.5643991672901634 18.21157914333973 28.67465730646946 23.528502991400643 15.018835453725039 3.805469236731643 13.883888679032255 22.85122334098731 8.919790908451017 16.120491864024626 3.2279386287117826 4.5045415716189465 6.746840003631794 14.892225342833505 7.437011651542722];


nDrivers=38;
max_D=[233 206 185 224 178 187 165 183 182 121 160 193 195 212 156 227 135 209 164 216 176 172 232 231 192 128 220 127 164 142 174 234 234 225 235 146 146 172];
        

nServices=40;
S_starting_time=[202 206 385 41 385 606 646 500 583 112 252 716 325 509 219 524 271 4 561 338 5 620 455 152 420 369 228 477 708 60 278 690 561 254 481 217 319 560 457 317];
duration_s_min=[93 79 66 101 106 62 77 119 114 82 73 75 102 112 74 71 66 84 120 72 104 86 60 73 89 81 109 66 100 72 98 90 106 95 96 89 91 76 74 110];
duration_s_km=[55 57 43 59 51 31 46 45 38 55 51 34 52 32 58 44 34 39 49 32 38 34 34 35 30 53 36 41 45 58 33 41 33 56 58 51 51 39 60 56];
num_passangers=[93 76 62 23 45 97 67 23 52 43 35 68 43 97 30 86 81 80 36 28 97 38 60 24 54 55 85 32 38 95 33 39 57 62 78 33 48 50 53 38];
BM=250;
CBM=0.500000;
CEM=0.800000;    