nBuses=18;
max_busses=18;
cap_B=[115 104 68 44 82 112 140 106 74 124 27 90 85 36 122 117 90 24];
euros_min_B=[1.5167548291724045 3.936010773512007 14.19387318411741 10.392921289148997 5.485805071869276 14.501611246151283 8.038291748592748 7.5644504331663835 2.5121395059072755 2.5186340564678034 7.421560060865907 13.868425951446476 5.62816869260537 10.593761730967483 5.227296739938308 8.9772782623869 6.8879974931022945 7.4069648268522075];
euros_km_B=[23.181069402182136 21.68711093058617 19.442569453526605 18.545049534199016 10.380058855064147 22.756429651731885 20.1468296984954 29.286973002114642 28.231599580748863 9.152632976914239 22.270120590230228 9.79927601799596 18.478957433927825 22.633968354539327 5.6947292824620055 9.484877071503075 28.979388191239764 17.722186525935932];


nDrivers=15;
max_D=[208 197 179 132 132 239 146 203 224 161 236 225 141 207 194];
        

nServices=22;
S_starting_time=[430 584 521 383 516 601 355 253 594 230 429 105 633 417 634 328 501 692 104 235 606 665];
duration_s_min=[111 96 67 67 95 96 62 82 87 101 119 116 86 89 73 89 112 92 73 64 64 104];
duration_s_km=[49 45 44 50 42 32 32 58 58 46 39 37 38 37 51 43 33 51 32 42 47 48];
num_passangers=[35 73 89 87 72 67 29 40 38 66 98 46 97 97 34 98 61 65 91 71 75 28];
BM=250;
CBM=0.500000;
CEM=0.800000;    