nBuses=60;
max_busses=54;
cap_B=[92 102 62 86 30 43 58 123 112 116 57 84 103 58 40 92 61 129 88 68 96 24 98 119 22 65 94 57 27 43 111 73 127 111 28 46 121 81 43 59 30 96 49 32 57 70 55 113 27 85 20 120 132 101 109 52 134 72 129 138];
euros_min_B=[12.535791367292346 3.7289523464222327 3.248387242515617 4.695955064914606 9.901224683689122 9.33554297702732 13.888777297507554 4.276398644098805 6.501239224702475 13.604827322112133 4.533981640510045 2.2197798047476045 1.8395595695538594 14.26940176903568 3.060871461166316 9.033865650209226 13.762462409454924 7.286273311258582 7.980206678236986 2.8583920113192693 2.640148615575667 3.9005829268269556 7.816488958737374 2.3887610948937397 6.577311925683984 11.348481625702425 14.652496731696694 8.65590329518884 10.23303076024951 2.6678302468795616 12.727650427557334 3.6843685682555183 10.605465080897119 7.081505228504962 6.353558339385248 9.700112124830204 11.6142677792283 8.815243275355495 8.282817837217205 2.8813467339549748 2.9340349186782753 9.362423258398872 1.0266050924250887 6.936079757201315 1.4827743953359538 13.43473284923006 13.022359035285257 11.936988607695524 12.109284646247552 8.083129171720083 1.244967492547241 12.461481363751911 3.862723653100705 2.069287105562221 6.434450183973044 5.753513958658258 2.1433097029350536 6.468322023474058 3.439290484132831 9.88302636723417];
euros_km_B=[17.18494486550921 18.843822962550263 16.070169160600067 4.973286713480423 20.437065026324824 5.45698713646046 16.11021509971112 6.538180776966596 14.56358015419963 3.7629713647005167 8.575810260826936 6.792201546598195 19.516031781450337 18.543103648660164 19.422041309197215 18.10118642762332 13.054547585164997 9.86747777633828 12.921742870891022 2.2315593434380445 19.360855498614427 17.938134206773306 12.014028955870387 6.0480442620261 20.52484325517877 8.286557442843458 1.4657960553710592 17.520113815149216 16.945538477421835 20.91982109235373 1.2288406687970048 6.35701611467612 16.66104146908985 12.516470700273123 28.62862548045559 6.82942372699639 27.819168695222544 23.134199088331954 7.1582010724090575 19.159425409077816 25.739694222307858 9.78748901178576 8.005488311736665 14.587714963923553 13.722900291154003 14.969492157927741 1.9751032034788834 25.769432230939383 11.714490198321643 16.43722109022361 20.434568585539473 13.858037454489347 15.188430015465707 17.21522851412994 19.606416453097243 23.059704026708015 13.8442339865402 1.983488946727701 7.745480527430194 19.08497670677414];


nDrivers=60;
max_D=[131 200 204 203 225 130 140 190 205 148 184 151 158 183 143 205 172 189 201 228 128 217 164 176 225 129 162 121 196 182 216 148 127 195 191 184 154 171 162 160 211 233 201 190 231 153 167 187 203 156 186 236 220 140 195 223 157 190 223 162];
        

nServices=63;
S_starting_time=[437 467 450 710 351 66 326 67 267 345 109 131 709 21 77 676 652 589 458 631 663 120 282 424 154 115 171 701 709 446 611 166 230 638 33 363 539 322 409 584 687 44 402 99 355 177 65 293 116 154 568 397 250 555 487 239 294 248 453 257 661 569 328];
duration_s_min=[87 96 61 67 117 77 90 112 119 72 80 104 71 90 71 120 68 91 67 77 73 101 62 68 93 98 98 116 72 91 74 75 104 94 84 112 102 117 75 118 99 63 61 66 85 61 107 63 108 76 71 98 119 104 106 85 118 76 113 62 89 120 95];
duration_s_km=[30 59 48 40 41 38 46 46 43 31 49 49 39 50 41 33 49 36 48 32 43 52 55 45 50 46 46 33 37 46 59 60 30 30 50 59 35 46 42 48 34 50 50 33 48 57 47 38 52 39 55 54 43 41 44 53 40 39 35 38 31 48 41];
num_passangers=[79 66 75 73 36 69 81 52 87 82 49 62 36 92 47 25 70 88 85 44 61 56 98 30 22 83 99 37 80 85 53 88 60 90 83 61 80 47 63 36 72 66 24 87 23 82 88 64 48 53 29 43 98 55 41 32 88 92 24 21 25 27 70];
BM=250;
CBM=0.500000;
CEM=0.800000;    