nBuses=19;
max_busses=11;
cap_B=[88 100 67 129 58 55 50 133 88 116 68 75 99 106 95 64 118 88 43];
euros_min_B=[14.923008881876322 12.0311009882501 7.126832695891088 7.155643299351133 8.140216490988681 2.6642748819332414 4.037247876450575 9.815934297226226 5.5826198830744795 4.3523153268958215 2.033851040395234 9.567213562363408 11.827580945650375 13.355312787363218 4.313199405651827 6.825530945936967 6.875905708780828 5.052352186835476 2.0918427495552887];
euros_km_B=[8.07152128157518 20.279767143761575 6.740012369707634 2.9939568816953948 10.873205621369276 24.664588477309756 9.512360626020037 3.9394445202304995 18.628635773195995 27.740271995221057 16.772169564070683 1.1864727961162937 15.619624012233274 15.74088667535504 7.272815282802816 24.958755809744623 29.380291127664684 25.47643342606465 17.680006573928633];


nDrivers=17;
max_D=[184 151 198 184 196 206 190 170 218 191 134 157 240 164 152 201 134];
        

nServices=21;
S_starting_time=[585 613 616 412 326 81 239 107 74 13 55 207 321 269 208 705 377 136 689 101 473];
duration_s_min=[101 60 73 91 102 119 82 71 100 68 105 65 82 68 107 108 111 110 108 107 109];
duration_s_km=[52 54 41 56 47 46 55 43 43 48 59 41 31 38 31 59 36 50 45 35 53];
num_passangers=[43 95 27 93 22 93 79 40 96 46 60 78 96 47 41 22 60 78 39 100 56];
BM=250;
CBM=0.500000;
CEM=0.800000;    