nBuses=25;
max_busses=21;
cap_B=[42 80 87 131 124 21 114 116 33 71 55 54 49 74 101 74 91 139 21 76 21 92 80 110 38];
euros_min_B=[7.189918161614036 1.6523084553466818 11.136760386228966 8.66179567090171 7.878923625552768 1.0538150474558632 14.781696013058054 4.214529021713394 1.1081892289443862 7.64334335986118 5.099729812412881 5.85443389070216 12.854060197295283 3.761395388588755 11.931052903528125 13.297716427120301 6.32161190432029 8.15802701341093 2.430638590273219 2.9957706420541537 5.198629488657916 6.3510951607401385 3.591823894218815 4.0956877824524724 5.166813975282583];
euros_km_B=[7.549543210901288 3.9417079057710285 24.270114799754854 11.035834033314107 25.407816791469287 10.077406495889718 10.715605418780164 12.43776909915485 24.619754110335144 21.646059438660906 25.131447797214204 7.553579421630596 7.495415155762488 19.302488434457917 5.17169369385426 15.837761441863618 17.87275979838127 6.3636111718294055 25.07058850107375 17.563890735549204 1.0710671844695194 4.414096961498813 8.640954108739738 8.830702980092141 10.002086296501437];


nDrivers=29;
max_D=[198 152 165 177 207 240 194 189 157 215 188 121 155 173 122 238 239 144 231 233 167 216 213 165 142 174 124 127 141];
        

nServices=32;
S_starting_time=[691 295 445 420 424 365 450 704 65 325 42 400 480 706 712 175 675 200 107 651 600 399 125 140 520 621 355 554 97 213 285 488];
duration_s_min=[104 117 108 88 83 78 87 70 89 108 78 116 67 94 96 105 75 73 119 67 71 69 114 95 72 90 91 105 113 92 86 64];
duration_s_km=[60 36 53 53 38 44 40 60 45 40 52 41 41 30 30 40 38 48 33 42 52 46 42 42 43 59 42 52 49 46 47 51];
num_passangers=[24 86 76 61 64 34 45 91 72 97 46 88 44 72 60 90 56 41 41 100 60 67 62 89 37 89 57 22 39 76 53 23];
BM=250;
CBM=0.500000;
CEM=0.800000;    