nBuses=60;
max_busses=64;
cap_B=[112 105 81 100 132 110 41 74 93 114 48 133 50 56 130 56 37 54 74 59 20 25 86 118 113 84 123 90 138 40 139 79 67 124 59 123 52 26 102 75 39 28 48 133 128 45 129 46 73 48 28 36 54 128 82 67 138 81 132 91];
euros_min_B=[8.044821854315538 2.8855625148346378 3.1045642203885393 9.212094861084587 1.04479963133479 5.018761109517866 3.768076310748128 5.512201137269143 2.7433250527776845 5.323901068256466 3.8573307623438344 8.25390888818723 14.239837496472873 6.439430466046595 6.029480011120105 4.555713658077079 5.840522266161296 11.20959464960296 2.0210706211338563 2.586467910009689 4.175467465552702 3.7248241217746783 13.144882876214961 6.1883176858259095 12.516356944114825 4.201065238147005 10.267323248282377 5.56388188589651 13.49957633918617 6.2178185332486 12.118575548848044 2.9596106596142917 6.34008974415115 9.55030274707014 14.463601679495875 10.45998902113727 8.07781725935009 12.018952315128441 1.0399015333043262 6.044569405013256 12.464567013268404 10.431337084835572 9.76583836409972 2.3851480871276847 14.07461274813895 4.5850184186935765 5.260430538937403 4.540820204347992 5.943912761435494 3.06039626715839 1.5412486810766213 2.133751352242415 13.930133108454758 9.157909685058979 5.528147673616691 9.138004626262791 13.067910198239968 7.254119188376671 6.79779011805678 13.681529136249518];
euros_km_B=[12.774581463871943 6.1522252815978264 14.40866976183369 8.345755537312511 24.367381969008733 11.29706247162511 18.203687793185725 20.74846620747106 12.409692831586316 16.77971840502921 28.887668786300747 16.624268832669987 5.382633378162284 29.120937886509633 17.671626731060563 18.94058418299982 21.270278866909766 28.793684438210736 27.35724913311967 12.825227657270746 26.531209678350756 29.200986332973592 19.66028119645423 18.713194720945243 8.125831037332059 17.532204435464187 23.09276281303573 25.028357511695532 12.606202131171644 29.391531527057356 25.602989846446956 19.161507617905457 8.455112079643431 16.30247759064858 23.674268357772082 24.92074968798095 20.53248669982694 7.094949422657081 12.890588241771008 22.657295599036892 12.695846205027536 23.97960810297542 1.7531320140916788 15.219609446023972 7.939167842201449 10.866484414885331 12.648175881977076 5.287644957943645 8.237627838993262 3.5963033924809693 17.881501155821535 19.654645080790683 20.806928874292005 29.864385615206466 12.770878190641547 21.294207211456296 21.57117396263338 26.465293925527025 23.913306304121225 2.8457287329181478];


nDrivers=61;
max_D=[196 178 179 211 223 139 137 181 121 128 183 211 235 220 141 219 136 179 177 236 230 144 193 169 178 182 121 212 213 193 132 181 234 226 157 121 148 162 164 210 195 144 196 135 162 193 153 216 214 235 236 186 234 154 121 221 129 229 216 236 129];
        

nServices=65;
S_starting_time=[544 203 121 680 653 582 683 117 708 709 537 320 599 213 454 428 117 606 165 39 339 287 253 176 505 656 248 409 15 644 214 289 557 448 312 269 420 517 390 162 134 415 50 678 29 324 247 22 656 446 119 190 213 678 172 18 208 457 332 585 611 503 500 71 190];
duration_s_min=[64 64 112 82 110 104 80 96 91 91 86 106 107 95 70 69 96 110 112 96 101 103 115 102 64 108 108 61 78 88 110 106 102 110 80 93 92 79 71 96 110 100 94 91 70 78 89 97 63 74 94 109 93 117 62 96 85 81 74 77 97 109 98 81 92];
duration_s_km=[57 43 30 45 43 60 44 57 48 43 58 32 37 34 56 44 41 47 58 45 36 53 57 45 33 58 47 58 43 57 59 32 40 58 54 58 33 60 51 38 44 56 43 47 35 35 44 50 56 59 46 59 44 31 52 40 45 36 42 38 58 48 52 49 59];
num_passangers=[92 66 86 41 26 90 63 30 38 62 56 37 39 73 20 36 22 56 41 27 70 69 70 52 79 82 35 71 97 26 44 34 33 100 42 70 31 90 59 51 95 39 90 33 69 29 57 94 81 37 39 87 59 37 64 44 45 54 36 23 91 32 65 29 36];
BM=250;
CBM=0.500000;
CEM=0.800000;    