nBuses=28;
max_busses=24;
cap_B=[67 33 58 75 44 61 124 32 88 104 80 44 77 21 29 46 83 95 107 102 62 69 53 27 85 108 83 69];
euros_min_B=[10.477827473489308 6.722989776198423 9.639282859251193 5.097346333932195 5.616487071662627 11.675799251346213 5.000371142446833 8.673746559014011 12.577253427642944 8.83190920695697 10.921144299898113 14.501746775985637 3.9324828023132663 10.949667184387573 6.696613174621785 14.198919194466693 7.782787060234271 2.764853534913043 11.264006683128768 3.246603180485846 9.393736656297467 14.62866008879535 7.2931486984222245 7.442432029835849 5.8486456554835 5.972876117847177 10.025731678604698 9.882775821331444];
euros_km_B=[4.331323525741995 17.270875437698542 5.105893658049961 19.127401512834993 26.83374319853761 2.357824083333315 10.61295189708683 27.084612715833796 21.009236031681887 5.511713477925866 14.384668252503324 17.37643356160525 2.723305671180662 18.016140259059803 23.066482989666397 20.74491758553118 4.082670553458198 13.324075511543345 9.311518073738695 14.095381088117534 12.044547663838593 5.91545160141535 18.06040159991838 5.580928365092599 7.840129098811088 19.08261425369202 16.381738008296622 25.073553722648196];


nDrivers=27;
max_D=[234 145 173 204 203 123 192 196 152 121 178 215 222 201 127 158 186 158 182 135 122 210 183 187 127 128 215];
        

nServices=32;
S_starting_time=[307 234 414 99 587 248 214 304 17 45 260 131 338 289 439 654 247 193 156 24 243 154 399 583 41 485 545 252 473 495 630 4];
duration_s_min=[86 79 90 93 76 61 74 64 106 63 70 82 78 81 98 98 98 68 117 107 83 81 70 72 101 78 94 63 66 65 93 86];
duration_s_km=[52 59 56 34 47 34 32 41 43 49 46 33 60 47 30 43 35 44 35 44 53 42 36 60 35 44 51 55 57 51 50 52];
num_passangers=[39 21 52 36 88 85 48 82 25 34 37 83 38 77 26 65 65 43 33 22 85 27 36 85 81 91 52 67 72 29 62 66];
BM=250;
CBM=0.500000;
CEM=0.800000;    