nBuses=47;
max_busses=52;
cap_B=[111 97 40 26 61 100 116 98 62 39 20 133 42 64 135 63 22 22 137 76 127 112 49 23 24 123 31 134 73 57 26 31 64 91 30 38 58 104 90 86 105 129 24 78 61 52 43];
euros_min_B=[1.0412654935157082 14.39956803505446 9.593058661129945 7.269654256284284 6.7240295154723935 10.604630295934733 13.653563827655827 6.49044932475289 11.230707871259272 5.586960330597454 11.422317347373143 3.166715398982192 5.700106306333754 5.368410062081544 2.7664251014020973 11.628723951508514 9.43032162817328 12.575364870608901 5.113570998675689 5.34054058595589 9.736730837289413 13.35466658508114 10.593096685542458 7.751322066070804 13.043211202342716 14.278593592123164 6.191886412819594 8.73651438404982 3.280541529952391 4.132859328736982 10.594845262271479 5.143713825491873 3.6885030544250403 3.4056312505921755 4.358679125824854 5.280828630064183 4.76416909119137 13.199186713859286 7.305983024171424 2.877218429942135 9.50046394181294 8.711948999466108 8.766628068956116 2.3967255392202995 1.3575043034974332 1.9533558868151903 11.190259583409528];
euros_km_B=[6.88935414929305 1.728435840116737 27.863667634401807 10.304121559854984 22.577916866246724 1.0015906892766204 4.294283318891099 8.959239848337983 1.2614218412745943 11.526377563306879 12.568307208828454 27.679517587460467 24.94575512401194 8.715247158838421 7.841161505257224 4.643886836039841 11.863446223008077 29.037084656125046 5.0125864818514145 22.69925155054116 1.1723286954484662 14.315133850664317 14.891998454875171 25.604188331927375 24.129420603918163 2.475898580817513 13.756643976172615 23.449228189546986 17.944257259603667 13.684398157119794 22.38001407780398 9.192507170938876 27.118223618188082 18.906339922835425 12.096417989119526 21.91439556353711 19.382410583135293 15.963753525479529 2.8903207709126195 12.858021733862774 4.010060280244707 13.15329570533214 27.27530453961524 2.3163969260403547 16.75770363789662 22.60480419555959 23.17070045474327];


nDrivers=50;
max_D=[152 180 216 240 140 166 238 171 184 218 153 201 180 128 201 141 209 123 146 141 122 140 168 126 213 196 214 134 148 157 155 190 232 227 183 181 202 169 199 174 226 136 181 152 139 204 179 209 153 127];
        

nServices=53;
S_starting_time=[502 567 713 18 56 488 98 325 387 86 5 720 340 580 569 685 332 673 590 696 196 46 168 422 154 235 10 48 502 697 220 609 9 36 591 623 610 662 637 44 388 617 240 517 644 505 308 649 230 448 144 78 714];
duration_s_min=[81 68 85 106 112 100 103 80 112 90 80 118 81 99 73 116 115 70 89 98 99 118 78 82 60 102 89 76 89 109 91 81 64 104 68 111 81 92 73 95 111 92 84 99 86 83 93 93 71 100 76 98 113];
duration_s_km=[59 33 36 50 45 58 32 50 39 42 50 49 39 34 31 35 47 32 50 55 49 43 37 39 56 42 47 49 32 50 45 31 48 31 45 33 52 32 50 58 57 56 60 39 60 34 31 39 53 36 46 60 59];
num_passangers=[46 28 41 61 69 95 79 49 71 79 92 73 25 72 28 41 56 31 91 59 54 93 75 40 22 86 76 87 32 64 81 57 30 63 77 49 29 78 37 96 24 54 55 97 26 99 48 90 90 91 91 74 24];
BM=250;
CBM=0.500000;
CEM=0.800000;    