nBuses=62;
max_busses=52;
cap_B=[92 58 112 97 37 61 37 115 60 58 127 121 24 69 70 109 87 57 127 120 105 98 83 117 106 95 81 40 107 28 54 131 29 66 24 58 56 136 76 87 105 49 39 55 90 49 28 40 83 20 53 72 33 69 21 109 87 32 46 28 101 128];
euros_min_B=[13.93521708485771 8.035651523373257 14.838911381910663 13.511718270338998 13.439106585444684 10.369888662516605 5.047472685607397 10.905109315866946 7.981419549879448 6.686635978193956 4.202223421164698 6.159389514092831 8.288056882808101 7.420537833557749 9.711195960845846 4.287130220918109 13.504314851039224 11.555696944095978 13.992395303960308 12.553627569905823 7.113369186279026 2.547309144595136 2.3620289406159816 11.383967704032845 3.1348960475702077 4.163071494919002 10.282569923492394 14.829486248948012 6.750890986141008 12.679530469372814 10.640688760094186 13.935917446976866 12.87581020374179 3.2930075457249366 6.981791814829742 3.647640403807263 8.01691688900349 13.933793271984129 2.2196940100384275 4.574787964280347 6.820614066602921 11.23011408370277 6.142242400788773 4.591124130969396 13.701494979826808 3.8527121415695813 1.891585346808929 13.248437628775704 6.147904458436894 14.259378068713275 6.688302329472996 13.84622813396875 7.742344180628265 12.205290734709369 8.12675152346267 9.683958407650607 11.797809074512193 3.222318910243649 5.354578029785207 10.991402353831765 12.073067758023312 5.670793394009408];
euros_km_B=[20.062243186145743 13.898306891097059 3.339484861567443 2.0443260736172295 12.911803330771045 14.671372731261592 22.731858301673146 3.2168194742096037 22.536939508351782 27.177293173587977 12.418003259961136 1.866971041089644 12.263341590827594 3.2996374068921352 16.588764819728297 20.660566326673433 16.650601933150092 21.127734465264485 22.439069253939685 26.329901085344435 11.71087795109963 25.526467066805516 9.949124938053966 23.358317827021178 28.84660744734439 2.5627908302709086 29.815877712779248 20.4390995162269 21.266293903064035 28.382052627044434 24.81307576575045 19.881146475950924 25.283166131799042 22.183087332098033 27.634816422257153 18.627566307954574 17.313438134251907 18.665506780094926 9.119696708137083 7.792998758057083 20.188380875428432 16.89353470714817 14.521661475070252 14.037618949414302 2.383147772002197 21.500404507636794 22.124602266235556 2.1523565501778315 27.34011639888852 17.88910640920767 3.4009027043946563 28.49162894336459 2.477271494021566 23.256802592950354 27.951426768926698 27.935541674678884 22.854581320101737 16.583908089272768 1.371000042993789 2.6538714164592574 11.923456291032778 28.077782291520947];


nDrivers=62;
max_D=[221 137 120 218 239 137 146 152 171 128 238 145 125 197 220 171 158 168 227 198 177 189 229 130 161 158 213 163 140 132 210 214 160 171 197 161 226 137 184 213 142 130 163 239 199 205 137 135 127 172 222 135 155 216 192 222 195 168 144 138 240 224];
        

nServices=66;
S_starting_time=[81 278 496 525 479 488 482 669 670 426 622 434 440 457 65 39 564 27 654 370 446 40 596 409 160 18 684 42 570 539 597 236 421 456 81 361 282 504 577 170 6 342 106 283 426 338 439 386 504 346 106 632 134 79 644 597 315 349 605 369 251 274 549 160 484 671];
duration_s_min=[103 112 90 60 98 93 114 66 84 86 65 69 107 73 95 102 71 96 95 93 97 111 86 79 98 109 81 83 105 83 69 97 90 73 92 91 62 89 114 76 80 75 82 95 78 89 117 100 120 66 62 105 82 104 91 108 67 79 120 117 97 80 67 91 83 63];
duration_s_km=[49 35 35 34 43 34 34 31 42 35 31 30 41 48 46 30 54 56 59 44 52 46 47 37 40 41 44 42 50 55 35 49 44 50 39 40 60 54 51 37 56 32 30 39 53 33 31 37 31 47 56 38 47 54 34 50 55 39 48 56 43 32 53 42 48 40];
num_passangers=[34 85 79 42 20 29 38 30 65 72 71 91 72 79 40 30 82 45 56 95 75 99 88 81 67 35 76 35 95 62 37 99 94 25 83 81 24 39 41 94 64 88 70 57 97 69 90 42 87 69 50 55 83 69 78 32 79 84 74 47 85 62 66 88 90 24];
BM=250;
CBM=0.500000;
CEM=0.800000;    