nBuses=56;
max_busses=58;
cap_B=[92 138 73 58 101 73 66 84 46 120 121 49 125 87 94 95 70 66 44 35 106 113 31 35 109 73 84 106 89 85 26 107 39 138 28 140 26 66 23 98 24 40 124 54 65 131 34 26 95 100 135 123 90 48 85 28];
euros_min_B=[5.1547076638839835 12.580006907891953 5.769434305271158 3.8794171274667555 13.899376244314846 3.352221381760524 9.597427878050048 4.948031248578202 11.746847310853063 6.084108673479111 12.58973845213024 12.263753861444368 6.546484582928948 11.401082207967061 6.521648143904339 1.981406293439742 6.393422077303671 3.0080708573376818 6.326643075579608 3.918426184560809 6.798565515105778 10.213231712390826 4.77150931955006 6.05340194704357 11.014772979754067 4.844872199238326 6.0840192303237055 9.267191191450397 11.230762101807496 4.4534856986088585 7.634976960676039 5.197875201921952 4.633847144683106 12.893221441696626 7.324442128881778 1.4953837580182645 3.183566890010063 11.493685042973144 3.56261381455037 10.49863735176757 13.97156104693209 10.34293705135584 11.479436485940049 2.1942685380737186 4.481340970948148 5.965603411811822 5.826117847086517 1.8055254877368503 14.812247584804034 4.664833185779026 5.558085208671509 5.623556747460241 10.13323527610086 3.2490435577950443 14.97230411398699 8.397745349102088];
euros_km_B=[12.74442141136028 15.07584376201733 13.62942193047992 12.201553435173329 18.907706998747628 12.703114254351556 4.984617667447367 19.321654454894315 10.741412602301398 29.990473281908972 19.978111697843037 21.924520346854365 2.5622212938829745 16.80041800478338 4.614971195871508 22.8694195837739 16.954557471756623 27.256545560595896 28.70789153172494 22.432449366800146 24.63464342335961 4.0418838942756405 14.73687283930619 19.68048805550066 1.5967673016319932 23.38287033339917 27.989251015824983 6.170211606979566 4.985774685071284 22.160191776833887 1.7761235260095525 4.991783004684025 24.425021354385603 3.556001918781411 16.005730365219392 4.125184380036746 24.380795916466283 2.4590972950771866 9.330309484418429 11.78850552611088 1.1828425558094455 10.663804362074266 19.56690396933928 7.7802940001314855 25.73580755244664 15.175642607220574 16.05013352778272 21.10611746785974 8.84732240497138 23.10476215206315 5.252482530604106 14.13397528086563 3.240432454772254 22.67655817520885 15.38418146297077 15.225158866748831];


nDrivers=60;
max_D=[218 206 199 205 124 171 127 232 223 221 205 227 215 182 143 239 230 159 137 202 205 178 158 187 173 158 220 169 212 206 143 208 175 158 148 161 157 238 129 169 224 231 170 165 186 120 219 201 170 207 214 174 190 143 156 163 156 202 229 162];
        

nServices=63;
S_starting_time=[6 645 466 458 424 41 694 227 107 615 476 213 265 441 505 37 588 536 132 493 120 153 383 185 594 504 588 19 548 549 702 147 130 480 353 539 599 497 350 30 13 288 575 615 503 581 249 530 284 537 561 46 329 19 407 374 215 131 23 706 524 413 33];
duration_s_min=[97 115 95 60 108 86 83 89 120 108 115 98 94 82 98 95 98 104 92 120 102 101 94 112 110 69 62 100 118 120 86 61 76 78 91 75 104 76 114 98 95 99 116 69 72 114 119 108 114 94 92 106 89 85 98 97 80 74 115 113 103 82 76];
duration_s_km=[56 47 30 49 33 37 49 30 52 53 59 36 49 57 50 45 46 55 43 32 36 34 45 38 46 46 33 36 51 53 39 48 51 38 39 51 48 34 52 54 53 52 60 50 44 58 43 31 44 33 32 42 59 36 53 44 48 50 31 44 37 46 44];
num_passangers=[39 68 66 91 49 44 21 50 22 59 69 48 59 88 76 35 56 57 88 59 62 23 94 24 22 49 88 69 41 81 51 53 24 31 49 56 35 52 65 32 71 58 81 31 43 46 62 85 90 33 57 26 49 74 53 47 92 40 22 38 45 100 88];
BM=250;
CBM=0.500000;
CEM=0.800000;    