nBuses=26;
max_busses=14;
cap_B=[138 60 129 43 26 133 136 76 26 38 59 113 51 110 28 90 36 43 127 137 91 25 91 83 41 116];
euros_min_B=[8.473719212812616 14.226201031625406 5.280377707514835 6.779205460828976 14.779357257080145 9.228987668386468 9.690543757290325 3.4996837577490285 14.374136666159684 2.3312550053337047 5.74442940474596 2.5299463794244907 4.192454266356379 6.381474827728344 5.83108727086227 2.5600778364223924 10.75389332204181 10.884565062591266 12.11833167332082 11.638431518149781 13.967612046911265 6.259397901324476 13.971012976402822 3.990557622896259 14.133242625599825 7.8328469987134675];
euros_km_B=[23.560930934960393 25.037693751674126 24.46373840581219 17.313412770480227 23.751912587621153 17.86186261730657 28.39622817210867 27.83000702833627 2.64528965516383 12.832513907907515 27.105278726176774 4.157339283107389 23.22156292953597 12.028663767114168 13.881059881592352 29.76178484070293 17.65848704191392 18.52595699627243 14.583025063338628 1.3351419808173883 17.14807945802867 17.0380033329231 10.693294285933918 22.427540750744345 16.157320594465393 4.9405081946482206];


nDrivers=25;
max_D=[206 128 221 133 135 237 139 188 234 227 153 239 160 184 205 135 123 173 216 205 181 166 173 140 176];
        

nServices=29;
S_starting_time=[45 333 535 628 536 684 68 449 24 403 336 31 542 507 123 203 644 113 608 708 187 615 245 263 688 391 136 94 708];
duration_s_min=[82 107 65 102 69 81 112 82 72 100 118 113 106 84 88 73 72 65 120 82 103 91 70 74 117 114 62 62 118];
duration_s_km=[35 51 56 35 45 58 53 38 46 41 58 60 33 44 58 54 46 36 46 39 35 58 52 48 35 32 38 46 55];
num_passangers=[48 23 27 58 90 28 57 68 51 32 48 56 24 94 96 49 98 72 62 92 56 20 53 54 59 85 58 52 64];
BM=250;
CBM=0.500000;
CEM=0.800000;    