nBuses=55;
max_busses=50;
cap_B=[122 138 109 139 21 95 136 123 82 21 74 106 122 78 86 97 43 46 75 71 69 88 117 129 70 25 32 80 119 46 52 123 102 32 31 39 75 128 58 82 74 87 110 61 82 38 24 121 129 86 62 82 25 115 115];
euros_min_B=[6.067930163056674 14.20699671181436 5.344039691092167 13.159169245186025 7.224449026155567 9.188218499049663 7.292240346565453 9.382906059541462 13.626907106561886 8.569031951175361 8.961899044012466 1.3624609534066952 5.9719452640637645 1.3988655386238535 14.694653336387598 14.319781096426759 2.111120072455968 11.8621783483675 4.590235000313196 11.302359320400233 11.987379469186392 1.7526806563377932 3.801283391152572 5.134223311980218 1.8014269121383197 7.367530093069915 4.7936263197966 14.640631371167933 12.485586507823122 11.605501740816047 7.289081971684023 13.256558193722018 9.94004318997098 8.437462114493222 1.493650278717105 11.401924272326257 8.99838635838004 12.206185389610539 12.832531135077652 4.1357512419001665 6.1882318799854055 1.9813607640154316 8.887493811667282 3.9729877946639585 10.733176073367478 5.067321925168287 9.285758609799736 9.359444136894462 9.493358827864167 4.700292697051156 13.080507635926713 3.241534406066648 7.712242750790933 14.577192891712563 1.3754559978434504];
euros_km_B=[25.706272371934983 21.37303034256637 17.651267469726797 27.594309277959532 8.102216717611357 21.701037078422235 26.391610317793376 11.345694413808772 6.499079118353445 14.899490954376319 14.053095620435352 13.06232490293637 7.790803590616714 12.78259964270428 4.687437816468942 24.27914932645436 9.391123705965487 27.696144546372132 23.060482975673867 25.529436058639504 5.302086494874863 14.807517549519627 16.869875034440618 8.289339991933222 25.145783651807708 18.335911047260236 20.071947665187714 13.997337553928036 6.062730220944303 10.82423055868884 25.535915554423532 8.18218891881993 24.856585602031235 18.860339984032667 11.226166512727213 12.582233370063282 22.424352716845362 24.19908440726423 3.355718485301905 25.338571188931766 22.601356392878753 29.967145661475033 10.926044733068531 24.967624404852984 22.373716814825972 22.380184113381482 12.959748320755471 21.9182617494587 24.810135799706018 24.977821655020815 19.47472808103595 29.46757230059267 5.130365956328349 20.739245148107283 5.08446692666962];


nDrivers=52;
max_D=[222 173 124 174 140 133 199 181 225 156 198 120 232 174 205 152 205 206 191 151 220 208 230 216 178 143 213 240 141 166 204 211 159 172 210 232 201 139 144 193 134 167 219 147 186 152 202 131 134 128 164 231];
        

nServices=57;
S_starting_time=[556 6 248 611 155 86 539 131 439 220 90 424 593 142 50 424 258 638 70 620 499 345 87 100 40 159 463 399 567 659 155 334 710 720 244 459 416 635 109 287 539 440 158 654 614 142 71 433 2 642 135 119 119 194 583 346 124];
duration_s_min=[107 111 86 72 101 118 68 81 70 119 117 119 112 65 116 77 62 68 119 102 82 101 114 99 103 101 75 73 112 93 112 78 89 94 105 108 91 86 96 108 113 83 84 94 83 85 83 112 88 114 74 84 78 105 67 91 116];
duration_s_km=[52 33 58 46 46 56 53 52 50 54 40 46 40 60 60 33 59 57 36 40 58 46 32 60 45 60 44 57 58 39 57 52 43 49 32 48 59 31 52 49 59 40 42 53 37 30 45 36 34 32 50 33 46 45 46 39 47];
num_passangers=[70 70 28 67 52 39 25 42 96 28 21 28 24 20 45 58 41 94 58 95 39 34 34 98 86 23 93 29 70 99 80 28 50 66 25 25 92 45 67 48 48 39 94 37 35 75 83 31 86 29 27 90 59 62 92 41 81];
BM=250;
CBM=0.500000;
CEM=0.800000;    