nBuses=60;
max_busses=52;
cap_B=[30 132 34 45 62 79 43 73 124 53 63 131 125 67 114 96 97 94 136 90 92 126 56 72 56 48 79 59 21 36 72 73 118 48 51 103 35 65 26 27 60 34 111 26 47 30 59 60 74 42 22 118 41 79 88 48 56 126 22 42];
euros_min_B=[4.6119422973466815 13.260297889804802 11.592108476444702 9.816046521201754 9.619142524608513 8.79140843643417 7.872609045537516 4.519761985738017 4.468178873019501 4.939781083921815 6.334715444705685 11.15833442972676 13.696198940449882 6.573259703054475 8.679073355639822 10.440214021998022 2.4658807609960576 10.411437351828837 5.794437045363304 10.411576562332623 9.207256822369123 4.254661079163984 10.312657567368037 7.937248272508951 6.381265809228051 11.604715912966538 7.777775573771166 14.20290515641394 12.047024733165648 9.482743864271173 12.699038235639463 11.358159831952685 2.590149100202348 11.715397685040815 5.510847879369156 9.371455856587701 3.9899500604010716 10.905786756381696 7.142470513802151 1.6109681737247563 6.457035784066428 6.8624156450378155 14.028619277695457 1.5747921412590575 2.7775907521943832 8.709912293402208 14.831490263220271 1.605390617923962 4.784761430529926 3.806539658081476 3.4286622049332522 12.404812406214011 13.192719093479235 13.756138708711664 4.461778419825499 1.8853006238552792 14.20138806473884 3.0806180450379035 5.703573076413335 14.045478763656723];
euros_km_B=[27.429364525096418 7.391121967381055 4.444944517075127 9.195854158395816 13.711784081422149 4.111723079457403 13.374584830649749 21.942721094656694 22.322970247712618 21.604013092136828 25.34657444945977 6.682405547553192 29.11223266314887 22.500074251543904 9.443955869350932 14.674527355770689 13.436473055732773 24.492065424617707 4.670995180831719 25.22190470998606 19.907956485643464 4.447193576877647 1.6529011244525003 1.5771587071211643 29.447480996539376 7.192947467790308 6.922657824856291 14.545057735362116 17.114797137954206 12.250046370131397 12.06491898419963 8.823584569929121 25.851852064135752 11.341174015979473 25.443077051252263 22.63146307151459 4.732250036173873 23.829346958944864 8.940787847269254 10.792603886758963 2.8924413015988306 16.603658064018127 14.403806755217227 9.368115868213993 14.525912158708001 9.669492704588452 13.441980123919834 2.3562137905583223 21.194315109351027 23.223676275597484 12.17831947359354 13.69636500399035 14.393826051773566 21.434310927494888 29.98183188329658 26.10794926883021 1.3247429273133917 25.217586711797374 27.796807691151937 8.577636903215776];


nDrivers=63;
max_D=[134 239 221 216 123 226 218 142 221 231 196 214 209 168 211 148 198 151 160 182 148 219 147 151 190 174 151 217 213 227 230 212 168 170 132 239 223 171 202 167 151 212 160 136 231 136 191 177 121 123 154 172 165 201 159 218 204 192 159 220 200 196 127];
        

nServices=66;
S_starting_time=[358 274 508 386 533 218 37 258 222 469 235 653 706 150 173 276 524 628 624 67 417 143 29 529 27 3 196 67 216 352 229 130 124 358 381 281 658 534 212 416 702 373 140 626 152 557 162 290 166 316 358 60 148 330 143 683 698 87 53 447 248 31 37 530 604 221];
duration_s_min=[67 73 92 91 88 98 102 74 99 118 84 72 98 85 85 86 95 61 118 96 60 114 105 117 62 81 69 80 61 118 70 61 98 71 72 76 70 98 60 66 92 80 95 88 117 98 96 95 77 118 86 65 68 110 84 65 84 83 92 119 80 63 118 109 61 91];
duration_s_km=[50 30 35 45 35 41 32 32 47 52 40 41 35 56 54 38 50 43 37 39 34 44 54 53 49 53 35 49 38 42 46 43 48 36 38 36 43 53 51 58 57 48 48 32 50 37 47 43 52 32 33 45 53 56 44 35 58 41 33 60 31 43 47 56 58 43];
num_passangers=[54 25 86 33 56 49 55 98 65 50 95 31 40 86 66 81 45 65 66 75 60 28 78 84 99 21 46 69 31 25 32 77 32 96 96 82 60 57 82 40 42 81 21 78 68 77 80 63 30 76 55 92 84 94 54 76 72 77 89 92 29 62 29 31 26 76];
BM=250;
CBM=0.500000;
CEM=0.800000;    