nBuses=57;
max_busses=55;
cap_B=[22 84 128 106 36 21 29 42 93 54 134 105 93 63 53 140 110 26 60 59 82 79 56 121 44 61 131 140 80 45 37 72 138 91 49 136 86 72 117 64 20 59 53 36 95 134 96 102 126 77 27 44 127 121 47 112 118];
euros_min_B=[2.8973108133598675 13.617395495224093 11.779569821494455 1.7363180866058077 1.0163423246832513 12.321362545346117 14.489900435145882 13.413755185910992 7.200997687500888 9.161249620186307 2.956715267742099 11.377545048729582 4.495025081914475 5.37757884602095 6.779266904712723 6.223389212118679 12.959015832653739 4.0900188596806935 13.077600620442489 7.111525499933644 8.166506616435381 4.632669337290727 11.932868608731845 10.762872015300776 12.570252983827219 7.53181247950816 14.461171387342795 4.732897096939443 7.839189832636722 8.914713363291817 12.475417097556466 10.627502191919897 13.408193095545764 10.772606146913692 6.665217048624364 3.5854776450677264 7.690629174290901 4.076979962762051 8.08656967050246 10.896660635706022 7.293310596280328 14.658539783619357 7.1465338240814 11.586001930027255 8.123523663367777 6.117029402061956 5.02350558049317 5.595303553205821 1.6904072179943705 7.314499615086733 10.766334464123943 3.390311661897128 14.541376699507806 9.643443083454557 9.628729485927709 3.6966226114439014 14.614075628487981];
euros_km_B=[18.020391909207913 2.023572691701404 27.839953369017486 3.7067194076224443 6.18536020219325 6.428358526991399 18.982449590288827 15.30860423295106 18.01176707539936 11.812659829157287 23.079100065969048 12.555064940635415 18.425031579857723 7.964111823105788 18.812477458566967 12.329527876478158 4.311251268154754 22.93275151158855 29.383080942398493 3.4181105162319323 10.873760927399449 24.843864118145166 7.541316006495572 13.855023768215156 1.6805828908156837 20.22003216292157 14.590596332773822 28.366065553585997 25.461569965534153 21.97083682516938 16.513775406096062 1.3540326765215873 15.492064302130409 28.142752730005117 9.57632124779137 27.99486032574908 14.826059016580547 7.188481237599949 20.400802800232885 15.412774672237447 29.835524788281912 1.8253411992359747 24.986924340305066 18.983524314821263 12.283468109916228 19.957456104024253 5.980233734473189 21.4489489637247 20.24111432038112 6.812393727831217 19.128198254739903 16.882184015511562 9.895007503727507 6.900473242431373 26.623683914890123 3.1804107513545294 14.89556935098778];


nDrivers=54;
max_D=[190 177 131 151 184 205 184 171 235 237 168 206 140 159 232 198 213 227 175 194 220 147 175 233 222 142 165 236 150 192 189 134 238 137 170 131 186 233 157 176 231 179 141 175 184 214 142 166 221 147 150 162 237 120];
        

nServices=59;
S_starting_time=[345 504 423 597 430 21 291 188 432 703 360 660 463 350 307 49 624 160 487 547 471 473 521 116 292 612 404 94 627 690 542 363 33 163 318 139 617 158 558 411 90 703 718 53 709 38 677 71 443 489 1 419 46 564 632 249 416 539 286];
duration_s_min=[103 66 105 108 74 116 64 99 63 117 119 91 114 109 79 118 113 70 77 65 111 90 61 113 102 108 92 91 96 104 118 64 65 76 64 75 87 120 76 64 81 101 87 100 67 110 83 93 77 63 101 120 88 60 105 67 99 79 111];
duration_s_km=[54 42 56 37 49 49 32 50 39 39 32 34 36 51 39 38 41 49 36 35 39 30 37 53 40 53 40 41 31 46 50 51 49 41 51 59 58 49 34 33 36 39 30 47 39 39 46 35 42 38 57 43 54 45 52 60 36 57 44];
num_passangers=[39 46 34 39 100 61 90 76 74 73 38 77 82 46 90 39 56 71 70 45 39 64 82 32 63 26 69 61 78 25 72 81 20 91 56 64 38 44 59 83 45 87 89 49 91 95 91 75 96 29 78 29 78 29 76 65 86 28 23];
BM=250;
CBM=0.500000;
CEM=0.800000;    