nBuses=14;
max_busses=4;
cap_B=[117 81 96 21 52 113 24 131 137 92 108 110 72 28];
euros_min_B=[10.881699867218916 12.296563222869969 14.860528817620436 4.441296552061289 2.3564404012489053 5.203436926846014 4.141951512807652 12.935750451965243 5.874885511598652 4.033277947171784 4.398210034930679 1.2834132972580437 1.5318061868577957 2.2778337033596037];
euros_km_B=[18.52239639348732 21.206117645593597 8.135381388880713 6.9034871689341495 2.0070647112955076 15.021034180299011 13.995709808802996 25.604447859318398 4.2886174185172985 19.45205062964692 14.672313811300757 13.85051532496206 22.72360400448739 29.975126774827366];


nDrivers=18;
max_D=[147 124 151 146 217 129 146 228 164 166 171 152 141 170 120 240 140 129];
        

nServices=19;
S_starting_time=[161 63 658 465 422 535 714 19 575 457 398 523 557 15 3 202 25 235 514];
duration_s_min=[108 73 86 111 66 79 86 67 111 95 90 73 94 60 96 115 64 109 88];
duration_s_km=[59 53 52 38 42 57 54 48 32 54 59 52 35 39 40 44 34 49 37];
num_passangers=[74 49 58 29 59 55 95 84 65 50 88 80 40 21 64 60 55 87 25];
BM=250;
CBM=0.500000;
CEM=0.800000;    