nBuses=36;
max_busses=35;
cap_B=[72 41 89 139 43 106 62 93 81 111 120 84 30 138 75 87 110 99 112 63 84 62 103 113 100 80 66 102 92 65 82 30 21 26 119 45];
euros_min_B=[12.94896663496618 9.227951009778057 10.037654978646463 2.3530645003652193 4.21030836684326 6.183200850456558 9.890578510504554 14.095716601482538 4.075668474574274 2.7278548038572534 14.793684126401372 2.5556935362100908 8.708435489638829 3.820499094330967 10.235479733833804 13.150888315218147 10.838996016514173 6.371661673488235 2.0894419918694513 12.015307325064274 3.5180904779628035 8.981270973682118 8.025837610864134 1.7401310859315606 10.879319179400955 4.902027692240303 11.342560163421314 4.393049282329524 10.649608194524877 4.311151920533261 12.367478361314442 13.893387257307522 4.386899981472251 3.7358877627297 13.536243698141313 4.472998754046076];
euros_km_B=[3.942397155822759 1.7272017177428478 20.58173573892166 15.85704730820456 18.85419970272367 14.797637577400995 13.189714148695566 16.56302071088035 8.297546423164329 19.394682103509012 6.713226203010178 5.829193907144133 20.530114436899407 21.101546614368864 16.42695902482363 21.785719201613688 18.959452207935446 14.538567743866022 2.3088091818453336 10.843093991206539 6.254157716023837 2.870465684315226 8.218412834070303 1.4962097879527971 24.026894299845306 6.577276047390056 3.0072242092958508 11.212362473712997 17.688970954110417 21.24379016708857 21.638260749435613 15.054009212593897 13.723412304523226 27.665488239554563 6.074719679452032 10.255420363157752];


nDrivers=37;
max_D=[175 171 226 160 206 131 191 234 179 217 133 224 170 144 136 178 167 151 188 234 138 156 194 167 222 146 159 186 155 235 141 177 157 122 233 234 170];
        

nServices=41;
S_starting_time=[244 164 660 328 141 90 629 443 567 95 113 548 158 73 393 115 502 434 520 619 383 172 347 155 67 494 170 678 251 669 392 350 221 69 305 18 472 616 240 333 55];
duration_s_min=[76 82 64 100 105 115 62 74 63 98 72 110 62 106 83 119 63 93 70 70 77 68 89 73 107 70 92 107 69 96 82 98 80 71 103 82 89 102 75 60 75];
duration_s_km=[57 50 41 52 36 58 46 33 46 42 32 32 46 40 30 41 32 45 48 34 32 34 49 48 42 42 60 44 47 47 35 40 39 53 48 41 39 34 30 47 30];
num_passangers=[51 43 82 88 57 56 90 90 94 72 71 46 33 59 28 84 86 67 86 21 46 57 31 62 59 41 32 27 84 84 20 37 53 69 33 52 50 68 83 29 57];
BM=250;
CBM=0.500000;
CEM=0.800000;    