nBuses=38;
max_busses=27;
cap_B=[97 33 24 86 127 60 94 106 93 30 104 41 83 81 117 140 97 125 74 139 35 70 125 108 124 103 27 53 56 76 71 93 50 140 82 43 137 115];
euros_min_B=[5.286688462445063 14.21484473372032 3.472823934048799 3.0289467894168185 6.062261702542534 5.177150643341319 1.7608182655301299 10.96369336109957 1.96833657072835 14.72576919621161 11.453815146950452 1.9096374448418463 3.183527976177748 2.5333662945292823 9.612227639471806 11.222822454430952 5.4837765961068765 13.485615058996387 3.8273777197431955 5.10757958113852 4.8401451446606485 14.142229578571916 9.319915660245979 7.381943060340864 5.868596696005417 13.798285417797183 12.575248850181517 6.364789857452928 13.240540821262549 13.80131677986055 13.928067412749789 11.368708680330256 6.6762890266236266 5.322117278191768 11.980512942627021 12.026254503391257 3.1859008745572734 12.039549612495106];
euros_km_B=[1.347993254770927 20.8860581733649 22.301523554784747 9.487420219953721 22.565435438784817 12.52633862675929 15.07546488721022 26.203137356690927 15.09766137405288 18.29720964611297 10.210185090653109 4.433053050934321 25.374503055732795 15.842861574493782 26.92572961109476 22.12751443632554 5.491204397109453 16.573700982362507 11.208868884263628 6.3220958473827515 12.652088803683235 3.9856231044676185 2.165576939156488 18.63489791292154 28.4333751096136 12.69352334559315 11.7114696711875 13.126324636730919 4.755492520686294 1.4120035761128935 3.2572446098778554 20.891914810662374 20.08523541373585 18.545526649571062 4.446205456872473 19.557534645559553 5.4403963383603235 25.462834943973448];


nDrivers=38;
max_D=[199 237 125 150 210 170 173 207 152 189 190 226 228 202 123 141 121 190 156 235 202 224 175 138 162 217 198 160 159 150 196 191 165 147 147 202 196 230];
        

nServices=41;
S_starting_time=[710 52 117 62 542 695 473 554 175 489 277 290 10 562 286 56 393 152 675 670 478 282 404 604 563 669 684 396 528 169 29 386 493 620 329 93 167 302 197 333 205];
duration_s_min=[112 111 71 72 99 87 92 111 62 97 107 96 89 77 68 69 97 77 98 88 106 113 100 94 102 105 68 97 82 97 76 87 114 105 99 68 86 99 82 68 83];
duration_s_km=[51 34 37 43 60 49 36 60 50 60 40 40 39 56 42 51 34 54 40 44 32 60 52 49 35 58 41 50 41 55 35 56 30 35 58 34 60 51 48 44 47];
num_passangers=[66 57 58 79 53 65 32 47 79 39 49 85 86 56 43 66 33 48 29 35 22 85 86 79 27 60 77 75 77 71 40 60 37 94 54 27 68 93 93 95 35];
BM=250;
CBM=0.500000;
CEM=0.800000;    