nBuses=26;
max_busses=18;
cap_B=[46 47 80 84 43 103 90 59 113 23 81 30 110 80 116 113 25 55 30 105 72 68 69 21 51 80];
euros_min_B=[4.151937913779461 6.1879301168163945 6.480419000743436 5.598918875472081 4.377704830318258 2.8623138853551633 10.147284077279796 3.191163520996203 8.587211675298823 11.06376348879091 9.309404560135228 9.694429192030865 5.433241202236221 1.3849811724274539 13.993725586361169 11.782343822952377 4.117276101668898 12.983225835466321 4.164925761746112 2.2338246498747845 3.0366520129157974 6.374663728875725 12.031171704102313 9.283192443032467 10.899818487303808 11.703800717346947];
euros_km_B=[12.126575074203156 21.33975152344201 13.753761822368801 16.780542237074584 23.176357795140678 7.188075673702204 15.558587971862636 16.386281786839838 24.166391901695054 19.78050247780416 24.25959824262038 15.064992127504024 1.6623017192821732 26.564640171879564 29.337467428395314 19.910872905047146 17.531880387765444 6.17335291740476 22.23976256142833 29.669312834861923 12.46657298816683 17.009597237015484 12.502668161014876 7.522062056157457 8.729289974144539 23.714551094818102];


nDrivers=23;
max_D=[179 135 199 132 167 163 171 129 196 171 236 198 160 134 188 233 226 154 136 233 231 224 230];
        

nServices=28;
S_starting_time=[132 617 611 236 126 284 348 21 466 321 550 262 267 647 595 67 553 165 41 52 408 11 495 128 253 559 678 285];
duration_s_min=[99 82 64 107 75 90 85 94 108 115 102 111 82 65 119 78 85 72 103 97 79 116 105 60 68 68 91 66];
duration_s_km=[42 37 45 60 35 38 36 40 47 43 41 51 35 55 51 56 39 47 37 54 32 30 32 46 32 38 44 54];
num_passangers=[46 90 25 88 63 62 76 59 62 88 65 85 79 96 23 64 83 33 30 29 71 48 64 73 58 40 100 90];
BM=250;
CBM=0.500000;
CEM=0.800000;    