nBuses=33;
max_busses=25;
cap_B=[122 135 41 120 24 40 131 107 118 46 45 137 33 119 68 47 26 51 42 27 80 33 61 74 131 93 69 92 79 94 63 98 41];
euros_min_B=[13.191260702090412 14.064124108349857 13.482878372839489 4.952179635434073 5.8665337969773805 5.47092032025293 5.317977043707663 2.682294839425877 6.629183218788045 2.1275713069898248 10.994395636779652 1.8372891116813637 7.710244928032153 1.5344050993568836 11.19488011338915 8.936264004578517 12.174138584665089 14.49912095305066 9.85260463925977 13.071878084009377 1.1092530582867917 14.60251612414496 1.6392495536204437 4.20624906320723 8.027516539171572 10.973159701439487 5.245818096458879 8.329002238719244 8.904510947066175 12.822531544846466 7.3841506445745315 7.809379624177049 11.413812323724422];
euros_km_B=[27.902960192837483 24.761047316159885 26.094715967115715 10.633521106505354 12.521108053442001 21.38493731078425 19.11084644458398 27.801752166649177 4.456453494374743 16.134439577367843 15.751153498674588 2.6763316292747117 18.629753786778018 14.274832189115859 21.914343941287896 28.57545463985836 28.621181414863102 22.556096567372194 21.75499123089054 11.464854862983708 17.275972771131087 8.885864792415882 22.121280048853993 15.225601820727348 6.42188358765525 1.5171869093223043 16.082344484990195 28.42427610382157 11.373155740329342 11.484954922534383 23.506039109064425 22.74843922426623 5.73892266557724];


nDrivers=32;
max_D=[141 139 131 141 207 147 210 214 194 145 229 123 155 239 232 162 134 213 222 226 211 186 122 181 216 176 217 143 138 167 134 191];
        

nServices=38;
S_starting_time=[586 35 553 557 555 121 420 182 267 509 1 165 575 167 386 270 145 107 541 489 488 366 572 28 144 272 76 91 5 83 520 75 181 201 544 16 671 518];
duration_s_min=[63 75 104 71 80 108 115 80 107 80 107 86 119 99 108 83 95 84 117 92 93 119 70 112 107 64 77 116 71 113 93 96 91 60 83 69 99 73];
duration_s_km=[33 47 48 41 55 53 50 51 46 57 33 59 58 32 30 56 45 34 50 40 39 48 51 31 36 32 54 36 54 30 31 47 31 46 37 53 53 56];
num_passangers=[35 88 65 62 80 24 73 29 61 58 45 24 79 76 35 94 75 26 84 41 99 88 33 23 58 69 80 60 95 99 48 82 98 91 72 53 69 77];
BM=250;
CBM=0.500000;
CEM=0.800000;    