nBuses=45;
max_busses=42;
cap_B=[125 80 71 97 31 99 31 50 109 43 63 63 91 57 64 101 112 136 103 134 83 97 50 102 45 77 87 23 30 91 102 125 39 93 99 36 108 55 120 74 135 32 52 91 75];
euros_min_B=[2.552269909615209 8.949576789688916 11.887022038178968 14.667909199335146 5.163646868959507 7.136039555826711 1.2440848692325588 5.076665436314922 7.998322732299233 5.128718724235781 6.6613518634570195 9.34006762311524 5.105911961430402 11.951953338738106 2.5304957607862617 2.196028077899542 13.935663399342609 9.82614074337217 4.818112528174914 5.031435106194845 6.85843873758647 8.273891458267833 11.017364989245099 9.55208865302258 11.594431019071244 7.704813861644908 14.014511912121122 7.630777191737176 2.8013187759792006 13.062519411822203 7.717387529003379 5.812996073051819 8.953570846533005 14.972696710549874 7.183828602009875 9.420671010521348 2.3735973431302924 8.791345300523094 13.384625364672612 5.057641535856086 7.905504536499544 14.92337395764935 4.249531057548464 6.569675987725325 14.167276336243347];
euros_km_B=[16.479239484964104 6.847929304977656 9.90414797337734 27.01179264939437 27.712063919219947 27.223793923239047 6.63487136178817 1.4838865613911234 17.66714228033488 14.135657128384096 26.414981219996953 23.212725049690064 8.50098542852251 17.085787318953805 13.64262117567788 8.427761127152184 18.875839137658033 26.696672569828312 25.104656932241717 24.68389675025024 14.18486856300629 2.5805294086707216 19.225786715747518 28.211024476705777 12.607239097423363 27.68994738097039 8.560196031801297 13.5572289647367 24.006689338733896 14.337203545644918 15.499982383056581 8.393106530993592 12.940768603056638 13.007793513331432 15.776159192791578 18.602092655773507 6.811918629240221 13.772633959749145 19.119520051076456 21.196752152141435 3.613281635540571 12.824039185095932 20.19880607637806 15.678372750284446 26.139315033405737];


nDrivers=43;
max_D=[189 170 163 226 217 196 190 201 132 228 155 198 239 125 237 183 169 229 133 220 197 220 149 208 216 204 236 147 232 146 127 168 160 132 142 200 190 219 169 175 140 152 162];
        

nServices=49;
S_starting_time=[480 326 49 295 97 5 130 495 46 465 619 145 379 447 405 70 192 53 480 360 369 292 31 650 425 545 320 221 359 373 565 284 489 232 583 349 555 374 68 464 50 701 68 649 31 707 32 10 478];
duration_s_min=[78 92 120 112 76 73 101 110 109 64 118 113 87 90 74 106 79 107 84 114 75 111 76 60 70 117 75 88 71 119 114 62 91 71 84 76 92 66 98 110 85 89 95 115 110 65 61 100 106];
duration_s_km=[60 44 36 50 33 59 34 48 40 60 42 59 54 40 49 37 31 50 59 50 40 50 59 55 34 39 31 42 60 36 59 35 51 54 31 30 32 32 34 51 40 32 52 60 31 43 35 39 58];
num_passangers=[54 69 85 87 23 83 69 45 84 90 40 28 74 74 32 31 91 73 63 73 20 23 70 39 48 75 84 55 96 40 75 79 60 41 100 82 62 46 49 43 26 34 82 22 74 78 93 61 41];
BM=250;
CBM=0.500000;
CEM=0.800000;    