nBuses=62;
max_busses=57;
cap_B=[96 21 58 140 104 69 138 59 116 130 61 135 101 42 94 66 110 50 84 89 76 21 102 103 51 80 75 82 96 40 84 39 135 131 87 64 110 76 45 68 69 90 70 54 116 53 56 59 129 71 68 35 70 50 27 75 137 58 47 47 69 137];
euros_min_B=[5.814466421229612 5.6640660373274345 3.8222019910252705 8.929568603034301 6.435694126132993 6.868696530232324 3.674741175642394 8.466182845485472 2.495915502942279 7.040812809037087 3.3068365027504596 2.3335012201119785 2.852031643708584 9.006013016743614 2.261099947692743 10.812816190339099 14.829344951184584 3.015861384187562 3.6699415819730152 2.0722373783004273 8.348765183555379 7.885453630060497 4.603512994472437 9.53636078604723 12.649191622076446 8.941384783028743 9.212657888206191 9.734843505134172 3.250171529815286 11.717837451471542 14.807966113533023 5.945297690451152 11.95535860268237 9.894473611465061 10.463995249710278 13.533113610695636 3.4253031234207736 9.714649013429272 7.1550354510925445 8.374132117782029 12.777443187992704 14.68037115251998 1.2841555923380426 8.66785272352002 10.6664219046854 9.218265092731178 1.8200682042687308 10.718788367447743 11.982991454524317 5.265270924005224 4.016568583082123 5.477350453751273 10.719540301719455 5.590506939979525 4.0713503982915 8.501172119337488 7.383117835252157 7.998105193758045 1.636350801821296 3.8110742464554432 10.825144146181794 5.575385715056972];
euros_km_B=[8.667997926257556 24.737331171866586 17.400222871324342 13.219647887479143 24.498276731042704 25.60619769851213 12.665427562358815 15.719132980854152 16.608129043242542 26.09545612524273 25.901137100620513 11.358162278884828 10.184964664649739 3.49127505300014 9.045114812517298 20.946673854527923 12.086705048772117 21.949289856434554 14.78255548061526 26.203653111800715 2.3725549126924204 24.147804320282646 25.350943416990837 19.71187804377804 11.822842772650407 3.617960222232922 1.1130866531652286 22.97535717123274 19.953118370967985 11.083093386235879 20.59134909082328 5.020217372276797 28.137714338773193 26.257372748222554 20.14973964802308 1.8808183883504808 22.260096045402967 7.999769028401401 16.158728831539097 26.04457583782995 18.730480602285528 6.287286039346569 16.93301867621026 5.777875714860526 23.363934158235498 27.968726253550876 26.66034594023867 25.66141755715223 12.299855567389837 14.840586977041243 23.990705446153694 2.1947370680837563 23.08485989161627 21.96315936067972 28.136006907001352 21.125808342664463 17.513135879562764 28.471655998838727 19.187451387571013 15.321571529087787 28.4278591473829 12.1795957325369];


nDrivers=65;
max_D=[145 203 226 180 168 172 212 229 221 176 197 165 238 201 160 208 211 237 145 173 181 145 168 175 122 146 226 198 229 129 225 235 193 158 199 155 197 240 147 167 205 149 216 240 123 178 155 173 182 236 143 191 203 218 145 138 152 237 199 178 198 209 171 179 133];
        

nServices=69;
S_starting_time=[66 84 563 497 700 561 294 458 439 289 236 676 140 250 157 273 471 482 627 314 313 129 2 454 326 58 296 705 573 523 605 492 118 551 692 134 185 446 620 294 61 643 157 2 50 138 168 445 110 304 143 348 164 680 419 311 62 497 260 373 136 190 413 282 604 590 525 690 668];
duration_s_min=[79 119 107 85 82 102 104 76 119 89 83 112 113 105 115 98 77 105 83 93 66 75 110 78 107 96 114 102 62 74 105 79 115 118 87 95 95 60 67 101 62 81 89 83 81 71 104 85 89 120 109 106 76 72 68 113 62 117 109 105 81 67 61 87 91 105 108 65 69];
duration_s_km=[45 52 42 57 36 51 51 55 43 53 40 40 51 60 54 48 47 40 52 59 43 48 41 50 59 52 39 45 31 39 53 33 34 36 58 41 34 35 40 42 42 30 32 46 55 31 56 35 45 49 48 57 35 56 49 56 47 31 59 32 33 47 50 51 55 56 49 32 33];
num_passangers=[43 99 23 64 58 60 32 62 83 67 83 26 53 81 55 68 59 80 51 34 61 76 54 85 85 34 68 51 24 88 76 71 75 72 42 32 79 80 99 39 76 88 20 88 25 38 39 57 68 51 50 71 88 64 92 68 86 80 84 84 67 83 86 41 58 91 73 49 78];
BM=250;
CBM=0.500000;
CEM=0.800000;    