nBuses=51;
max_busses=47;
cap_B=[73 68 75 76 114 129 81 53 46 57 20 43 73 102 107 24 36 26 34 132 133 61 25 48 130 22 65 84 119 129 77 81 28 112 139 77 62 59 99 130 126 86 96 44 86 59 35 55 27 69 28];
euros_min_B=[7.5355752904069995 10.170706477784751 11.955400489917313 6.139724877975489 5.5763377349303545 5.711833626088472 6.028342848157274 12.60511343699461 14.10725441854705 7.747677335684928 8.40329250462352 10.715769307030566 12.414692270487677 6.9636591922513755 4.092629364722047 5.318993557081843 10.527384521426995 13.78706714355768 13.611290471386345 6.0035253125636086 1.3753942619823063 4.320572979730482 14.911305796092556 11.194163881154482 12.20875388709146 8.327820835540418 4.77964564063739 7.258698212512811 10.78720375946865 13.323451217584479 5.29352917955759 12.367476963942611 9.224199874330635 1.0055864349736794 12.318308932445529 7.7976490990555645 5.299802894518807 5.346443465313099 2.9876144994668743 1.5669027300499339 3.488699419808915 7.536855683256482 3.7655493863684595 8.680844447313117 3.7488456155438166 13.635962716827589 3.030418337205216 8.098179602049854 11.970654453361435 8.862433439618934 4.3195056405223085];
euros_km_B=[15.832520314732163 21.424538464315734 9.570206867124755 7.322758671770463 1.1793844016110842 4.902995066017354 8.933432584198467 12.850438256322057 26.926189526304306 4.296103464808468 2.1609239488040766 16.29814457455811 7.109529029688096 15.939310824036134 27.119902262473545 16.487707732288566 19.082121576206248 10.799721915483877 15.995355419298203 4.101685301813394 27.39095873222434 15.217658714123095 16.563841275687885 11.266163329986997 1.3914210212748233 20.072396339841816 25.1391076376539 11.523469351069231 26.66540822132311 23.501820651060466 11.772934015324495 16.73622634673763 1.688281788743081 8.125074250782546 22.161205806927917 12.780864651168335 20.652783662601475 17.70928660377143 8.286163625198373 23.582854893393144 4.778107901363621 15.988258621193065 8.855232985736915 3.9814852433840215 11.470196750770992 6.5098395953782315 3.221453692803081 18.904041437306276 22.440265960797362 21.7553290015237 13.298757160772444];


nDrivers=52;
max_D=[230 189 139 124 183 131 153 193 144 192 197 190 222 156 146 179 224 180 233 217 237 201 204 147 135 225 138 153 169 188 139 150 155 217 202 216 151 220 163 236 120 179 132 184 166 199 154 136 229 191 137 218];
        

nServices=57;
S_starting_time=[691 55 167 508 456 17 457 683 575 273 177 292 50 570 624 294 274 447 671 26 391 5 363 487 258 205 170 120 163 140 620 683 397 482 300 504 683 50 274 278 237 143 54 571 126 458 671 72 559 195 247 264 549 198 39 464 619];
duration_s_min=[89 87 115 102 86 72 91 116 98 64 89 95 92 102 65 94 102 102 72 104 84 112 76 77 108 100 92 80 100 81 111 118 77 89 94 69 99 86 82 106 104 88 81 89 91 96 70 65 120 103 80 73 60 72 111 93 75];
duration_s_km=[30 30 43 49 34 30 33 44 38 35 50 30 44 53 60 46 32 50 43 39 43 31 35 33 52 52 38 58 38 36 34 35 52 58 51 53 59 36 59 35 42 50 48 32 48 58 40 31 40 47 56 55 48 38 59 31 53];
num_passangers=[80 84 82 58 69 57 69 56 85 99 90 46 75 94 96 88 88 27 46 59 37 60 100 87 46 31 34 46 82 26 43 77 23 52 35 86 96 66 53 77 80 39 80 95 66 45 68 83 45 50 54 85 100 94 100 85 100];
BM=250;
CBM=0.500000;
CEM=0.800000;    