nBuses=59;
max_busses=50;
cap_B=[74 115 95 89 50 20 54 112 137 36 96 35 108 89 28 45 53 96 120 26 104 31 42 81 117 103 29 69 88 108 97 135 127 83 124 44 120 108 98 124 61 62 28 140 32 44 136 40 138 61 30 139 30 41 86 48 74 81 82];
euros_min_B=[4.180029998203269 13.352516129095267 6.086553369413428 5.397256754776292 4.968022293952318 7.866341149003517 14.879170988074144 8.261108764365584 7.872477669009154 2.9586876992379083 9.60239372348346 10.67827292613186 8.591359337726349 11.97066467915273 12.661458739407728 3.2318037911893267 13.299043737604356 2.7774070677751554 13.466291286910375 1.3105883108236571 9.634456695742166 7.645853855443694 4.0910953220682185 13.138921981908176 14.755015894899957 11.276637772911268 9.291456537664 3.489287492289934 13.05723503795338 6.672388118414963 14.949587824893776 11.276589255728272 2.25987387217153 10.789950632416868 6.983779144792215 7.730553406000521 12.003411639111732 9.392545213723654 4.468577213477351 6.307099353193253 1.8579839298595595 10.252787980195027 13.368843398684168 13.226850004488426 14.700583838160394 2.361238541478848 6.080114091742597 7.167426204618939 12.221769860957064 10.784842440450328 7.500548428192306 5.6582564410913845 9.470742146614938 10.017719662029219 1.836390017174931 5.481691386213306 9.65939004112689 11.94577467094154 4.162357851041767];
euros_km_B=[4.822467646892601 27.369886881423668 28.076170023291027 26.338050336191106 11.738230152494177 5.153197737067851 4.075710959520469 5.601775524499642 26.290037475672126 25.795246432840916 22.192132427415842 23.058713122975295 4.4783601273437155 25.237908168882992 12.102624753602623 27.278746682095868 23.66817455127227 7.119637148553711 5.671321552567132 20.286765746171884 16.804361467403588 27.464171281511522 2.4567913561130696 21.42693120581482 14.382725115681351 2.4577203052920704 10.827181110837518 12.037240549260714 27.445659265489013 29.370667958946868 18.00545420185009 12.262195984964428 17.90994160487475 9.603646339533054 12.932265389441609 20.419201700770508 16.59011818482695 29.40291227387783 25.650481352439066 14.660484947784939 12.497322473442138 6.55551917552864 18.839718722622855 15.082318336084398 29.282460465340883 8.612435754036387 14.682757728873083 16.960364744503327 11.24155510489457 23.78899877113888 25.90605002181819 1.0700421294919242 24.88087356303832 24.788400923267506 8.552764937280777 18.1023680140473 26.578756593549624 7.14361937969927 25.33801266142719];


nDrivers=59;
max_D=[227 137 209 120 143 183 164 232 175 130 132 201 232 152 232 120 125 193 185 212 196 149 216 187 149 239 161 162 144 147 159 143 218 120 211 142 240 122 210 149 200 152 225 184 189 143 140 203 190 171 201 148 156 143 224 149 154 158 237];
        

nServices=61;
S_starting_time=[416 146 330 207 516 559 299 502 667 529 448 232 311 408 611 272 679 216 682 683 91 98 367 594 700 114 701 448 208 6 126 675 599 33 30 300 52 551 106 274 521 396 462 116 257 44 62 457 268 430 366 607 228 189 8 591 339 452 429 157 599];
duration_s_min=[101 95 71 116 119 83 119 73 85 90 92 114 119 69 111 84 97 69 117 78 115 78 97 97 83 110 89 83 92 90 87 115 93 74 73 106 62 112 64 92 69 61 84 61 118 109 88 98 87 93 75 76 91 75 98 85 107 60 81 82 83];
duration_s_km=[52 51 36 60 57 33 52 57 37 36 41 46 52 51 32 34 45 43 55 50 45 42 45 42 56 43 51 48 37 45 59 48 51 48 47 49 58 38 32 54 60 42 40 57 32 33 47 50 53 60 43 57 30 38 50 47 56 57 33 43 34];
num_passangers=[84 97 63 56 34 32 65 87 42 68 52 27 71 78 38 45 77 76 67 85 81 34 62 29 28 46 31 74 21 55 74 37 84 44 59 40 32 99 42 25 61 61 95 46 30 96 40 91 40 40 86 38 37 34 40 66 60 64 26 20 56];
BM=250;
CBM=0.500000;
CEM=0.800000;    