nBuses=27;
max_busses=24;
cap_B=[105 46 116 79 109 33 38 21 38 33 139 89 84 34 52 41 70 122 20 50 54 85 62 54 75 84 60];
euros_min_B=[13.761134593960083 1.041589793868821 5.606633022754485 14.764319663777952 3.4413605727004892 2.8963666861191424 9.936109356965126 2.9922462830182943 5.904125001174778 12.317559014393035 13.650675541771054 5.452657951923067 14.67083847503969 1.0923893604499517 9.352997896537723 12.146616758607918 8.259211474303417 9.752469941187393 5.10468105394894 2.6900211801129794 12.942938842036607 7.809451843340183 11.654428921146323 6.969344409726341 9.637347483967169 11.677885109334033 10.202698286598237];
euros_km_B=[27.996541135400047 1.499620838282669 22.667785051284397 24.317409751426688 25.011315444955255 12.698189630123796 18.966216615367294 22.631540855620603 14.29333345891802 29.22396216841936 7.528155447638011 11.01333725133267 10.003650562973533 24.194544300033805 28.732723284496835 27.034787697894995 4.447729471834995 15.306947949446585 22.77125647502968 8.328993540023625 26.307432812407377 28.96531908832144 8.275263480440536 22.145709759639765 9.29159530834611 2.7009332632073395 21.86392545410746];


nDrivers=27;
max_D=[209 203 143 199 166 203 123 120 239 139 218 152 222 193 211 190 182 121 195 191 205 204 137 168 236 140 193];
        

nServices=30;
S_starting_time=[435 350 299 106 341 211 609 654 475 228 545 203 102 717 83 273 110 668 182 568 510 474 558 306 717 682 2 128 93 284];
duration_s_min=[111 64 112 71 67 85 91 99 99 108 97 72 71 83 90 105 91 107 88 73 98 77 74 78 88 77 103 81 95 70];
duration_s_km=[46 47 33 32 47 39 30 45 39 37 51 36 37 39 36 39 32 31 31 34 44 46 50 48 42 53 51 31 33 30];
num_passangers=[33 20 31 99 32 77 33 57 68 46 56 89 54 83 70 63 73 58 97 78 34 41 49 57 88 52 97 51 96 100];
BM=250;
CBM=0.500000;
CEM=0.800000;    