nBuses=54;
max_busses=55;
cap_B=[125 47 49 119 30 131 31 128 102 64 34 27 44 91 122 30 59 57 135 99 35 97 43 98 60 86 51 112 133 105 32 132 36 47 111 44 30 130 79 65 96 128 20 104 57 104 130 24 91 41 132 87 107 62];
euros_min_B=[2.1121053775191507 7.013669689863871 10.906363519584275 6.926223949342514 13.936133061735072 5.707703446862891 10.65024443214765 2.390719350139043 1.8248750412926662 13.065374160773871 11.409709652919776 11.949790090104353 7.917952747355754 5.506400337667997 9.754181719029583 13.58992991001352 8.782377506108226 5.546068661350279 1.2836993346590597 8.84744699690925 6.90509030146753 11.406251026442396 2.3777492822848916 9.82500630828621 5.472387261447601 7.037529431007021 10.341179776615657 10.298240230498907 10.750677506343344 14.400594864455217 9.054719131387587 3.2122395065263545 7.894747109817741 12.143217149338938 13.132245171219527 3.2735798713375734 13.768656538484228 6.607175227760869 11.874481087131795 12.172888034370818 10.584672436021107 6.666724607729638 1.868436629804367 4.256791566732808 12.364974700576205 4.724137434433051 8.712035138216795 13.939847099578266 9.908827324358205 6.9482677289715635 3.3874120915789288 8.37693867563074 1.036425591914483 11.320871625487142];
euros_km_B=[20.983402125157827 11.049038365546778 18.4928512172841 1.5317071011861279 26.490598242991954 17.44180251358342 19.94934343999527 1.310246975100537 9.337913972858543 1.200165682212012 2.3856812401902747 19.194206833980882 26.83377683323293 6.927294424713595 12.012021899968024 3.5932742962313413 11.315289782985388 15.183744681697007 5.489055410334664 2.858555855369981 12.59858931024611 10.703291371715228 3.60972237139519 7.438527505366873 2.9179429110759463 10.69239636038765 25.537275180818902 2.6816757877849238 8.422066759540698 22.250229158875246 16.686058414552143 19.96303574942544 22.449865414862572 24.217872595101824 15.450834292336275 12.98538370271673 23.50860649836806 10.476498288851046 9.627095975421804 6.48185405065111 19.85920158102784 12.011717284672262 2.3976566359893132 29.728243451387783 2.4439679322911845 11.243874636818473 11.980574054393035 5.604904494793958 1.0113327353527908 19.61064922166116 20.077951556796663 19.971234305355217 10.512942212443216 23.391311770914132];


nDrivers=54;
max_D=[216 141 168 233 192 202 172 131 203 223 147 142 125 185 127 215 146 229 233 205 223 182 183 198 151 225 152 212 208 220 149 181 184 129 154 178 219 172 134 222 174 140 201 154 141 163 215 156 163 216 184 162 121 126];
        

nServices=60;
S_starting_time=[1 81 60 589 383 176 661 582 541 714 333 196 58 272 704 414 659 332 171 65 485 268 379 67 599 643 274 257 12 24 583 468 596 14 626 648 217 448 293 316 131 79 591 78 389 456 264 362 139 241 497 488 122 311 412 182 449 322 40 530];
duration_s_min=[120 108 94 107 78 69 67 81 92 83 95 68 60 72 115 70 114 86 99 103 113 78 63 93 96 60 68 70 86 61 117 88 76 71 115 102 75 91 68 93 87 69 74 68 102 66 98 69 109 69 98 105 119 120 78 101 101 119 63 113];
duration_s_km=[41 52 48 41 53 34 37 38 56 30 53 45 31 41 43 49 55 50 45 58 58 39 49 52 44 57 57 53 47 44 35 39 55 52 48 30 40 45 49 45 42 35 32 32 36 45 51 31 43 39 50 35 50 35 33 34 50 53 58 53];
num_passangers=[28 45 90 72 69 47 90 26 58 62 66 86 38 36 66 32 49 92 29 29 57 56 56 39 76 44 21 83 97 58 46 36 85 87 83 85 97 80 82 56 37 71 29 93 41 27 47 35 96 32 82 47 64 57 37 21 100 36 20 89];
BM=250;
CBM=0.500000;
CEM=0.800000;    