nBuses=36;
max_busses=28;
cap_B=[110 103 88 58 106 36 35 109 86 82 61 136 63 55 109 125 50 139 51 116 97 38 69 59 113 118 99 67 40 111 36 43 134 122 64 116];
euros_min_B=[8.779079674537986 13.57322662871792 6.141214125044872 8.452417771908596 7.047953675979263 14.290838134805455 7.4143617236302255 13.257419689827476 6.611689549301564 14.21199617849675 12.72487134136375 10.27823401149199 12.386066895528355 4.5465061181790265 14.903478937088346 6.583304354930191 3.160576082968678 10.36759973659716 5.344549622059234 8.523181903898143 4.503684779273972 10.081344412116978 4.827373256643974 9.235494941211101 1.832695597355832 6.13971931538757 5.727545180663439 13.553008192063164 9.616430322423556 8.228524747920734 11.457289480068004 2.563564712021914 11.611878525574781 3.29887397367676 8.769298045625657 3.9797739408598596];
euros_km_B=[3.414412610307021 12.219955727151502 29.80382117772437 15.732401378625813 8.575673780745264 26.441409425587434 7.016673255091954 6.0429531336623405 17.831075219123143 27.710632340820272 29.57916767425401 24.951774910013476 6.212465285630987 13.937038561838294 18.361627877545082 23.75997905374544 26.59890294310481 29.13081275699432 16.179339363586507 23.56251570868367 11.717818717324118 26.243047990254045 27.27868016465575 2.307962532795431 4.814798392049628 4.935408339626042 29.544496194587488 21.407086175491802 21.234710795154893 27.981369715074877 17.764734391919976 6.1772759231526795 26.598512140924477 21.559583405737705 26.864739617432214 27.75618454085945];


nDrivers=30;
max_D=[122 141 163 166 187 200 231 211 199 228 229 168 139 130 208 181 185 240 217 218 126 203 149 182 204 143 128 217 214 214];
        

nServices=37;
S_starting_time=[255 515 249 697 36 599 389 700 377 343 580 402 139 170 399 366 496 640 264 551 538 374 161 264 265 55 708 270 2 86 663 372 552 182 365 62 382];
duration_s_min=[84 61 76 63 114 98 68 115 101 86 72 67 112 95 120 73 112 98 61 88 71 93 70 68 102 82 106 99 101 76 66 105 81 94 71 66 84];
duration_s_km=[51 38 43 32 35 33 40 44 47 59 57 46 44 45 46 39 54 47 40 31 36 58 43 48 55 39 58 41 56 40 58 30 60 32 36 47 34];
num_passangers=[90 64 46 86 52 83 87 97 56 59 71 24 52 74 59 63 99 41 57 21 23 26 48 90 39 40 84 91 63 91 61 30 33 54 95 93 30];
BM=250;
CBM=0.500000;
CEM=0.800000;    