nBuses=18;
max_busses=6;
cap_B=[23 37 27 34 26 25 26 33 23 42 48 42 39 24 49 41 36 43];
euros_min_B=[3 3 1 2 1 1 1 1 2 1 3 3 1 1 2 2 3 1];
euros_km_B=[14 15 30 16 22 29 10 12 20 15 26 18 24 10 30 12 18 28];


nDrivers=10;
max_D=[240 240 240 240 240 240 240 240 240 240];
        

nServices=28;
S_starting_time=[115 729 653 218 134 28 97 132 707 238 204 691 546 427 70 499 816 516 176 705 31 330 511 210 436 476 241 416];
duration_s_min=[89 48 73 70 44 50 60 84 54 77 56 30 35 45 74 40 69 42 44 73 45 71 83 77 73 79 21 90];
duration_s_km=[12 12 17 12 19 16 16 12 20 20 10 14 14 12 10 15 14 20 14 18 13 15 12 18 12 14 10 20];
num_passangers=[29 14 16 15 16 12 32 26 29 14 30 26 28 21 34 22 38 17 33 40 11 13 26 28 17 17 23 18];
BM=30;
CBM=0.500000;
CEM=0.800000;    