nBuses=32;
max_busses=37;
cap_B=[114 119 55 124 63 68 88 68 44 66 63 120 51 75 123 92 128 46 91 108 93 106 101 139 47 28 91 125 83 109 96 136];
euros_min_B=[14.919573965036216 1.9555467575744825 14.970181944912055 14.26212659923134 10.52093367583236 5.321049118874287 4.457214321987311 10.304122002940836 14.761205391604955 13.606154314670897 1.44734301273729 9.015925792548282 3.645476483230044 2.6492096687064293 13.567425999495764 12.301356024987294 5.974475385431519 8.400020357380242 10.628569486839558 13.21421157204335 3.540791013300767 1.2576475542710392 7.5162665174037135 12.2827922167614 1.8932051104216814 10.117864673724302 4.010798933342253 4.776433157532728 4.993678191438498 12.781785471804486 10.598026232834648 2.0386067568156117];
euros_km_B=[10.935697823460488 14.876329837276694 10.95640074676649 22.737235140506897 11.157146209448479 16.016608218937122 29.239769241965643 27.681768976207266 15.825002021530192 2.205536810748843 9.538582828067774 21.46664270685572 14.93290237437348 10.40369848586837 4.032877119331093 15.923954941696365 28.007648375813634 9.172951968412477 18.1384521768177 17.40354473728635 28.288030073433017 23.236066305320524 18.605162692597187 9.874252422213258 24.996301388661088 10.570501517936188 9.596945367549202 1.6655671619368688 10.619380917646334 9.702969443690762 23.57734580685264 3.184095852741565];


nDrivers=34;
max_D=[208 129 191 166 142 168 169 225 232 156 159 155 127 164 239 228 190 200 149 223 145 187 238 214 141 180 174 232 220 123 165 237 172 158];
        

nServices=39;
S_starting_time=[49 334 9 449 225 162 669 534 608 41 487 259 442 211 366 117 591 198 213 111 349 203 628 284 341 169 180 222 716 113 64 324 188 479 91 534 107 183 108];
duration_s_min=[70 68 89 113 117 74 73 61 106 111 118 62 106 77 62 95 93 102 87 120 62 63 71 62 100 96 100 63 107 118 110 113 103 85 82 106 74 103 71];
duration_s_km=[58 55 42 57 57 58 31 35 60 34 35 48 53 43 33 36 56 40 60 37 54 35 48 54 48 38 34 59 39 43 31 52 56 36 54 48 45 46 43];
num_passangers=[63 65 39 86 96 62 83 56 66 29 28 91 99 63 59 31 60 92 98 91 85 40 65 27 32 64 75 20 38 77 51 47 66 28 100 76 39 30 95];
BM=250;
CBM=0.500000;
CEM=0.800000;    