nBuses=46;
max_busses=49;
cap_B=[28 120 40 87 139 23 130 92 88 75 112 128 29 84 29 77 100 63 48 65 41 138 99 22 118 32 137 71 72 71 44 29 138 131 80 138 83 132 22 132 27 124 73 42 119 42];
euros_min_B=[2.7129287609080306 5.5321930211553685 12.303302658461893 2.595252596891576 12.932963268346342 4.466328691968174 12.121959942769337 6.5187325420391184 9.96905604495426 13.900300634625255 7.114687660367499 6.293912645813229 1.9270786771219577 1.4401610764761859 10.05297536722834 6.537159327713703 4.6117202245094 13.812246965740398 2.9257483032506757 13.260919825296378 1.8397807138801905 9.217073713724666 13.408302807461636 8.085332801915524 10.669306221211171 8.53375659402204 13.123951673068778 6.502788595605512 3.3758110100659637 3.971751386080923 9.181873005857371 14.168588038967084 7.034611194729912 10.114181658163055 10.063781922007884 11.256629586469632 3.9698954539327502 13.58397791679801 9.793813722773473 12.225653938844214 6.445428140435357 5.427549083077846 10.265481891720801 4.075358330003648 11.906043206593536 10.03682951535399];
euros_km_B=[13.096703918580978 14.849864190408713 1.5007625926134556 24.38732986246016 13.904906211633216 15.896963240308663 17.38885788139673 2.6512443506748498 5.933735458384212 29.913418100715283 10.296745076821239 12.215998165149468 9.201060181906989 6.619119068678959 28.45318571890917 15.97798614993877 25.3547980761436 9.814557881483802 20.706704127314293 18.477704799728663 12.979227206050776 20.50073262053668 18.531540767061422 9.06932093803497 12.227098895102888 29.664816537194753 29.80912164316813 10.313408194342196 2.808774820060618 17.47156489557581 17.680082519859518 27.355515893389104 24.844206820847614 12.43407734282634 27.526426938070976 26.54201652631335 8.873780984760533 12.574148330236959 1.5005625489351058 23.247132680424112 5.872383919410968 6.392073672700054 15.368682961644158 22.467732531284867 22.755883502782424 23.493997127457767];


nDrivers=50;
max_D=[201 162 224 153 157 194 125 163 155 194 181 157 215 180 151 160 238 220 225 144 122 203 150 135 171 199 182 188 227 202 200 129 227 170 188 220 215 181 228 141 220 223 202 201 200 205 184 204 147 200];
        

nServices=53;
S_starting_time=[372 420 389 172 223 592 273 676 251 262 204 451 97 573 555 13 672 619 593 229 115 250 349 509 145 492 281 4 330 197 413 440 312 253 47 635 259 522 633 232 715 220 243 121 595 6 437 204 266 566 293 571 127];
duration_s_min=[116 90 69 64 112 112 75 61 68 83 89 92 77 92 60 67 94 92 84 106 67 71 82 106 95 106 104 72 87 81 78 114 100 69 75 108 117 111 87 105 75 80 99 64 94 96 86 111 92 71 60 94 60];
duration_s_km=[49 34 43 49 39 30 50 45 40 37 57 51 39 55 42 45 37 42 31 41 34 54 53 54 49 30 48 40 60 30 46 42 34 54 50 38 54 38 55 40 56 55 55 41 57 46 36 38 33 38 44 45 39];
num_passangers=[33 55 48 87 33 42 82 93 48 20 42 73 69 87 23 22 67 64 53 51 77 48 27 26 72 23 98 94 49 62 35 71 29 34 97 96 38 40 55 41 46 32 62 100 38 72 31 93 22 97 55 96 20];
BM=250;
CBM=0.500000;
CEM=0.800000;    