nBuses=15;
max_busses=10;
cap_B=[28 93 77 56 130 38 102 77 137 124 112 93 31 89 80];
euros_min_B=[8.28787530906679 13.22450783285533 8.588038743048882 13.904459422566372 11.186221421940097 4.405957333476859 8.247821862882272 5.718842436691404 1.3627012569075023 7.285855852172045 8.736612564873337 2.943899725203843 10.248883035638519 13.57295254315536 2.330723283850398];
euros_km_B=[13.96266194732008 29.681745297910705 28.68838173888994 25.170852690415142 8.552156218426544 22.110973053295364 9.191282511261404 21.24319949003553 12.869660320387458 3.8122401749873402 9.966510737478186 27.03631351185265 1.3929453511685743 12.511512158017828 25.34778955751401];


nDrivers=14;
max_D=[209 210 136 146 141 208 136 240 134 221 232 221 219 169];
        

nServices=19;
S_starting_time=[430 172 309 402 393 507 611 336 594 714 364 538 184 336 662 562 635 109 706];
duration_s_min=[66 114 67 84 111 90 95 75 92 82 119 83 84 103 118 103 84 89 78];
duration_s_km=[37 37 43 54 32 51 40 58 30 58 35 43 50 32 50 57 59 43 51];
num_passangers=[78 40 42 48 21 39 37 60 64 32 87 64 42 27 54 39 30 70 83];
BM=250;
CBM=0.500000;
CEM=0.800000;    