nBuses=50;
max_busses=46;
cap_B=[44 22 79 110 84 85 113 40 92 84 114 80 95 29 93 32 129 80 107 105 108 55 35 124 61 81 72 86 33 54 123 105 76 90 33 132 44 58 76 99 126 112 127 107 137 91 83 70 115 124];
euros_min_B=[7.759895354263625 10.233517115929445 10.951886371593138 11.452378489790691 11.444286978558091 14.109849753227115 12.30274453720563 9.805373564708052 14.479197441438108 9.523085793677927 7.713164605653036 5.429460705540645 14.83033144188686 10.607417661472311 14.323247859289204 3.178878080219285 6.42479863476633 4.920456195417609 9.035693922013799 12.846606501803414 11.962481774622692 13.512383318584085 11.984911978520419 1.7899865371412929 12.688146070497899 7.498192136582848 8.00173493569987 7.686663389019143 6.590084886718087 7.07682820952474 6.165107088657005 4.25858571004319 13.331193252633735 8.264521281370197 8.646032057094871 9.1601458133367 1.0467621540358527 11.819646495460619 12.029310914863922 14.22247974343997 7.178156997014674 12.874133135583097 5.711612895801857 3.7541129218806866 11.689473563377836 6.715683626763442 13.502086660599005 14.366197219797687 13.024734088493645 1.0244422312767347];
euros_km_B=[23.3663527410691 11.07162645328276 2.0163421469630958 18.66203664159232 18.08331877542662 7.763675778252942 9.033483748174225 28.796611330229194 24.866186959964473 26.48146626762808 2.724364843140103 11.540618124716417 14.999013283980371 8.885538506053333 20.055435304113256 22.86470963692876 27.26523550227496 9.325604378921375 10.721226817316252 14.086826102008274 5.686726498775425 8.394883617883373 5.238532121082407 14.82697327702623 2.602026661355693 7.430096925810293 20.637110878576543 26.934324785243522 24.982266941343468 2.0305310672765087 20.70738957678322 25.016592270231612 15.785684357713198 6.335574153803881 26.593014547329336 20.273781981404134 23.655144699489895 24.218068668145403 23.920838705288457 24.97178424384546 11.953939456849378 29.186475539781803 29.750236993874267 29.16525693386081 23.75710156686399 25.111009500141847 7.902766755817577 9.246217174710743 8.11488943425616 6.4596379805535635];


nDrivers=55;
max_D=[222 135 136 188 226 204 160 149 212 129 188 174 220 232 206 167 150 217 201 135 238 131 238 211 181 124 134 192 202 222 219 154 233 165 182 233 229 183 202 240 162 147 124 163 228 157 201 169 139 141 146 236 195 187 161];
        

nServices=57;
S_starting_time=[121 565 308 9 69 365 655 101 428 365 22 152 189 520 560 585 5 319 60 623 590 390 574 89 109 86 639 344 408 126 15 359 42 247 703 391 316 376 464 693 99 710 92 430 326 655 422 177 306 692 664 553 669 424 91 444 2];
duration_s_min=[81 120 94 96 114 119 102 69 69 100 103 106 110 62 73 95 115 62 80 75 114 79 115 117 114 112 90 113 67 90 86 93 78 118 69 70 74 73 85 99 92 77 100 104 77 83 107 66 82 91 98 108 63 101 78 65 88];
duration_s_km=[47 56 33 31 54 42 56 43 35 43 52 50 52 41 38 60 36 58 59 60 51 32 57 54 35 49 52 39 35 47 36 59 60 39 60 37 60 50 48 36 42 37 57 47 48 56 38 54 41 45 50 38 58 49 46 49 47];
num_passangers=[29 96 54 100 29 27 51 47 91 68 73 69 29 23 63 82 36 58 50 42 35 57 20 78 92 55 53 72 66 20 26 26 38 55 56 77 40 31 71 47 83 20 88 88 95 59 52 34 85 47 97 55 84 29 73 56 68];
BM=250;
CBM=0.500000;
CEM=0.800000;    