nBuses=39;
max_busses=27;
cap_B=[122 33 127 124 126 81 61 45 92 32 66 80 106 95 29 79 119 33 71 110 90 51 37 41 66 64 68 81 136 27 112 125 66 69 100 133 134 109 51];
euros_min_B=[10.128523280651365 6.707742534830082 5.799714751058907 12.494837476314949 13.455419210665603 7.594935938423917 6.695194330678326 10.012642559408555 12.09712835200282 9.662679308028329 1.2430371406292025 8.477988333808334 8.051073946466158 7.21164625866969 11.6180820452953 13.664728135804943 1.2615679866066096 14.587527579024275 13.492438853087576 8.079081494612248 13.786836304288846 8.379289724599936 12.389700552194089 3.866016273213024 7.138244203206817 13.888396773685457 11.858209674237967 9.77369640936577 12.81012389077134 9.363299646056886 1.0235905363994198 8.582231620129782 2.792690143118505 13.363380511642658 7.76153127386366 9.861990284189737 14.321656290568567 7.380993184475042 2.3577541197987744];
euros_km_B=[22.66374134471861 29.97180594522002 22.490704526545596 22.365260352268706 23.97423093350364 4.707563990248703 9.943680971318502 17.093992520296908 10.23778695839001 22.09609719701757 5.61880508248932 20.01661745584504 9.92832950077102 1.89166537671868 12.87305391418312 26.915208932096323 21.823102154145026 14.776285400731647 10.886703647955573 8.614117630457365 4.623258109801262 14.728091957194131 17.514550571288854 5.66911347595436 20.64171000043725 6.921807704942605 4.308275391725941 27.230181752262627 20.459535338364823 19.19934537249847 18.697690054270858 11.787795093807267 23.891691206693004 17.95686394247964 21.253052535205477 10.220554193008418 29.830341642705747 11.94612847775782 19.327960965230996];


nDrivers=36;
max_D=[214 229 223 207 209 166 239 225 187 216 224 207 150 224 135 215 127 161 236 176 185 203 237 238 129 205 196 234 176 196 190 182 175 211 158 233];
        

nServices=42;
S_starting_time=[359 291 313 208 531 614 66 294 34 648 667 132 720 543 183 327 282 278 49 585 12 333 316 644 453 715 114 542 269 568 440 344 7 211 531 45 208 390 374 401 286 492];
duration_s_min=[119 95 78 91 68 74 64 85 77 101 75 80 61 119 112 95 103 94 98 83 107 103 80 75 83 111 111 108 61 92 108 89 117 82 98 82 116 72 118 103 105 108];
duration_s_km=[33 59 48 35 56 49 52 46 54 30 50 37 46 42 59 50 32 40 51 57 59 32 32 58 60 46 54 43 59 40 34 51 32 57 56 42 38 37 48 33 38 39];
num_passangers=[84 98 36 41 73 94 49 50 59 65 50 99 65 37 76 79 30 70 44 47 65 40 46 84 84 46 23 22 57 52 99 25 70 85 49 67 32 31 47 33 22 66];
BM=250;
CBM=0.500000;
CEM=0.800000;    