nBuses=61;
max_busses=53;
cap_B=[28 105 108 136 40 90 135 49 60 44 62 87 123 85 76 39 63 73 21 135 93 66 64 23 75 94 131 24 102 39 22 133 101 119 64 93 109 89 72 80 80 23 40 91 70 64 36 113 40 84 132 90 106 84 109 103 131 83 110 32 90];
euros_min_B=[3.064995453501841 3.1273982195003436 12.922994347653 3.73662016664018 6.080265513393153 6.377320678111336 13.175250363163975 1.8219713818583065 9.868683429454306 1.9805380443103975 9.460193675585407 2.1825427296548607 11.99394298927505 12.24424113192104 6.979141780912219 1.2635329964620055 13.30208952998981 5.813045037490029 6.811340280844353 3.0768113750201564 2.6733287865906457 2.1651971628426088 9.95147270114035 10.014702397029176 1.6347100565369082 8.385330279940554 6.2227253814563035 9.963469950006564 12.969012632938576 9.555084712574306 13.972431655971652 1.37810538156103 12.041337345674354 3.027959307316668 6.9479746721153415 8.463369004421736 14.053753149482391 14.826654285172221 5.371361624395243 9.62923372210646 5.142915515631996 7.934682467207098 13.979073435973833 9.638074812314947 8.102319288661501 5.792705334386364 4.270797665451496 7.030725744343048 8.679535042273143 3.1479586756735323 13.327610630434473 11.827947150859918 5.615292766739266 4.8026018440106455 2.749791021265677 11.49716624412865 4.269911336562219 13.106339807655738 3.0211471622364643 3.961931054016867 4.2599963278845605];
euros_km_B=[17.99738799909567 28.706351476294873 2.9353541488520154 29.910416210371523 21.75374170438034 8.476836827720819 7.6111999195225 17.909536434730843 14.122324291104917 18.606475690665768 16.43693296193765 25.45603485305413 14.700665760725386 1.8859505640698369 24.93387683186936 26.187302679428853 26.996587566783937 29.76159794867529 11.68069215010128 4.493451995652128 8.316471696727406 10.993237258822202 13.266529103679916 8.678621545783784 16.973605521981554 29.742182105437806 18.65963013854802 8.596492999954593 25.85830826364954 16.82387414948291 23.044104699811385 5.5966158092037706 22.195276734446818 27.142191834148218 8.394418134414806 12.014146369130676 21.667175423944038 25.793435800172194 2.62705953024959 20.654417210135716 3.499160577824228 27.23365737923064 4.079254463981664 19.190142400829785 8.251628693522363 29.78168715310606 4.9734952029565775 26.56846343840876 19.50809994849055 14.486470225076042 14.394452822217717 21.936112386071372 12.15744420398977 23.75385000921175 25.61822856440888 18.03694260438333 15.59205559458729 5.081518358813832 9.37440980994983 6.77890365781032 6.630683252207117];


nDrivers=60;
max_D=[170 123 233 216 125 199 153 141 132 218 158 210 216 240 235 141 183 238 131 212 169 186 133 134 184 218 212 237 231 190 167 155 223 226 230 124 163 131 227 149 202 150 186 129 223 129 214 157 200 197 161 234 217 215 209 127 194 215 228 124];
        

nServices=64;
S_starting_time=[450 7 482 195 23 270 687 589 137 402 288 77 686 251 654 457 518 602 223 6 470 505 669 358 395 269 476 631 261 687 487 699 15 459 151 349 339 282 335 609 226 70 134 102 534 270 649 329 42 412 178 390 320 177 282 564 448 573 386 223 393 685 63 424];
duration_s_min=[120 82 101 111 95 87 85 77 66 87 97 90 64 92 104 95 108 77 65 111 103 114 110 70 61 95 66 90 96 98 63 109 87 117 106 91 117 116 103 70 81 88 87 81 75 94 74 98 86 105 114 116 101 73 66 92 92 92 101 66 88 76 80 94];
duration_s_km=[42 56 33 36 41 59 42 35 48 53 43 39 43 37 46 31 34 46 54 58 48 37 32 44 31 56 52 56 37 32 56 56 50 59 47 33 49 46 38 49 32 47 50 54 46 41 47 57 57 52 40 37 39 50 33 58 56 54 52 60 53 35 47 32];
num_passangers=[36 45 45 84 23 28 34 75 88 37 28 99 88 67 73 61 59 72 49 74 36 35 34 64 78 74 89 95 34 80 61 82 53 24 56 27 99 61 60 44 62 92 100 98 67 61 76 34 41 64 56 68 77 25 96 47 95 67 94 38 39 85 68 55];
BM=250;
CBM=0.500000;
CEM=0.800000;    