nBuses=23;
max_busses=19;
cap_B=[88 119 125 135 38 23 124 43 67 78 35 67 31 112 139 67 50 33 52 94 123 80 65];
euros_min_B=[8.720105267820834 13.975258748627857 5.317558079830416 5.833420743202904 5.446083760269117 10.109007867823946 1.3659030067005682 10.59139253645918 6.896808974446728 4.1927957707886465 6.176016523638513 13.854337523483785 6.473456647581865 5.827182749013129 8.693240950554 4.01041063918891 12.512846286730113 6.97992149827345 1.29643648075361 2.0635307786140213 9.773760482648099 2.1832397861649904 1.601012710296248];
euros_km_B=[9.704964942834534 17.36569647956425 24.443735757721967 14.581737474506038 21.588227135389015 14.302890230176503 27.458692710280715 1.171898340426933 7.779312351521253 1.1632708138603605 25.613108904101267 2.43381517500166 5.26229425373565 20.178617518512475 10.206732726554952 27.697692421000504 23.567266921734333 25.475862746203145 24.79629926511145 10.07856713973368 9.030606037689266 9.752651742344968 27.038198904646066];


nDrivers=20;
max_D=[212 142 188 208 189 240 239 223 131 229 171 219 234 181 144 166 151 240 147 128];
        

nServices=25;
S_starting_time=[95 676 93 388 520 592 553 153 103 323 91 227 155 18 450 682 630 311 595 683 717 400 443 112 614];
duration_s_min=[120 70 85 86 90 73 100 104 60 68 69 86 96 111 105 62 81 104 88 102 71 92 85 113 118];
duration_s_km=[38 38 43 43 48 56 58 48 41 41 51 58 39 37 42 57 31 50 40 59 53 42 49 59 31];
num_passangers=[55 100 28 82 59 38 20 95 98 87 54 56 41 53 69 38 36 79 57 48 26 22 68 46 23];
BM=250;
CBM=0.500000;
CEM=0.800000;    