nBuses=29;
max_busses=18;
cap_B=[114 124 29 70 48 111 32 112 93 57 109 70 48 77 100 24 77 130 139 45 122 27 127 123 101 38 49 88 134];
euros_min_B=[10.052072310419502 1.0367760245681665 13.894582580120813 4.476382202007294 13.383534249724867 7.05266497824108 6.196342042839072 11.384447498559528 13.826368781554617 13.008669839176177 4.493038938065974 7.725394292588708 12.27911146955584 8.6110721435041 3.7840827709656337 2.4912866338256645 6.467723303771071 5.483231066630022 7.524615080553218 4.45402526555992 12.558951009318584 1.30029146303357 12.360779181401544 8.297199771855439 12.28467863170788 1.0451521241171517 7.869411028940524 4.660911140914405 9.417361406591555];
euros_km_B=[20.84581985811881 7.830549280424044 22.160581314809747 9.246678811900809 1.5552529252642124 6.890686436028157 19.133060650533555 10.034569459121574 4.351410204156892 1.699050301081619 8.159725420116537 19.11156871926001 9.381407916474469 26.5501953124029 20.749338146829604 6.754977763375287 26.26928447695269 24.288050013428393 10.481601178665523 4.007228808510963 12.197011614885989 10.206010746164225 10.436943907099021 24.332947160901952 19.97200391471278 17.3579344374796 24.19491758053007 12.652144088649253 6.7398912509679425];


nDrivers=30;
max_D=[146 150 132 215 143 235 195 207 230 197 203 208 194 155 223 191 199 156 199 146 210 152 216 128 158 239 206 137 127 174];
        

nServices=32;
S_starting_time=[7 374 33 431 521 677 139 597 473 482 49 430 301 243 666 483 601 155 531 233 196 641 75 429 375 430 331 244 327 431 541 150];
duration_s_min=[91 62 86 82 99 107 109 78 78 68 104 91 69 103 80 66 84 76 101 100 114 60 103 95 113 85 107 85 83 111 90 77];
duration_s_km=[56 33 45 56 51 41 38 44 59 54 46 32 30 47 48 52 34 59 32 49 56 48 50 38 56 40 40 44 57 50 37 44];
num_passangers=[33 72 64 74 97 86 92 83 98 82 95 87 32 83 29 34 36 57 57 90 58 29 74 23 99 23 73 60 36 36 40 76];
BM=250;
CBM=0.500000;
CEM=0.800000;    