nBuses=32;
max_busses=32;
cap_B=[62 30 110 30 69 103 81 131 119 69 48 96 97 35 46 119 22 35 53 98 65 53 136 110 113 99 38 119 86 77 70 113];
euros_min_B=[10.437050606822567 5.217456628378211 8.60799373896634 3.793406800153888 5.167273605042458 12.81555577006264 13.835714259324341 13.621797536289785 10.038549738408864 9.0501321498485 13.925565141429345 3.4314428944362527 6.014928733695483 12.805958474063074 6.084908704818746 2.789154351651465 12.774616018467327 3.0452725779234213 11.952705980594011 14.781751605128681 5.341279563923041 12.824054994436988 4.47292828722068 10.83492497238203 7.04948560178816 2.1529454606903577 4.395433435934613 3.652088543594548 11.236255207753 9.144010406662142 14.576952233254222 12.435517936803038];
euros_km_B=[7.25451597495845 12.821534167707597 27.395715737448313 17.51509516425409 16.860670517451666 20.761610483904168 29.82244271759689 12.682926360550848 23.746366521698185 27.16773732102985 29.340895261998096 20.44717893093079 15.140399389983182 5.94050052987345 10.72344670411439 24.777454711131526 26.96607201873131 12.067594131209056 8.101984538729154 1.6498261015439546 28.739729561513414 12.539366552603251 29.932029908878658 15.017304523609713 29.28047235028589 6.190098147345263 2.39773796721554 24.01512094312013 24.87371230125382 16.989382472903 24.61427347476647 14.205181427598747];


nDrivers=30;
max_D=[200 126 151 143 155 207 162 155 240 238 186 207 173 124 121 142 145 195 231 163 131 154 236 158 212 140 120 219 176 164];
        

nServices=33;
S_starting_time=[484 284 91 401 6 475 433 156 280 376 706 67 605 479 554 226 90 75 564 690 414 156 13 438 89 25 528 451 695 323 19 130 490];
duration_s_min=[62 95 120 111 67 76 65 78 89 72 92 68 103 113 110 104 82 94 116 86 72 117 91 109 76 119 74 79 120 92 65 94 102];
duration_s_km=[58 57 51 56 54 38 47 57 57 33 35 51 48 35 32 45 39 57 45 48 33 38 31 58 58 43 53 42 38 42 56 54 38];
num_passangers=[22 76 98 76 89 34 38 100 81 50 55 59 77 71 27 91 69 97 46 35 40 83 91 64 63 81 33 89 21 68 92 40 35];
BM=250;
CBM=0.500000;
CEM=0.800000;    