nBuses=48;
max_busses=48;
cap_B=[110 42 49 67 68 54 115 53 72 29 32 118 85 104 89 23 34 139 100 56 112 47 87 93 69 46 56 109 107 116 76 114 128 124 124 124 80 139 22 62 106 67 23 29 28 53 136 68];
euros_min_B=[9.658769984076876 7.505393740306257 13.689801860542406 10.840276386535361 10.919811058946923 5.3507153026084975 8.722901234663587 9.329600541264965 7.762439741263312 4.070005162758137 8.334084567486483 4.465454882016015 11.806655277115691 5.7900958222571095 12.765406134582129 5.462990623884902 14.144097706342842 3.723329863589452 10.990016749588255 1.8591728449731226 12.96762430380865 5.246848340148415 6.437476211876001 2.4109111442104676 7.067193462616289 7.294067755743635 14.976941927847587 7.060426012389845 8.023732613173493 13.797676585042574 6.35076924319283 3.7340353485650213 14.84640913670667 13.226860819013684 11.846991392683162 4.315202114024483 7.213343892760083 9.85315461391742 6.627348126110822 9.325812838733949 11.599225720695209 11.193881424362822 14.185563124567668 10.59549840563568 7.318759000036394 10.828625590861908 8.963723836975909 9.966814863215337];
euros_km_B=[15.446947476944938 25.90840887218652 1.965524744653302 15.930999531936461 20.075969921220057 4.502865711855733 1.0351963888669053 26.246318078923135 15.622671260915595 6.326048354379142 7.020215273275671 17.424343207499764 12.97495083145482 3.7196534803222536 1.5118993624544133 25.556399580756192 25.805820065802592 13.59195271872391 3.0792999954754685 8.63267706342533 7.0394575375395085 4.940438768073388 6.899293108705918 4.475210196769263 23.915410546498286 10.067376750007094 10.036969188453577 21.46783227460743 6.065860447261502 27.256438885856188 22.344715306439877 20.639235274138795 23.98001893198263 3.77321406944214 5.0725066374198935 22.32532151730066 27.20980431933106 12.35621522456319 5.689210001819503 24.694549708048353 12.159001337119028 26.589938576691004 2.9614350841321135 19.383091866088588 24.800427443391705 13.981965397623622 28.70073041707148 3.4267680576469797];


nDrivers=53;
max_D=[156 172 169 215 208 174 213 162 215 135 176 160 178 194 157 129 212 225 212 225 121 153 156 124 149 144 133 205 124 183 141 182 130 189 238 121 142 142 204 143 177 120 210 148 212 126 137 204 183 142 225 173 223];
        

nServices=55;
S_starting_time=[454 116 247 394 305 459 291 190 6 163 258 6 587 320 417 682 155 500 278 231 349 142 31 467 565 11 348 614 620 20 107 410 542 658 465 83 257 108 427 273 517 142 276 41 276 327 498 196 469 444 682 17 304 77 474];
duration_s_min=[107 69 115 85 112 114 111 83 62 67 96 72 60 109 99 77 79 77 90 106 114 82 66 90 96 96 61 85 91 118 71 85 89 118 74 79 115 74 104 92 72 85 97 78 120 89 103 97 73 61 78 62 73 74 83];
duration_s_km=[53 48 44 57 35 59 57 43 35 33 43 57 58 54 40 36 30 43 32 50 41 31 47 53 55 56 56 45 51 35 38 47 39 53 57 56 57 30 32 49 57 59 41 36 39 44 54 35 60 52 40 53 36 55 36];
num_passangers=[82 71 66 34 49 31 38 51 84 98 92 40 58 40 99 87 45 90 83 63 27 41 51 31 78 54 28 61 87 68 99 93 29 99 34 35 84 52 49 22 81 22 85 91 67 78 56 68 56 76 66 53 31 30 100];
BM=250;
CBM=0.500000;
CEM=0.800000;    