nBuses=54;
max_busses=46;
cap_B=[134 63 132 77 43 37 93 59 86 49 120 69 60 138 41 34 116 97 126 25 26 32 28 105 66 78 54 45 36 77 49 52 67 96 58 121 54 59 23 110 119 113 30 60 101 65 20 138 38 21 120 63 133 105];
euros_min_B=[4.135447441436279 7.892561109899542 1.3293987749598724 7.266362828119239 10.523677748669902 4.583657359998869 11.610638019135504 7.959312020432789 2.33081381406062 10.138316484993332 4.9957468063507 2.3446454970691666 10.874738290254122 11.120267812827878 1.32425102425445 10.647558561731616 3.103403037611665 2.2164521333487874 12.681039583825468 1.5515448490349708 14.992215982430812 12.358311365528973 10.527402670806053 11.536544529964429 10.900985787597184 11.540214313145418 8.20660943618378 9.75502680758016 5.474781481318855 6.920740529623516 14.741118247520237 7.096379285466917 2.867068884098318 5.733849078749406 12.15389392950098 11.333357097524042 2.3208620260258677 2.733471024261332 8.907707476179842 10.245170899441526 8.197633288891307 10.54928043932539 9.672079308113297 14.120729088255095 13.19508338128381 14.7127163965334 4.48741215318637 2.3107675537111714 3.900377356527742 13.293822739613631 11.306803715190588 9.389930100987831 4.322643591572736 6.084476214061868];
euros_km_B=[18.26438004561205 12.720427751020242 21.933461504248918 5.537712165741271 1.2281274043108188 27.401266635937276 8.534459763087867 11.882179531577133 3.4364116506885374 13.465513239661874 28.566072063572612 16.24740148035498 9.82255599498012 6.799069636802497 15.704754238573747 19.9704938152838 16.977141760343848 17.772682387119115 21.908823950074467 20.16420618707481 28.881383748271578 11.152862653963586 7.586093585308405 13.391373868975819 14.097402257415752 16.25542571090527 9.751356782566061 26.619326858895985 17.305184121427082 26.082625850043968 5.676520979202836 1.5826906997620716 4.556676202617464 24.88592929914351 24.736315221078176 26.924081821923007 14.33414060263836 9.661979584159292 6.403565804625578 12.829754755161092 19.10244201810426 18.83380923633461 26.49338300595617 23.77576139813421 6.851970386136614 3.935827295238701 26.48147767167685 7.299832183976363 14.572077928640033 14.60743038853245 6.7210649132177736 18.359316805426754 19.32847899087389 5.283627215239167];


nDrivers=54;
max_D=[189 222 232 136 240 124 191 125 196 213 140 215 233 217 197 131 212 165 171 128 184 178 239 158 125 230 216 136 215 198 206 164 196 204 170 193 189 135 193 220 237 197 153 155 155 202 190 176 163 233 192 181 221 213];
        

nServices=61;
S_starting_time=[563 425 380 349 574 661 461 549 629 538 485 661 243 19 436 434 715 441 431 436 600 40 479 411 0 6 600 465 431 435 529 19 164 443 494 428 456 68 128 353 608 527 142 514 456 599 528 541 565 96 114 620 239 604 397 562 677 711 704 455 213];
duration_s_min=[101 86 110 116 113 60 113 107 79 113 70 93 68 83 84 74 94 102 105 61 93 109 93 108 83 93 65 86 108 95 108 111 103 88 110 93 114 72 120 87 88 104 61 71 65 71 89 80 89 120 118 98 77 105 82 92 91 119 113 69 98];
duration_s_km=[56 48 48 57 42 54 45 40 41 51 53 59 55 43 42 36 35 33 38 38 49 41 36 33 55 53 35 54 60 30 56 43 55 49 32 52 37 32 59 39 41 44 30 59 56 34 45 51 56 59 43 51 32 39 42 60 45 59 32 46 60];
num_passangers=[51 58 86 95 76 62 56 72 79 30 44 50 87 65 44 42 81 74 53 96 34 94 57 70 98 37 58 30 51 96 79 60 47 47 85 81 42 63 84 74 69 85 82 91 67 85 38 64 74 67 54 48 43 30 53 47 83 51 84 59 23];
BM=250;
CBM=0.500000;
CEM=0.800000;    