nBuses=28;
max_busses=20;
cap_B=[77 73 113 119 84 118 67 125 36 29 123 69 89 121 135 87 89 133 33 42 43 80 25 44 39 47 95 63];
euros_min_B=[13.203707074877274 3.241377882938834 12.014210676121007 9.795428638265191 7.861894013420256 1.451377865315 2.266500087072062 10.145043171067957 11.210766151373972 2.937625383998797 8.84732937261238 2.749646052078565 7.22599366609932 9.48124148468904 9.791113807810609 9.580701989433573 10.573155444964263 10.127113996132373 10.101532416652999 2.2894596469172095 5.1910635297556835 5.5324952589826015 4.126826176021394 3.458992757583559 9.529510936392118 3.5471281306092513 7.832125757122054 9.92550468287439];
euros_km_B=[6.828467651700922 22.0377903342427 27.169374161302144 13.398634724869423 25.478453471192346 27.815602291576496 7.079443729727323 11.972428374244748 24.825787169120535 26.76483470747279 23.620303940785412 21.733356603891014 9.062636250011552 29.528309129921773 24.07288052391232 17.602831508391773 9.07524721962277 11.3706249527042 8.079774186431948 14.561285429615983 7.952334315658113 9.355547952520089 28.407448622204058 19.613807320548627 16.639252425361008 3.616032482581881 1.5378762989529764 5.088542211390106];


nDrivers=33;
max_D=[238 212 131 166 146 141 144 155 201 209 232 224 149 230 220 185 191 134 215 153 158 130 123 180 154 233 237 239 213 176 232 236 175];
        

nServices=35;
S_starting_time=[425 545 130 656 229 707 269 389 166 669 312 584 578 668 13 37 604 34 457 433 81 522 150 546 665 632 92 605 187 95 564 163 511 387 110];
duration_s_min=[84 69 85 86 118 105 119 104 75 116 94 63 72 99 111 76 70 77 77 98 110 109 108 70 114 71 120 94 69 106 91 96 81 93 115];
duration_s_km=[46 57 53 51 42 59 32 60 51 34 50 40 44 32 51 41 40 38 45 60 44 34 42 50 54 50 39 45 49 60 36 59 36 60 46];
num_passangers=[68 47 66 39 70 40 82 23 50 60 75 34 93 33 36 69 98 46 79 62 100 73 99 62 31 100 88 36 23 38 21 44 92 99 76];
BM=250;
CBM=0.500000;
CEM=0.800000;    