nBuses=62;
max_busses=58;
cap_B=[22 20 24 91 96 123 62 91 74 117 75 119 70 107 26 96 116 130 26 24 63 37 114 69 31 84 36 88 55 67 88 83 140 78 20 52 136 72 33 120 123 105 122 31 47 109 73 30 26 96 26 115 135 88 66 121 74 135 127 58 31 124];
euros_min_B=[3.728311620788255 14.718062216436497 4.013514757967441 1.5988733327023434 1.4599156099782853 10.256132498201499 4.219564916708981 8.446623596443573 11.964114985187987 6.359915381845454 10.284334626959993 4.615576112252145 6.676617578877458 14.904644122890367 8.160649921241596 8.059312474448575 4.399367108643922 5.788826077790458 2.7802221078560985 14.627898180965882 13.71248369945136 1.4809476721227965 9.324947566794751 8.980873695617749 5.305792319651211 13.972656056773683 10.922226191310592 9.672670513089091 8.66232378800753 14.773723607646119 3.3685501881618976 12.638261256400781 14.034685639259482 4.213754233690108 8.530839698840648 6.649997149111686 6.41309317068708 5.828878635204161 4.6343173775944955 10.440527886804137 11.614498223479078 5.715655250713818 10.444518718654564 3.6079176205606114 1.4717467988007977 4.553001348236932 12.144367517220967 13.761728587815044 8.655621037483314 13.872809838947207 7.314754268549872 1.183859415202267 8.418307112539477 5.222278742927818 8.422841399048377 4.567166299267219 9.277248897407036 7.825590193366877 9.025000016023395 3.13455231429991 7.324260834205396 5.34702932169666];
euros_km_B=[13.5622697411091 1.902659390036758 28.869516058631845 3.841925041442617 18.473307852671685 21.81347150861989 17.983420634755845 18.488475393706 10.323499940884625 16.50024471693821 1.9392236609369113 28.055183011063335 21.91820690283568 20.64531816163324 25.620208970220606 8.409467523097842 25.085133188921407 17.98452408060492 10.196900811917224 19.119947243777258 27.107994443984264 22.49186674540443 15.383463164637863 25.358356403717153 6.765476554432533 15.671842373923138 17.814613060543177 20.059749374749195 28.302913725871115 10.061470066091683 14.73649190398597 5.403961209793852 4.973145450385783 12.52913343210097 19.03637044082926 16.56677907916055 5.73388759907248 22.320562638222164 19.807806355490087 3.457112553678815 14.260374035863501 11.406389515649598 5.776897045882024 27.48381686863536 15.31657421941899 1.894605246512864 22.32113060225156 10.943700696628513 12.87262380208263 1.0027593883595909 23.853076013423205 20.514114085803293 9.794990363391882 21.4080235370075 6.247970304059493 6.532650458486143 11.54312222567962 19.018628908950678 9.485481878555298 13.414141500334084 28.06548683009634 13.28692997776416];


nDrivers=65;
max_D=[218 158 233 196 148 149 173 148 159 175 139 178 163 193 177 186 147 126 187 223 160 214 155 203 131 162 187 177 228 165 145 227 214 186 205 205 136 214 154 135 183 120 158 232 125 134 199 130 160 174 149 122 230 180 140 124 154 156 227 169 239 238 208 133 129];
        

nServices=69;
S_starting_time=[312 673 378 116 671 711 447 574 424 433 605 286 43 130 540 292 497 720 277 497 266 106 191 300 597 14 26 35 178 416 279 525 188 509 649 30 505 33 437 631 185 404 14 139 347 591 347 430 650 380 104 15 669 405 33 707 220 490 207 290 56 490 122 46 575 552 32 503 178];
duration_s_min=[60 96 83 108 99 102 68 87 110 110 107 91 114 109 84 77 68 105 60 112 104 95 100 83 114 93 83 120 112 95 89 109 89 114 63 83 91 97 63 84 120 74 61 71 81 100 78 92 104 102 97 118 93 92 116 94 83 109 106 108 61 85 110 74 107 95 112 98 69];
duration_s_km=[41 37 55 40 57 45 51 48 56 34 38 54 38 41 58 55 55 57 41 30 32 33 50 41 44 46 46 44 54 38 39 36 56 46 41 38 39 57 59 55 40 57 55 57 43 34 55 44 46 55 33 31 46 39 55 49 32 52 46 44 34 55 55 59 57 53 38 37 59];
num_passangers=[65 37 80 41 100 68 65 47 21 50 25 46 67 35 56 95 69 77 68 59 26 95 67 79 41 52 81 37 94 59 51 52 60 51 54 55 94 41 51 96 58 65 88 25 31 83 77 49 49 93 27 81 87 44 61 59 54 85 69 90 56 89 58 29 43 45 70 44 22];
BM=250;
CBM=0.500000;
CEM=0.800000;    