nBuses=44;
max_busses=47;
cap_B=[96 137 120 74 94 86 52 114 125 40 134 76 104 112 28 119 71 137 52 86 67 52 96 100 119 95 74 95 90 121 25 116 134 126 111 90 57 129 133 77 84 41 52 27];
euros_min_B=[1.8223479404775729 14.235817294061471 11.262467538563543 7.886308348280737 1.0935878342755927 12.213244381245165 11.237407849988063 9.663949641746719 6.007381002723774 14.50601290129449 13.745671202296363 8.37518738880114 7.729253245626834 4.238702668317881 12.355258726265795 13.10244559485131 4.750340207657506 8.55633446540584 5.193459396330596 11.167105053280224 8.063875292051385 11.522023455011665 9.3887571401412 1.875679174485587 8.545517606525774 13.60217833953849 14.278670676381234 11.736299219307188 4.818404764996849 9.774504515317929 3.6455456191252065 3.7622476767326107 10.857719931868719 12.018487544975757 2.205849311773379 1.5360374010854214 10.80821721177523 3.5647732255579716 2.25358466179182 8.273838625400543 10.030744358005311 9.216435146241663 3.1422872196905636 3.4297253117298734];
euros_km_B=[2.863885943803437 28.27942575359785 10.919596827950434 3.058766761451925 27.675147031604286 4.47879563624721 14.364928644519688 11.065037149223066 8.414898018794787 22.53270073075943 15.775427264750158 27.48025073562726 13.082610412624014 8.359650053029364 22.942914431245264 19.25143346805297 13.957866511275972 3.7357585628034937 18.02795404255156 29.563441791723328 16.19566281533453 22.42244878645987 3.6517345406257777 9.537483726712132 26.677575554605845 19.439120884056763 29.183950398190607 23.310751316913247 28.71062540583321 28.757004029469574 1.8678771759462678 21.667501199546233 21.528852638167887 12.69779358638762 14.849971894029387 8.786852206348113 15.665962136083758 5.715320038276155 10.821491604535945 13.412911476540174 16.473209532643764 6.940189617730272 1.2288230866959688 14.853840928324937];


nDrivers=48;
max_D=[213 165 222 162 159 220 237 210 214 149 122 199 120 156 148 153 141 211 132 158 168 132 164 171 215 144 231 122 171 195 157 239 215 170 223 197 227 176 142 160 170 218 231 125 207 226 177 202];
        

nServices=50;
S_starting_time=[444 385 642 6 383 326 494 425 554 279 587 661 514 173 314 357 410 197 127 495 563 368 48 546 21 211 104 196 675 405 429 710 144 547 419 717 643 166 495 118 474 599 497 589 348 321 118 605 163 583];
duration_s_min=[110 117 105 105 107 68 82 63 110 77 83 100 111 93 86 71 105 74 62 90 104 96 68 118 88 100 66 102 79 67 83 78 119 98 73 116 101 67 116 115 75 104 72 105 115 62 71 89 77 111];
duration_s_km=[38 59 50 37 47 52 39 57 57 48 36 55 53 42 36 53 55 40 60 45 52 38 50 43 59 44 32 55 58 32 42 30 52 44 32 41 32 51 48 32 53 30 50 57 58 45 37 39 50 59];
num_passangers=[50 77 21 27 40 68 96 75 50 37 46 56 74 50 34 23 71 99 56 75 37 70 31 34 64 96 49 56 28 83 81 22 22 23 23 52 56 86 66 23 95 81 76 33 87 73 38 69 62 67];
BM=250;
CBM=0.500000;
CEM=0.800000;    