nBuses=32;
max_busses=29;
cap_B=[97 32 31 111 102 108 134 127 103 71 31 79 63 98 86 78 126 132 85 88 66 89 25 91 42 83 118 126 106 50 39 57];
euros_min_B=[11.043242720762946 11.615801568921086 2.430338000117037 6.698819371049086 6.277804799754912 1.9734399254189559 12.265242042910455 4.249121433910206 1.7703032667410308 3.699749836515749 7.296742278287123 6.198104371427169 2.379056227968557 4.080061013774517 2.0590575612646402 8.546167723694724 2.324524830954789 7.811096109603973 8.142021244608092 3.0515894030866573 2.929856067884859 7.200303894816444 7.326378424026986 8.237777526852033 8.739211955067056 1.2932577081828462 9.16094783317781 13.215970343198784 6.573952688250486 14.664610041321614 14.016998571536448 12.882551383832231];
euros_km_B=[18.11354403342617 24.761769978997908 9.289347265636962 15.201822663657646 2.445264372275283 8.102988472135749 1.9653370196026234 29.537949401501457 8.387571832232519 18.10739308343833 19.366172191110596 15.98454403561833 17.64138002753138 29.59835691240288 11.258534678930385 17.661090882736687 20.89439746799371 2.147547757710294 26.307775520289436 16.20869545207369 3.794734393060787 14.032249746107045 22.926679564144326 20.55091997910671 26.9828676874206 9.086484477166977 10.188911459811441 27.501358164056406 1.1491665783151226 22.537896526840772 14.836419580422778 21.065766405334692];


nDrivers=30;
max_D=[185 144 162 231 177 213 180 191 231 180 215 205 232 187 203 228 178 203 214 138 208 153 229 220 220 142 164 230 167 186];
        

nServices=34;
S_starting_time=[692 245 201 86 162 107 316 279 630 468 598 266 4 592 214 248 186 386 6 560 127 598 53 679 412 569 227 696 213 505 307 614 248 489];
duration_s_min=[96 113 107 67 80 80 60 100 65 88 110 97 87 71 74 102 106 60 116 75 108 96 120 68 78 82 86 93 77 71 91 94 84 119];
duration_s_km=[38 32 58 43 39 41 34 44 33 54 58 52 35 38 51 30 41 60 52 56 60 48 59 43 33 59 59 51 46 43 43 36 38 59];
num_passangers=[25 85 39 80 55 87 42 23 69 26 40 49 89 54 53 43 43 53 97 91 29 35 28 26 83 20 44 90 61 72 83 37 86 55];
BM=250;
CBM=0.500000;
CEM=0.800000;    