nBuses=21;
max_busses=20;
cap_B=[77 66 125 111 132 63 130 28 37 122 126 96 44 27 135 44 102 54 125 75 81];
euros_min_B=[6.62299066809817 14.744560369843946 1.0699428673506035 12.838776898860196 14.592601629275467 8.190867627798974 13.064952502673753 3.524583931090806 5.9130526662924545 5.188130023039301 12.12634709299773 8.696140358313627 13.055794036473312 4.961533724097458 1.0821503978703177 13.212887960972779 4.809838616020793 13.336342387833563 11.61903807070534 13.489389128237958 10.506023216721012];
euros_km_B=[7.399130298306925 23.434851153152962 20.234229608433548 1.7161158558193799 3.85813937726029 25.61326492284026 5.7840166358105325 13.073034852319983 14.568507772718002 6.8266840212512685 15.70498904093244 12.028316327551565 17.153670180184587 25.500011726672767 3.1356952235789435 20.31200013127964 14.524193453992845 7.39544332251925 28.944754323373107 13.28767195282118 10.546486097463479];


nDrivers=25;
max_D=[160 191 182 182 140 206 208 161 226 195 237 197 148 222 173 164 165 228 163 222 205 154 173 129 230];
        

nServices=26;
S_starting_time=[433 359 149 338 574 399 609 612 323 270 337 685 93 661 720 294 651 623 676 344 45 168 393 387 259 698];
duration_s_min=[106 64 88 109 87 89 93 64 90 116 90 70 69 73 73 89 108 106 60 120 66 100 98 67 82 63];
duration_s_km=[36 41 36 36 46 41 51 57 51 57 36 53 37 44 34 30 53 57 34 48 51 50 46 42 50 37];
num_passangers=[23 67 26 79 87 37 46 78 75 92 79 79 58 72 55 41 22 32 96 26 80 58 67 69 70 46];
BM=250;
CBM=0.500000;
CEM=0.800000;    