nBuses=60;
max_busses=62;
cap_B=[70 131 119 25 74 58 118 127 80 52 29 83 56 136 48 76 83 32 129 135 130 21 108 65 44 129 132 84 133 40 138 78 26 51 87 24 98 31 118 122 117 108 84 93 81 99 28 133 127 54 22 36 54 64 88 123 70 78 82 53];
euros_min_B=[5.035917450563263 3.143592697598198 10.85707253726139 11.721128432058087 14.51428910253163 3.381508685428189 2.205565887270554 2.4486438259610477 5.592800990619415 6.102683548763749 11.28753556700217 2.5414087128028795 4.049891156829631 14.278421298092097 4.464950044002912 14.57117796272712 8.030934993217587 7.322355930050211 11.854863999526474 13.067512183367143 14.47208333429315 6.063776904033801 14.588489091951043 13.059970182261948 6.658222778746391 1.8562065393789726 7.6526056000537785 3.139189656808993 3.4008660667421444 3.013491417745921 5.201113833859805 11.299108714772201 11.427266427036082 12.739657152803687 4.904184820911421 7.255174206436754 6.655578890884932 2.707689274749723 9.370287779932587 4.687360420060861 7.531225370337239 5.1428643329933195 1.7534429938616454 4.455674208950657 8.186104586139368 12.66252529520003 13.8162882518445 10.005446286947915 3.1544011527329134 3.7256891588080947 14.631198598068194 1.8887714800340074 11.30957930792516 12.353723477746538 3.137165500022088 1.9692203954017755 6.564104919729826 13.58309858676402 4.378851816252085 6.571834122726188];
euros_km_B=[9.699532837321936 24.12871649237099 20.363862124965316 8.805375366555651 5.721854153432686 15.52225688124065 11.197179211619018 6.367177741463574 23.68412239176587 6.585865838737834 26.85174220821922 3.335504257374907 6.711771884373193 12.128391743481542 29.37273455662254 17.84866192842912 11.157313394559084 22.465719016971338 11.460862120978877 2.9047643473524087 19.84337247871037 12.411931750904499 11.427366555744593 18.895591728457067 1.0989641384386222 11.425535946663127 23.916916363140267 17.69595172877379 6.64622352530195 22.788167006779112 25.556245642924697 23.751993267838312 19.59536707304236 2.206365167659577 29.988087844326643 27.52497565534453 23.59658042366173 24.021394441343638 6.684577595842333 9.391043526450744 16.32581273131193 22.70574572093404 6.816322291896133 19.52733704129727 14.380426904348937 9.424506076460704 8.176618894016102 14.397556329060558 2.865866247352126 20.59031661742477 14.276714362719328 7.3700819883176925 12.582506066886099 23.091481703089766 2.5818925974949725 21.491540545025202 2.194311923297038 26.603815237097052 10.470077039902813 7.547031339649052];


nDrivers=59;
max_D=[239 208 237 127 185 185 122 155 209 136 178 199 220 144 122 152 188 223 197 185 204 135 206 221 169 217 142 213 234 179 178 167 186 182 131 155 128 191 225 222 146 181 196 159 240 173 207 222 123 178 237 123 187 200 223 168 207 219 163];
        

nServices=66;
S_starting_time=[224 482 37 563 27 394 482 83 275 354 284 561 629 541 304 41 189 378 669 351 719 486 120 621 435 400 283 386 673 720 211 154 563 509 239 315 610 70 27 36 331 707 199 574 126 82 712 164 298 265 704 217 128 220 613 175 540 414 612 34 222 206 456 683 33 412];
duration_s_min=[83 90 63 61 107 64 81 84 118 90 87 114 116 112 105 74 76 90 84 108 109 111 106 90 104 83 80 111 103 118 99 61 97 83 73 118 62 92 110 119 109 89 77 61 82 106 94 120 104 81 92 79 64 63 67 102 106 107 111 99 112 119 96 77 64 80];
duration_s_km=[57 42 44 37 33 36 40 37 57 55 50 35 51 57 45 31 44 35 37 55 35 54 32 44 31 37 53 51 31 33 31 51 59 47 50 60 43 52 48 50 51 51 33 52 60 32 41 31 43 50 57 36 39 50 48 34 36 54 33 60 34 46 34 48 33 50];
num_passangers=[82 96 77 55 55 39 28 39 87 98 94 99 69 56 55 57 36 40 84 98 55 99 62 20 95 96 41 78 61 78 75 95 21 47 51 82 84 71 41 38 59 92 26 76 87 89 64 67 21 73 52 83 80 98 50 44 64 53 54 76 25 82 65 99 70 83];
BM=250;
CBM=0.500000;
CEM=0.800000;    