nBuses=63;
max_busses=57;
cap_B=[128 126 107 97 115 101 81 136 25 42 126 133 78 49 128 115 97 86 82 123 117 74 31 111 56 64 104 121 121 91 83 124 56 128 49 44 107 61 124 52 44 55 65 51 98 20 76 27 76 59 75 95 126 88 78 106 94 125 113 92 51 22 55];
euros_min_B=[8.100201826472468 8.000156580293782 13.775824539193355 9.382845062782474 11.222057038882433 9.034445135078286 3.144081410551869 7.461578737315724 12.941484677208848 9.045312975246336 10.503295165357061 10.552473613984949 8.45391296074268 5.072472877749689 12.78579880456714 7.618316591401826 12.72053175052164 7.13445343585124 2.109946202844659 6.325189114088611 2.6714186427342588 9.848165550004968 11.361461657165874 13.542548254021671 6.712264681061556 3.857727590736468 6.639208915644095 11.379606470627238 14.79117299851042 1.5813304430060164 4.073777014616266 7.956017191642321 14.509646211017786 14.820671611361053 3.6303351374979984 6.446984303040274 11.495648267741036 11.866011837518307 1.827048275647171 4.185811679254604 12.39030371650787 12.591961330141682 1.7999265491732004 3.1766440812280425 11.62183651175006 8.364392321866207 1.585356026662485 12.570242759526261 4.119640694363769 6.7288807768290635 5.5915911966327725 3.033628780550582 5.998944885825405 4.624471910710935 12.27481422204137 3.3194829624928697 10.929735414678074 12.278181327033973 10.554112445775642 9.420900373413549 11.018685460438142 14.258070476471733 12.350049323488408];
euros_km_B=[21.858645582363295 6.793854491972607 14.860359357849887 2.2262743187870933 26.563305237845185 7.811820801500921 7.866216053556409 10.983390901429726 12.60301173817801 13.657046114659693 10.177885090655703 28.808933810581546 1.5223082210212113 3.7710691044802487 3.7780458463643076 29.3981510887159 25.100704119670656 14.490595296589541 4.92838744053429 14.615694373079162 15.956237251799086 2.0725715045344413 21.712303805897943 7.888058955147691 23.211897286849883 27.191056579728322 4.162348881917074 6.791214382706254 28.891593022560677 5.69540637374992 27.256667803894874 26.96025515182175 28.478212561792258 28.09421464372928 21.42022607990419 24.299892076797317 11.01194692534558 8.456519374823586 3.424053113039767 25.112231775728343 21.082591366724806 10.50766228328266 29.293884442212853 3.9644453451326953 19.7110928204838 29.164939574048926 19.58403228160038 9.939714039752381 24.913809732255626 23.182777573161097 19.838770838534955 29.3576974186322 29.998250533107104 8.688157371757551 17.372566383555917 18.94872109307061 8.97521157176423 16.907212010306488 22.01979599461806 21.097637788307626 15.799779418745791 13.362747139705144 16.547117757200304];


nDrivers=60;
max_D=[140 173 207 182 158 154 137 149 236 138 211 180 209 182 200 123 211 185 133 184 234 239 122 121 144 136 185 172 148 216 203 125 156 223 193 201 147 208 164 198 177 148 167 180 157 157 189 146 239 135 200 138 138 158 171 213 137 158 129 186];
        

nServices=64;
S_starting_time=[680 90 102 84 168 409 647 68 276 651 538 23 653 566 709 467 493 417 119 512 572 634 540 563 530 351 679 48 91 619 320 551 147 499 314 372 93 72 476 71 357 217 501 500 172 296 261 652 157 353 245 26 50 179 18 21 168 165 86 182 246 20 65 423];
duration_s_min=[107 112 110 97 65 77 99 73 88 79 112 75 117 95 75 113 90 69 90 84 84 98 71 85 69 64 62 82 92 74 64 74 75 104 114 90 111 111 87 87 71 108 119 80 109 106 65 76 94 99 60 102 91 82 88 98 97 69 93 112 72 75 99 71];
duration_s_km=[43 35 49 54 45 53 53 48 35 50 31 55 46 57 33 55 47 33 38 38 40 59 53 49 52 52 35 31 58 42 30 33 58 49 40 47 43 42 30 50 47 48 55 46 59 49 50 43 44 52 32 58 33 32 40 49 51 46 37 54 50 58 45 59];
num_passangers=[53 30 55 54 22 34 37 63 57 83 22 83 34 37 43 94 61 96 72 97 91 100 55 41 89 66 22 56 69 82 49 59 25 46 56 31 82 40 54 47 53 66 83 25 62 31 49 67 46 96 51 49 33 35 85 89 95 52 45 100 83 96 91 80];
BM=250;
CBM=0.500000;
CEM=0.800000;    