nBuses=43;
max_busses=35;
cap_B=[90 117 120 110 78 61 78 120 73 76 126 43 134 119 95 103 129 84 64 85 54 70 59 88 93 51 136 67 89 102 109 63 55 96 81 107 102 54 128 115 129 52 59];
euros_min_B=[12.264573756971439 8.995191863899487 2.3464674569509967 12.649507955177564 5.305479964445346 13.490816148031683 8.382760590797666 2.5556490673750796 13.0161590963913 9.701854341873693 14.5524975408558 2.0026298137389658 6.551692332284508 14.461911685400864 13.492894308021553 8.733448154192947 8.806205732852725 11.253703985486668 5.5210743578602015 13.544469035092321 1.3352372933630696 12.019383784113652 3.2660983514231052 13.74383406090464 4.709157990576072 11.66569269744494 12.000001630452342 14.93397117076792 6.788910879784932 2.154845064072188 9.514539904459319 10.546978646788602 6.672984605971866 6.842154791351647 6.893835127148295 12.681525322681793 1.6118668739358182 6.416046340677484 6.9169288137888945 5.931241795517006 3.4805679392650255 11.535046110449152 6.272863026489156];
euros_km_B=[16.067734317876052 12.160789987948116 28.74513171298805 20.692729572784046 2.454112607022887 27.58229847578683 3.855551619596055 25.664036102134197 3.0890628372116318 24.928368760430573 11.472789860336325 7.098942950886556 24.714211989995004 7.922436060645181 23.93671645862714 10.173103436668486 25.61155333233928 16.808943708771594 13.70854967490355 2.0174556806674646 16.847493149898067 25.464397294767647 21.19137929267745 15.01094322244123 2.7375702781774756 3.1994532540917717 8.143489140345418 6.632955553730996 8.149725211494523 23.517454653103048 29.28755420698275 16.01105452030712 3.617036199598833 8.581682249584375 19.83921411188945 26.741155489426156 9.783948329752263 8.270353284380882 18.61978445143439 26.018198928091948 1.8054405566066198 18.89434983399137 27.77665904790965];


nDrivers=40;
max_D=[162 182 135 143 208 226 216 120 197 215 204 227 161 171 207 173 218 204 206 193 203 236 165 186 148 193 200 199 162 238 144 180 240 137 146 136 139 165 223 184];
        

nServices=44;
S_starting_time=[196 362 613 685 441 281 38 428 436 295 4 703 332 5 6 213 589 55 84 531 149 393 138 522 54 79 684 89 340 607 233 100 406 179 516 573 680 260 528 526 401 232 301 560];
duration_s_min=[102 73 99 95 92 60 85 99 91 96 89 97 99 72 107 61 114 110 60 119 102 91 91 76 120 119 79 82 71 76 94 119 84 78 116 115 70 63 70 114 86 85 64 92];
duration_s_km=[32 39 41 55 34 38 60 35 32 36 47 60 58 30 40 47 35 36 34 40 37 53 41 53 33 32 48 60 38 50 46 49 33 48 59 45 45 33 51 60 32 33 30 51];
num_passangers=[71 25 69 23 34 21 28 52 58 58 60 72 76 87 85 47 75 78 54 77 59 80 38 46 94 86 96 30 60 67 48 59 22 30 89 46 49 74 91 92 82 41 93 46];
BM=250;
CBM=0.500000;
CEM=0.800000;    