nBuses=49;
max_busses=48;
cap_B=[23 21 120 59 54 86 105 84 88 131 135 56 54 100 96 46 80 60 87 72 74 77 63 61 88 81 20 40 133 50 57 32 42 72 118 30 106 38 94 137 71 64 27 79 105 23 81 92 67];
euros_min_B=[13.845071903348021 12.288054287987515 8.475870833240695 14.885081027547482 7.3396985797616985 5.025347245791044 12.52306978355249 11.824800964723579 14.275515150672884 3.1791683334533003 3.4392012619492736 1.412390018568932 4.329009905512041 4.775324901961454 7.17592394764326 7.652527741803422 13.196560599663478 3.100850523557779 10.598496732188277 14.957806381956958 8.929419233147932 6.702704860100664 14.379900623899843 12.903674149673312 9.44968719183126 13.131775298711865 2.593099261389401 1.4972581485018872 13.603560743884445 1.544633887408696 14.007377384450086 6.011210215919692 11.313247777808352 3.641513764027891 9.697496969815695 11.229877935229556 9.98613637114778 12.193171172977491 2.1092730342346027 1.1943199138658012 4.265050774868177 5.925576670683198 11.773576922189477 5.306016568290818 12.026388371291223 14.401673141094838 1.9191148754709515 7.989386905072 14.397210839713393];
euros_km_B=[2.669339057671634 3.9346747414658907 12.112780850880998 26.69513883618035 1.0347873385769262 20.005785108342124 5.414042481616054 26.818029386027984 1.2004313730913285 7.624570252993456 3.819456792835238 7.84642979616286 15.931117302995505 21.324080766055108 22.970085083181868 14.610030684415328 20.858866754813526 14.52448470963114 26.913299365832287 15.204452763727346 27.649959549071145 11.293543100150996 1.0717725191292589 12.078553180013627 15.261639802186641 24.51219618153916 16.346788697261925 23.04041754771571 21.28527634733056 12.310141207560537 25.12423368760296 23.230655680096195 23.81311105039246 5.902616124599332 8.47882181872292 11.102256080826255 14.232860448468225 10.221500993278548 29.057921095336553 6.429830641929149 3.90111325461348 7.578573021086586 23.14631188035954 27.739887410588576 17.555541494222645 20.21912345548707 11.519586947178615 3.7119982516696943 20.677474891129375];


nDrivers=49;
max_D=[197 153 140 155 164 171 196 195 234 153 171 195 187 129 201 165 210 122 178 233 209 150 137 144 199 211 199 137 183 150 135 151 208 144 185 123 238 137 218 200 173 141 205 161 205 167 201 169 125];
        

nServices=52;
S_starting_time=[537 493 105 386 228 431 210 333 329 706 107 591 634 635 693 616 56 144 656 330 667 200 145 547 479 440 273 586 652 195 638 354 546 296 284 337 219 707 61 633 704 238 658 289 405 443 144 703 579 278 80 93];
duration_s_min=[85 117 101 79 119 93 63 92 93 79 70 81 81 117 69 64 99 95 69 79 112 78 113 75 65 92 107 119 112 72 97 85 105 80 93 72 119 118 76 68 69 89 99 96 105 118 70 94 72 62 106 77];
duration_s_km=[42 59 48 46 49 32 31 47 45 49 36 55 33 46 52 30 53 43 52 31 53 60 34 54 50 40 59 43 48 59 51 56 36 32 53 47 55 60 37 38 49 60 44 40 34 55 37 43 33 56 44 43];
num_passangers=[84 61 66 69 99 56 70 85 21 45 37 44 25 66 93 85 53 26 81 79 61 84 76 28 90 43 80 44 78 29 79 32 53 82 24 34 44 48 82 70 72 70 56 37 91 35 80 68 34 43 74 91];
BM=250;
CBM=0.500000;
CEM=0.800000;    