nBuses=46;
max_busses=39;
cap_B=[25 140 33 45 58 56 88 48 113 28 78 63 70 91 137 45 70 117 57 128 60 84 83 75 24 81 103 128 73 43 131 137 122 124 121 104 21 39 91 32 103 72 140 91 94 102];
euros_min_B=[9.966633133774604 9.956363352072893 4.505232779438302 9.03642390953642 10.97266361860484 7.86545972706554 14.297234938729272 13.874048552606354 13.908258613497381 6.2276648595167226 2.952225980991538 10.550243600587402 3.782089053118543 5.964011842298911 14.414653333907506 9.839022955535947 3.4029508155236923 12.385515021450345 14.274399072330942 4.739398181120937 6.721163084715555 13.035500739910836 11.001023101905343 7.398376132841248 11.53093493972223 14.653380017137124 4.650802013588368 3.7697227614248066 5.522913871598705 1.462206257396499 7.73053699495489 7.366984351662375 12.610472208673247 2.492714700369028 10.624645192996693 1.9878700448055797 4.712832684590425 2.0868969215873614 4.050775979465708 9.53239005995223 7.659749728463206 5.093141481142042 7.696363741922892 12.698489782462477 6.1571513818524215 6.518868562812525];
euros_km_B=[21.907197186241252 16.428207330577802 3.3361512481250837 16.077863231500487 3.5146717902973874 1.220971215612598 1.0934893119219076 7.520936510031611 20.20622285276989 9.108461993737652 17.723236833861066 20.05478089063996 17.488735265106794 10.029000511398714 26.688785957147253 22.624026887264357 15.755961855848623 25.180041063433453 10.199662050011781 24.26233194367442 5.401997928361191 9.17547659686899 4.330499597825932 19.82615261516771 17.01272926589377 19.180493389156627 24.311382485712485 25.864114003760964 2.4438857826153098 2.304542127191932 27.11523339718566 1.5838863884934615 4.463284300708414 5.828685845222968 11.11087707108263 10.747803895692797 3.3644143845562007 23.182404865330426 23.048492265478107 11.703306323376838 3.0796319962381 29.862800792898792 23.7510285433541 1.3266006836806472 14.988066934588383 13.432552382051679];


nDrivers=46;
max_D=[130 128 204 201 216 189 213 207 157 186 189 134 193 151 200 222 178 239 140 153 186 192 144 129 155 150 227 238 128 127 154 214 157 220 156 131 236 194 179 222 121 150 213 154 124 215];
        

nServices=47;
S_starting_time=[436 540 327 161 120 713 297 578 6 110 273 479 397 707 664 228 75 680 5 48 520 481 182 683 541 333 470 189 497 232 186 97 604 575 516 686 140 654 330 265 710 491 616 360 224 227 401];
duration_s_min=[74 71 90 119 88 82 63 98 113 65 67 90 66 63 120 108 96 60 117 103 97 85 107 66 120 72 109 120 79 80 106 62 113 64 91 74 79 106 118 119 116 87 103 87 87 111 77];
duration_s_km=[49 50 53 43 58 57 37 56 59 37 31 39 43 49 38 36 47 42 59 51 36 60 48 38 48 44 43 57 34 58 58 44 57 53 38 31 48 49 40 48 39 54 52 48 54 41 36];
num_passangers=[73 72 40 58 86 25 86 66 67 70 59 71 85 83 89 92 63 83 38 52 86 72 35 93 45 51 67 50 82 95 88 28 67 44 87 68 35 62 78 24 32 91 53 33 61 64 49];
BM=250;
CBM=0.500000;
CEM=0.800000;    