nBuses=65;
max_busses=63;
cap_B=[93 102 39 75 30 34 121 140 84 126 90 67 25 103 42 102 49 111 22 24 22 53 71 22 120 39 93 98 101 63 116 34 57 124 94 52 113 88 102 21 35 77 47 73 114 97 50 119 93 100 61 132 85 36 43 90 27 100 55 28 26 27 40 68 48];
euros_min_B=[2.3116465513532507 14.448750312283444 4.536343654411058 10.461422590151008 4.402576322052994 10.11141462347591 3.6800109442385 2.0477434136900974 8.89354497158206 14.571877786616037 11.761133296470689 10.169941166789148 10.45855216828651 13.48336885502687 5.943291413225556 5.67115771587307 7.856698425795383 3.5707511681954376 1.7899148792664585 12.036454576504566 6.377652695581641 1.3136696055882502 11.984573542495792 5.149877102740298 1.4062364052167167 5.266980178354357 7.311616281852886 4.067860719537706 5.4066657838891645 12.601195977825597 7.2041116631238955 10.184037254636063 10.106405402372694 12.802077576384642 10.631556095543848 3.217552499414867 14.484918384175348 2.4950993432365594 4.968208293582709 2.761266682631881 10.338587412356658 9.008270348601158 1.9911389232946515 13.004246484229233 8.73496636318645 3.222857694330475 14.071851410068861 7.796246923407403 14.999241762362828 9.561083945119528 2.8743194176575546 2.074969494672314 7.562980368683295 6.92227583601845 10.768427718334246 8.314269043942401 14.429008931897704 4.298100290519799 1.0391555254874858 5.222308512125259 8.02853870086354 13.342984793238903 8.384939685515404 3.766700251739503 2.8767829447854];
euros_km_B=[9.143811892193854 28.545151157293073 18.556946160250916 21.10102956298628 23.113916623651747 12.165060804856566 19.357471750132458 10.907194357690898 21.255360439965116 28.940581581143388 27.37816927183921 17.93160870144882 14.178027626852534 25.55180428165411 15.482199709788834 25.493118486557446 3.12702932182441 3.5750778969029966 22.22953674601212 5.833207911766219 1.0330370898387393 18.492137826195577 26.95670343169548 7.414708805528015 7.504695576924011 29.686204181446318 17.949327925920933 5.4348397336775625 21.736428463084444 1.5773161445986745 22.21298793965732 29.359372652407593 10.899315323793163 12.247176366095147 8.133113897572029 16.829255501483 21.71971497586326 23.27154827268241 4.9800044706590025 24.11307170909231 13.460794854464623 8.966683137330847 18.888953692934905 12.806945220800216 21.162317635001415 20.82471826908253 13.20388951387442 11.753403373088183 26.70380813354698 17.667254776889763 21.4496860489509 10.952372668265953 28.781920983494995 6.1684177129371145 13.909377784335758 24.149703308897436 22.373456569434328 12.733500183883475 4.109971803131865 17.873713485245318 1.8619291013786374 14.37629321484985 17.17183479864239 28.427759675359813 26.488797029376286];


nDrivers=60;
max_D=[155 223 220 195 178 179 146 224 200 127 195 126 228 204 232 228 164 156 163 163 180 140 203 178 132 176 218 233 234 188 205 173 121 126 126 187 215 217 141 120 169 155 195 196 220 213 205 130 148 222 209 151 174 131 210 207 180 144 139 172];
        

nServices=66;
S_starting_time=[698 646 292 69 39 448 381 0 472 306 535 449 337 327 250 151 322 318 688 201 298 640 354 442 310 330 669 15 699 275 97 130 556 678 538 571 694 79 560 399 681 78 676 28 636 535 258 244 597 533 74 250 602 292 142 158 695 225 189 455 624 699 508 628 513 714];
duration_s_min=[81 99 93 62 99 95 67 61 74 88 111 84 115 109 84 91 97 77 118 108 88 74 95 75 60 80 100 78 60 66 68 78 119 85 101 77 111 115 74 67 94 79 106 115 117 92 87 67 67 78 62 70 113 63 68 66 95 115 95 81 119 63 79 101 94 64];
duration_s_km=[46 34 45 31 36 57 34 53 34 58 58 50 34 59 46 34 49 59 33 50 46 57 43 43 44 30 45 60 32 49 33 31 42 34 43 57 51 43 45 49 54 36 49 44 30 40 35 37 40 47 38 38 34 54 35 54 50 44 45 48 33 49 42 60 35 42];
num_passangers=[62 72 37 88 40 26 45 51 73 66 34 23 58 41 48 62 82 21 84 26 97 96 72 84 34 72 20 23 94 89 86 79 70 94 57 90 23 97 73 96 35 83 63 84 22 63 71 77 68 89 71 33 64 74 25 88 100 73 48 63 47 82 85 69 63 94];
BM=250;
CBM=0.500000;
CEM=0.800000;    