nBuses=45;
max_busses=34;
cap_B=[119 139 138 31 136 22 35 27 104 79 42 54 42 66 115 58 57 101 51 97 33 57 97 81 114 38 76 97 32 70 45 73 28 57 116 121 85 108 103 28 136 120 122 49 90];
euros_min_B=[4.248251851283276 12.7358591340959 9.510726812505881 1.570206518006279 3.3434821893413442 1.9046313945913362 4.115823105092337 13.983791625046274 13.815608101397773 14.375774649321723 8.484910742785143 5.657835807547269 5.206026667396389 2.0610772587209922 11.264078830112267 11.004312494123681 2.1365938648697127 13.758550156691678 5.344665063030275 10.374381448636349 14.969814018727876 7.14948391416635 12.665038515675608 6.241801401660378 11.409844414098318 1.4553041745008406 11.368395513302385 14.186131048787347 2.760733059904159 11.320233212748278 1.464625312293066 5.991195811846253 3.951479815161466 10.20525547604711 5.401171531745175 3.847370408705782 13.884139538494038 4.090045741335398 4.26736414193533 2.292871505456361 13.483241963329558 1.7370714104392793 6.462095224006302 13.665305494325905 5.451312751909337];
euros_km_B=[5.296061501748686 8.41501998761721 28.13945883295462 16.23971068969413 9.726264904652965 22.016802531007123 5.779370842153042 6.215652520493168 21.994536046492094 1.707835783443702 23.90645926653569 9.192857919015685 7.765461768197468 28.510124196920568 12.800424581410503 27.794326287513428 13.801532287664266 8.20044730345797 13.695297757618928 24.729407685326777 5.845544137483039 1.4376554750015287 9.219410422803671 13.463944533504213 14.48177567155743 19.784407356993672 4.973566723046738 9.258007359534622 6.891826501343374 21.848334139627312 25.29040994727525 25.515253471276065 29.250065916814936 16.670784102729087 21.718646611430454 16.38830786437083 2.902511799342482 19.14271780044734 15.102478932002722 13.910006383217912 6.250140215216489 26.624274344181455 4.533811909198735 2.1074298995749174 13.31007498810078];


nDrivers=45;
max_D=[225 143 164 216 172 234 171 136 221 168 225 132 233 163 166 124 164 228 189 229 176 204 216 233 137 210 160 234 132 219 213 143 176 171 146 199 160 173 123 208 162 231 151 179 169];
        

nServices=49;
S_starting_time=[132 584 639 111 194 53 357 255 71 363 93 635 698 46 690 100 578 718 367 608 364 656 515 27 457 407 311 595 638 107 339 525 233 334 607 703 335 197 462 481 64 379 24 111 534 437 701 398 224];
duration_s_min=[107 96 81 79 120 62 113 83 104 110 67 117 75 106 105 74 115 70 112 83 72 103 98 70 92 100 92 60 73 71 60 104 71 107 79 93 72 85 74 114 74 85 94 77 118 96 94 116 92];
duration_s_km=[42 43 30 37 31 54 48 30 37 46 37 46 33 48 46 47 51 49 47 50 44 50 59 41 56 60 45 54 34 33 35 42 36 57 44 57 37 59 52 39 41 43 38 32 58 40 43 44 32];
num_passangers=[66 45 49 77 51 72 61 56 77 23 23 67 77 92 26 92 31 87 22 46 52 83 55 31 34 84 37 96 70 100 37 37 59 26 32 92 30 52 55 94 51 84 23 24 40 33 77 44 38];
BM=250;
CBM=0.500000;
CEM=0.800000;    