nBuses=58;
max_busses=62;
cap_B=[118 47 131 58 121 23 131 78 39 90 40 51 68 133 57 21 36 89 133 59 109 83 133 134 39 35 24 130 42 62 43 122 121 43 63 111 107 31 57 114 98 28 68 136 137 84 29 92 96 74 35 29 33 44 36 123 117 83];
euros_min_B=[6.858298558435523 5.052670400695886 4.7179824046308525 9.465316571505792 7.643686690751226 3.9527911428576115 12.115387663994378 10.70211493492599 9.036190997950508 4.408143343524821 6.2891049891282504 3.8436712845996865 5.12736989349515 6.038747841045205 6.093804407671352 10.843450397389535 9.504299240991244 13.823916648628778 9.998802843239861 4.915946873879815 8.570644798068173 14.799634041594224 6.459269558174932 2.5545358647852967 14.22208472459952 2.5633316607708196 9.647889161316247 11.573730566486883 5.446697744301144 11.054974513976049 6.050207153751319 11.523186839430265 9.079880134499113 7.296912939547873 7.161071666619247 3.1556598359806163 2.170086376801617 3.4542312784237836 1.2287789726831113 13.025985972654631 13.432000626375023 13.611394600796283 10.424508287431186 2.839680230200555 2.781815923171667 11.621623038124321 6.39185054327735 1.965736686852701 14.862131558156632 13.079554545370627 9.579082811047849 13.776643792877913 10.905109535114885 3.4217377778410256 14.753290985352788 3.3295219359776635 7.515272519425045 12.303397776387508];
euros_km_B=[24.222937579530942 25.02179251404741 5.364302371533693 27.508349243595966 19.967390311936082 17.074562365839483 27.887684802963374 25.0758704251957 4.5903228211862235 24.563552224629234 6.730976432700178 8.258059781898044 13.772621228592357 22.488729686833242 4.696531880820204 6.166939929394952 5.245142971341918 2.7657654818767012 25.3328134613428 28.64198080621896 3.8885802948009784 3.9195333443101306 11.62808374070327 10.524158876839735 28.310320783683768 25.614221157973883 1.5931158170114377 29.67394971535083 24.524205929328698 24.71976676076939 22.364624554584225 27.061535096770417 8.273763400874003 26.385325141563506 28.390641174981038 4.925301994040845 14.363530438672605 17.42771415543833 25.73722436901763 12.174402359105686 11.560318335614546 11.41219157856054 29.7100692088281 26.113193771696206 20.69939149634077 21.298690085114398 15.086245435196105 7.84443702848232 2.9667113929887314 1.0955845505344322 5.180038797192335 28.851210442725424 17.947380748921702 29.786303505260044 20.444773787391163 8.73871076223082 17.47500092332451 5.841203106592];


nDrivers=61;
max_D=[120 166 178 141 126 197 128 216 229 168 184 168 144 178 191 232 234 126 240 162 164 221 231 216 184 161 152 211 197 185 234 231 235 211 132 230 180 189 190 198 126 212 235 168 185 144 173 168 238 226 232 198 203 159 143 192 124 189 240 173 236];
        

nServices=65;
S_starting_time=[28 244 93 590 234 155 226 367 61 505 134 155 395 644 214 422 357 217 504 353 493 198 589 21 381 555 191 518 262 712 411 717 174 253 169 59 513 342 719 560 526 2 448 34 317 280 545 582 566 292 308 663 516 711 105 108 567 114 687 84 325 355 495 104 95];
duration_s_min=[120 63 87 98 97 112 65 73 71 97 76 118 99 72 115 86 71 65 120 118 88 98 94 85 74 98 77 106 106 71 98 93 83 72 92 94 63 97 96 119 94 74 109 107 83 91 112 78 114 115 82 114 106 65 70 106 111 68 63 63 114 75 104 75 99];
duration_s_km=[38 55 51 44 60 34 42 44 53 33 34 57 43 30 47 35 41 50 46 35 53 54 57 50 30 32 45 35 46 39 40 35 31 52 60 42 33 60 53 30 34 35 37 45 53 43 48 39 34 40 51 53 41 43 46 42 54 55 31 48 58 52 36 41 46];
num_passangers=[26 95 90 28 30 59 26 41 25 56 48 52 91 43 56 57 64 65 51 97 60 46 34 59 27 75 74 54 35 74 53 92 30 29 91 90 72 56 43 35 99 45 40 84 31 30 46 70 22 41 53 47 52 61 35 66 30 86 74 94 29 41 56 62 58];
BM=250;
CBM=0.500000;
CEM=0.800000;    