nBuses=56;
max_busses=59;
cap_B=[103 136 105 45 20 27 123 117 110 56 23 66 103 122 72 114 88 73 99 90 65 41 88 73 139 66 58 57 62 133 70 29 24 126 52 64 133 25 22 96 93 121 92 83 96 111 107 135 32 117 81 113 31 93 34 125];
euros_min_B=[14.50572715661615 6.80771936301037 10.988573324669082 3.581021100540078 7.047894328169552 11.449058277063822 13.857161469781323 1.1218685358590366 5.346376709701229 12.230018646859723 9.452063306628984 12.278676472092709 1.0478799946208484 14.54067035193505 13.242390950102239 12.914838453719355 14.138723894587883 2.135921940707738 3.4710021726765046 6.890794658503141 8.06822469739713 3.788337680689142 8.003242281129364 14.486772045111726 10.412330927327755 4.792528410139636 9.32624530005821 7.9598588281836715 14.466665869190017 12.609417864522552 11.856071933996892 13.58956655673383 1.5057411572921093 3.289078739644782 4.952725644329574 1.8661287863194258 11.613643799172838 1.177999495925001 6.527504333070137 13.144774966126004 6.524378233878762 3.1901932037078478 9.7486841752809 7.517309018013369 4.4872142987615 9.157852333342749 6.826841738105678 10.055546152412722 7.7818536316986755 11.854481665315275 14.573497639582177 5.46560760646711 2.7569620655061087 11.593429704025798 2.9971771925049437 2.1438957373660066];
euros_km_B=[15.030632737203977 21.018437998140453 22.534146168039587 3.4644668781594588 14.59173975246315 14.820755009255592 12.110831246280897 18.890801630129836 27.60745980911086 24.758254645492908 24.611698336384364 14.150904774196343 27.763183216010475 19.964644275348903 20.527524962698845 17.3298561805891 16.077632797757097 8.789718627561614 7.734572947842814 12.852982824745672 6.062641735112207 11.956688135434044 14.721124502897698 27.691733673081977 20.2755478721953 10.709018070003351 26.624548893446697 14.058925995064861 26.771190777514676 18.707518888801424 4.00583936495091 11.478491019502414 19.184717597504214 10.452298719195573 4.383352088267859 21.53118432394914 2.2088369120320923 26.602303538230668 24.444031460647082 2.721063056875267 27.17618878096111 28.927371148694824 24.807049812923363 8.608168351465359 28.145863094471355 3.0685511584914953 17.319440504867202 22.303633220094518 26.864645885563224 22.015666091596508 28.358040375433255 28.05139810589678 24.910651806347836 27.712054154242185 10.638784653948257 17.68725217572382];


nDrivers=59;
max_D=[219 181 202 179 161 133 143 213 233 124 135 239 202 226 141 196 226 128 125 238 187 200 150 154 182 125 191 180 235 164 224 160 157 184 188 230 201 220 184 210 187 217 221 143 131 188 226 125 130 139 178 198 155 207 228 139 149 173 123];
        

nServices=61;
S_starting_time=[28 667 248 421 631 415 312 669 465 703 381 385 669 519 279 620 413 509 131 510 274 708 672 256 358 401 692 679 314 653 43 470 153 527 103 176 207 622 525 670 647 241 303 196 423 26 651 692 468 85 154 545 650 114 536 717 601 474 31 558 197];
duration_s_min=[64 60 111 83 95 103 106 117 73 74 63 62 91 104 85 119 115 63 87 81 91 78 98 116 80 114 105 104 93 73 104 92 98 101 77 92 117 69 111 104 66 117 88 64 120 102 68 115 66 81 114 83 94 67 81 104 104 115 81 67 81];
duration_s_km=[55 40 58 32 37 49 38 40 60 44 33 41 41 58 40 51 46 57 56 51 43 58 49 59 34 42 56 43 41 51 42 39 34 33 32 57 38 44 34 30 35 44 52 49 57 34 43 30 50 55 42 45 45 38 41 41 34 42 34 53 46];
num_passangers=[85 54 46 68 73 74 53 94 45 73 66 62 71 50 94 43 40 97 70 58 73 32 86 49 52 47 33 82 32 91 95 63 92 43 29 29 86 66 40 98 64 75 66 82 53 47 35 71 93 97 71 37 27 29 41 97 76 83 52 95 67];
BM=250;
CBM=0.500000;
CEM=0.800000;    