nBuses=29;
max_busses=31;
cap_B=[91 75 139 65 135 113 70 120 139 98 67 89 36 101 32 25 31 115 59 27 70 100 72 77 79 65 104 34 121];
euros_min_B=[10.687115392667579 11.69796828462794 7.781206773969473 9.30210880720318 13.9955715960448 2.2889652359350476 2.191675515665728 12.15100693437056 5.730161885221886 8.039732600045507 10.495145562624291 6.6612721044930385 8.605621813240525 3.137326993557024 2.790702262884923 14.68372675882507 12.66473796641186 10.417382958512261 8.091695206521017 7.7435660493722 5.056565269907889 13.35417080235125 14.092715105117769 4.941915714636631 1.1336108587157934 10.275145349263614 7.678118876906921 8.152133470540964 3.1686818946212933];
euros_km_B=[18.264184412697666 18.752456872062826 27.759058325611957 25.874900283669014 24.189991511942374 5.393448476158627 21.657275775682223 9.335396955091463 22.75453002923366 14.734654935763816 21.62351432957474 20.35724833615529 12.90991838698905 4.549443470461593 26.344633755775707 16.37581280569987 17.91167595612737 28.849473509613127 18.563905276294108 6.759375002418804 10.858400940966455 23.377028445975395 13.53576778887332 22.145905540483746 6.98055833452547 20.934689036991923 18.22596565966333 16.408890265320956 29.00180863364505];


nDrivers=33;
max_D=[130 155 161 151 147 163 158 198 159 144 150 138 191 137 143 232 164 199 208 180 198 153 162 207 120 193 136 225 191 229 203 158 192];
        

nServices=36;
S_starting_time=[472 498 709 154 319 584 684 104 662 354 175 488 607 270 65 418 192 51 564 642 49 457 233 553 499 549 186 294 606 356 291 435 526 216 657 667];
duration_s_min=[73 115 99 70 117 73 102 115 64 115 71 108 93 111 93 102 110 116 89 75 74 60 112 87 117 91 108 88 94 113 91 69 74 112 120 91];
duration_s_km=[60 42 37 36 39 40 45 34 59 43 36 60 35 51 39 54 44 32 56 31 34 57 53 47 38 52 56 58 41 30 45 52 52 42 35 36];
num_passangers=[68 73 39 71 57 63 37 30 65 59 95 30 60 57 68 83 52 57 29 89 90 52 93 31 36 33 52 28 54 81 84 25 74 49 97 62];
BM=250;
CBM=0.500000;
CEM=0.800000;    