nBuses=30;
max_busses=23;
cap_B=[21 74 68 82 80 84 47 53 40 51 33 101 38 72 92 36 89 136 101 97 46 118 63 93 29 56 32 86 123 59];
euros_min_B=[5.424427488118527 9.083931728940541 11.865577550492988 12.151067217107487 4.521181677943816 9.486393470410158 8.768478878816758 8.300232926616804 6.422223311646147 2.594847171897726 4.609510514934929 14.964454528616745 10.68283035521058 11.337768002898219 12.340661812713442 12.57804977567244 7.040756968804704 2.789535080307214 1.089468412048404 14.886306445626971 2.1637759933513614 14.723309537693002 7.303038329645598 12.450017164562748 13.921668800679182 4.594304602004422 4.197018083361192 9.262694089438796 2.573992921038154 3.6570202910162837];
euros_km_B=[11.086116863049694 7.451511701727735 5.226002606096506 16.349519736778046 3.463314005750874 4.018420729151448 23.621706377235178 10.784706670925393 19.341724954883578 13.619702883703946 19.114500489657942 14.894658930921702 5.8310723847302315 27.58576790131289 25.972251647722636 24.46894724961796 9.592900935507227 6.340295290798917 18.698010767581273 21.380139852177784 18.449974274907046 18.78636768545171 18.673988210235645 3.4166005682821425 28.342731500591942 13.918707253408853 22.118859307828526 10.670227193177588 14.32979942537065 18.572931233007985];


nDrivers=28;
max_D=[194 230 224 157 218 195 228 124 158 219 149 120 192 226 209 222 216 161 138 205 120 166 140 180 192 225 184 203];
        

nServices=31;
S_starting_time=[191 107 703 663 41 715 418 570 556 710 544 486 67 238 717 437 245 385 286 145 697 462 2 702 653 105 376 307 181 125 602];
duration_s_min=[114 100 77 60 79 77 100 73 64 64 69 105 70 107 75 117 88 109 101 84 96 102 102 87 96 87 118 89 72 96 67];
duration_s_km=[43 46 39 34 58 49 44 35 35 35 40 36 30 32 39 42 32 55 47 60 55 37 36 60 39 41 34 40 30 43 46];
num_passangers=[100 55 22 76 71 74 41 86 84 34 75 80 30 39 73 21 100 75 50 63 53 91 30 87 95 47 37 72 93 88 65];
BM=250;
CBM=0.500000;
CEM=0.800000;    