nBuses=65;
max_busses=63;
cap_B=[140 80 138 36 98 28 137 132 119 38 73 79 30 118 94 123 94 40 66 46 61 98 82 70 23 26 122 99 125 29 60 60 134 48 107 89 54 104 101 95 130 113 130 62 21 104 104 24 130 140 62 52 28 61 91 138 119 55 73 38 90 52 37 22 71];
euros_min_B=[2.8739332850837 2.8752501868619538 8.916547748959356 14.791192575027647 10.879813728187186 13.915144482461336 14.57162423371161 14.220245781559477 10.085835006314394 7.7744952496582655 4.288703444100139 2.69611114369978 14.760493082047558 5.052647205213181 1.19591550434702 9.997398212329314 13.626462310949783 11.491023816067234 8.201038947976315 8.527671450606539 2.416482184748812 11.733478284979828 10.27304136914708 3.602032518957639 9.545285623003798 2.879028466989787 9.26484779441517 1.955142317967843 2.619955269873481 10.050349997036104 10.329129534427096 1.2196595512453083 12.862326112034825 4.472355143326359 5.378315639671655 2.0890312404828704 11.033364813092634 14.107812376601837 3.243936640443385 4.037453093943788 5.578708891542812 10.872968878014502 4.466300184467065 2.3102052916395976 10.771234791643147 3.1888776859613834 10.839910110271417 1.7602119897987178 13.843321476424913 8.590634079340642 3.5398255324755947 1.0700810045831501 8.151096257817455 14.277277523316675 13.936886781631323 9.473400920876966 5.524700736717278 14.642063526122485 1.4094810152593118 14.244742536776931 9.25405132513972 3.49614549636913 6.948765929225843 13.10171812041144 1.5299748907597204];
euros_km_B=[26.80039633994601 10.35199903735313 3.9114230278863977 20.296195140212944 20.58029154327382 11.180349061421914 29.5189837129985 29.033084938687846 9.268242184162542 20.825092219852444 29.174669519395984 7.176886313719365 15.150434731455654 14.048862694419412 29.434143129152517 6.875336887993792 25.798027324687286 16.45663393508833 10.882493543927387 21.502731980109232 14.009089732631187 18.163673611330218 11.124967821238688 7.894909279031573 5.778645305833376 2.203419358681447 29.3276534814832 3.4653748956719106 13.902657305613534 22.469655094795232 16.42779878745031 22.76831083590448 2.2549897774438272 19.40661894235417 29.222455285074826 9.989243531654727 21.71115343483544 29.002453469121498 18.510862725710357 12.719846688873663 1.524535454680361 19.266561540887743 14.881367960136117 28.233556635628894 12.495621622508907 23.760860830661038 10.610514611925295 15.560121055333136 4.088956171958377 14.687949832694216 27.93960178997117 12.998001995117336 20.826922882593294 2.0361637514887496 27.305337592314558 5.748796295163681 27.34075484925012 6.903451130487452 2.625453676320901 6.332858420016132 21.61653927156007 17.202136182677688 2.7513469727632494 16.45628173854356 14.10394388666697];


nDrivers=65;
max_D=[173 192 148 175 223 141 192 127 125 200 184 134 196 162 179 137 190 207 194 218 231 120 215 143 156 188 213 213 147 133 225 142 195 169 162 234 178 203 151 126 217 212 135 233 179 226 238 212 132 211 198 225 218 209 237 170 195 218 215 124 146 128 135 189 121];
        

nServices=67;
S_starting_time=[472 270 188 699 455 206 441 678 160 369 622 397 611 352 190 625 156 182 62 565 342 537 209 307 647 315 338 399 286 200 418 58 706 40 388 15 335 222 578 366 645 14 304 582 331 612 161 397 548 59 440 238 302 11 707 182 9 235 233 356 348 211 393 218 706 107 669];
duration_s_min=[62 80 106 100 120 88 82 114 68 81 85 113 86 80 99 96 71 106 60 75 79 107 71 93 68 67 94 70 106 108 75 111 112 106 113 73 107 73 98 75 89 85 72 74 109 87 62 91 117 88 109 88 92 93 90 87 118 116 96 110 95 112 85 91 93 118 119];
duration_s_km=[59 30 47 43 38 40 59 44 47 34 41 45 51 31 32 58 32 47 51 35 51 59 52 49 32 49 49 45 56 30 55 60 39 50 44 32 50 39 60 53 37 37 60 55 50 50 38 47 37 54 45 30 53 48 38 36 47 60 46 33 37 47 44 54 45 32 55];
num_passangers=[22 49 76 82 50 89 91 85 73 63 41 33 35 73 35 68 92 71 29 52 83 63 90 26 55 49 50 79 58 42 21 47 25 83 50 87 68 22 22 68 61 55 60 62 35 44 97 77 86 91 70 82 91 23 63 38 72 76 33 90 82 99 28 28 93 37 56];
BM=250;
CBM=0.500000;
CEM=0.800000;    