nBuses=26;
max_busses=16;
cap_B=[27 67 68 37 133 110 92 35 34 61 103 55 34 59 122 84 51 132 73 60 20 32 109 36 59 92];
euros_min_B=[1.7948871807514106 6.396094415285348 1.4660637484298475 11.423323796360963 8.688917065758844 13.324805370454 9.206151537820364 1.4649888973778218 5.980881093538917 4.113525270458273 12.159825057425254 13.229928159952353 9.977470551985494 9.305870946254922 13.890701691252294 13.415700520080048 11.170578033195033 10.144041889790767 13.2983885280648 1.4608751816844232 5.697945278524529 5.671093855910883 6.223662727010139 11.776863415361541 2.1871261804114503 8.336668513033462];
euros_km_B=[19.52628289756796 8.381071731617347 26.94749952240727 28.29869534905472 3.9426069495193636 23.193348413419535 21.662291205292323 12.005283745316131 8.228977950626362 23.209407428488014 23.31985998797423 18.269528115383185 18.953964450686527 19.271596504743133 28.325485606217104 5.107419830358073 7.794343683578529 10.376536836598182 19.30414758866659 29.15530518163358 27.95749060538256 20.388664756284403 17.264812269945633 24.88212075768214 22.99738389874255 2.073001091033344];


nDrivers=23;
max_D=[222 186 158 219 133 123 159 233 194 189 213 240 157 170 214 194 135 122 219 223 156 228 234];
        

nServices=29;
S_starting_time=[469 566 304 554 712 193 651 572 592 372 138 214 103 40 538 429 535 578 229 212 615 330 643 684 150 478 615 610 522];
duration_s_min=[111 79 91 71 92 106 116 68 109 67 101 98 65 115 107 68 68 65 101 76 82 89 78 90 103 68 95 103 88];
duration_s_km=[60 56 32 39 36 52 48 50 53 42 31 35 60 47 51 46 51 36 34 50 31 59 43 57 48 32 54 33 37];
num_passangers=[46 57 90 47 97 89 93 29 38 70 76 31 77 70 75 49 92 58 92 75 42 74 66 68 28 21 64 48 80];
BM=250;
CBM=0.500000;
CEM=0.800000;    