nBuses=18;
max_busses=20;
cap_B=[40 83 63 84 46 39 108 116 91 121 53 53 78 114 61 53 61 62];
euros_min_B=[12.07545387278245 7.895759698287314 3.309915436902192 13.1084402331742 10.220944374292822 3.87419857080491 8.328501774627856 10.087657029346124 7.1657292056975415 11.983790260679239 13.216756603381826 3.235837611858328 10.253272600518066 4.9946930942847745 4.762784841316179 1.0340272144928377 10.589691578928173 7.455739416901611];
euros_km_B=[5.695592171925465 11.396380214198892 7.3559394559244335 4.347212963732192 23.226155683134618 27.191492183954633 28.03064299527586 10.005623068200286 15.153003604922773 26.261214134346382 2.8842835357359355 7.595760714144692 16.30794789536625 17.899987901296303 25.24407366068631 7.864650618806472 22.559569253995615 16.391445510277922];


nDrivers=23;
max_D=[227 170 195 212 151 166 189 154 220 142 161 238 215 219 179 182 216 188 239 131 194 210 133];
        

nServices=25;
S_starting_time=[606 365 339 487 356 705 223 649 618 495 6 301 143 107 344 707 450 163 446 1 324 440 220 94 454];
duration_s_min=[91 100 90 73 117 112 82 94 100 65 98 87 77 111 68 63 69 62 69 118 73 68 110 119 104];
duration_s_km=[53 42 47 48 58 47 31 48 43 39 35 51 42 42 33 47 57 60 56 37 31 59 32 56 48];
num_passangers=[45 36 49 50 74 100 71 93 90 61 62 39 85 63 68 67 53 63 73 87 22 24 26 67 51];
BM=250;
CBM=0.500000;
CEM=0.800000;    