nBuses=24;
max_busses=26;
cap_B=[26 115 127 111 92 127 52 128 98 94 71 65 56 63 97 53 72 68 121 114 136 68 44 27];
euros_min_B=[10.287655018120315 11.55668148417788 14.835318878655155 8.38761105893688 5.459803502570236 9.184437400804303 11.452205658319045 6.685347813763445 13.815185955981372 7.633790097466685 2.1195706754526 8.89764234853688 7.079969435073576 13.13322217708339 11.300895756506334 6.828648679434014 3.5885558990921465 5.7340054776423734 11.219317092939352 5.816996954841177 1.4778093806532417 12.15205145556003 8.859479331397845 12.2754430360625];
euros_km_B=[11.134675740752158 20.652602606789163 20.83432013721938 5.656491217039828 16.364796477641484 29.411389090257675 14.2528410474841 12.472155014150262 22.905953821480498 25.377974197713844 19.456236597250058 24.72356210641166 17.659102221683938 28.558279670458646 14.879455102329691 28.867134677751967 3.011263595096664 7.444293233044653 2.9780481983535623 9.829170465650886 2.6953023195224786 27.210871644396143 28.381822261001485 17.336981911708655];


nDrivers=25;
max_D=[120 157 179 225 175 229 206 176 202 175 160 126 150 130 179 123 138 184 225 129 193 129 207 126 126];
        

nServices=28;
S_starting_time=[530 34 25 272 643 503 183 308 328 486 171 301 555 640 300 446 625 539 544 550 422 133 696 350 130 445 563 46];
duration_s_min=[76 112 84 111 95 76 68 61 113 109 82 106 68 78 95 105 68 77 73 119 66 71 66 61 65 114 99 79];
duration_s_km=[31 59 40 50 43 56 33 42 51 30 43 46 45 53 35 33 40 47 42 36 44 39 43 49 33 47 39 39];
num_passangers=[28 85 61 27 20 41 61 56 36 58 45 49 74 31 88 99 78 72 40 58 28 64 72 85 28 40 47 71];
BM=250;
CBM=0.500000;
CEM=0.800000;    