nBuses=21;
max_busses=16;
cap_B=[107 63 119 34 85 83 109 29 114 133 134 85 92 42 23 51 106 41 30 117 66];
euros_min_B=[10.944914314327068 11.177425886699645 6.2170275082652084 11.342841063558502 6.698958404300035 14.333768129716166 4.66202204497998 11.866926500675008 13.686079414028484 1.9192824350766757 7.879212294020125 8.849186423374416 9.089585489050695 4.2780380397925954 7.107583864512278 7.730097704092325 3.1141855566584518 2.044296872519131 8.607057079166383 5.443992977634781 2.5707969857512354];
euros_km_B=[14.807669239435423 5.478524949044091 4.864754783856165 25.799717395881096 27.0753154872266 29.855047610996294 6.599690100450229 28.764769582365865 9.671529589755371 23.06512580544765 18.514186843320815 21.836468875043646 9.207653071089295 15.503116305402422 11.913345735065384 19.046268351586207 10.739837391695348 16.948543148719644 8.668313372934335 12.337552107185331 27.073621743599524];


nDrivers=21;
max_D=[147 207 133 135 204 202 178 133 180 139 197 164 160 150 136 176 173 201 139 210 233];
        

nServices=24;
S_starting_time=[649 209 58 168 693 329 538 249 331 609 351 148 365 678 265 243 195 201 138 350 234 129 137 180];
duration_s_min=[120 105 68 78 93 98 111 94 103 115 100 120 63 71 83 95 69 112 73 72 111 81 93 99];
duration_s_km=[51 36 54 49 50 40 57 46 52 48 52 43 48 57 57 34 38 41 50 49 40 53 34 34];
num_passangers=[39 62 41 59 62 55 36 80 42 35 92 92 77 42 57 32 22 98 63 41 42 80 36 34];
BM=250;
CBM=0.500000;
CEM=0.800000;    