nBuses=22;
max_busses=21;
cap_B=[75 67 106 46 113 100 98 124 110 111 78 138 94 74 66 138 20 85 36 107 97 40];
euros_min_B=[12.431268732708002 12.345590522826896 9.338730285264653 4.4491508210541895 4.262391853874139 13.938979440840603 3.891643055286621 3.8011535912173366 7.915280696693131 5.820389736874178 14.313873971291464 14.234036785450044 8.023224546383302 7.9897793241000565 2.3165093693201086 5.028857376460694 14.889490850801755 9.415355511978541 14.80278789145829 1.4564594096279906 10.788334855156354 6.040160410228499];
euros_km_B=[20.32509740012968 22.048545575816675 3.223434395775962 13.404228869036348 6.034913142352861 12.952949153346161 29.422253172888745 8.266059483841124 1.982443815880894 6.903906798460001 13.369740217030357 1.6095969268776478 21.46179059965317 5.263858429756004 22.156184209111597 24.963432233264466 6.95891804529123 10.494995221889369 21.51012926119353 4.3302418932305144 14.237604798772438 22.164038578090825];


nDrivers=18;
max_D=[152 177 128 156 182 182 129 225 158 200 193 238 207 153 156 122 138 210];
        

nServices=25;
S_starting_time=[701 292 434 637 321 253 651 534 478 435 273 471 551 300 153 452 583 330 73 98 483 521 247 178 1];
duration_s_min=[83 118 86 66 76 113 79 84 77 90 109 83 92 71 108 99 112 92 120 115 81 98 64 117 91];
duration_s_km=[36 37 50 35 45 34 54 51 52 47 55 30 52 31 50 59 38 42 52 41 37 52 35 39 48];
num_passangers=[57 94 78 35 90 30 95 30 81 62 32 84 95 51 34 28 83 89 99 93 44 26 98 74 64];
BM=250;
CBM=0.500000;
CEM=0.800000;    