nBuses=28;
max_busses=18;
cap_B=[22 88 71 51 121 48 124 63 33 50 28 25 77 126 55 116 117 125 100 124 38 110 49 25 83 115 28 102];
euros_min_B=[5.670051069992028 9.1740439490684 10.552585986183477 13.06658567813626 2.2783810837289318 11.253496477378835 4.847777792152687 4.873260235571423 13.337490949226957 6.482766389094453 9.716172872305318 13.665332535471933 13.898291383340947 13.755892917802266 7.571692009345469 11.38513700377166 10.81157871256373 9.878992244379688 10.814010714182036 2.5270298615964197 4.5732994083710725 8.415282193252438 13.04441305611763 2.651729160976813 5.165162137694373 8.52320210802056 4.818234203532118 12.87674944425321];
euros_km_B=[9.897263432597637 19.942421103195088 24.072354547788276 2.000807433998638 22.382644802016554 7.820954142247176 21.121775510376164 28.42079152145689 29.281297791327983 10.881706068309864 27.456680244039607 12.63560086945044 18.969498639683522 10.395973344746462 21.8822416654436 20.305824076900212 11.29708469941092 3.964818717569442 12.932862816211047 3.557149638859578 19.019747039499894 15.851385594636644 18.29972085562706 8.45413135239733 28.20678246279142 17.600602656626 22.855162852178697 21.031448659419567];


nDrivers=30;
max_D=[141 173 176 129 189 196 236 215 163 154 121 205 233 148 201 208 234 175 158 208 238 150 216 170 166 191 230 144 197 135];
        

nServices=31;
S_starting_time=[704 327 633 324 625 348 667 153 194 48 75 450 281 563 130 81 359 70 623 664 621 503 202 636 172 110 558 189 336 557 49];
duration_s_min=[103 99 67 94 86 70 112 62 76 105 96 109 95 120 111 60 92 85 61 72 69 87 118 115 79 106 112 84 105 62 102];
duration_s_km=[60 47 42 36 54 30 45 55 57 35 43 47 33 54 46 33 32 31 59 41 36 34 30 57 43 48 47 30 43 45 51];
num_passangers=[22 71 78 80 37 67 83 37 53 100 45 73 36 48 22 33 47 65 100 81 68 79 67 54 64 82 25 99 71 46 100];
BM=250;
CBM=0.500000;
CEM=0.800000;    