nBuses=27;
max_busses=30;
cap_B=[28 116 74 109 111 43 130 30 126 26 126 73 103 105 25 34 105 130 107 77 88 58 48 81 87 134 31];
euros_min_B=[6.346124259466948 8.708890510888441 13.810468550903751 10.583607465096621 13.967758480738587 1.3419063145164782 11.781578585086432 12.947424179544292 13.473737452008058 5.277104614333352 3.065383028255937 6.196255221327836 11.774826191460223 6.429953254886716 14.544325412804087 7.971568162019516 1.6997280701617203 6.134554274721221 5.365787200384439 4.594414483137871 7.234553298793453 6.1603588389873245 1.4489624864986623 5.354308144004047 3.129995394864032 9.453975730229729 6.369143892835252];
euros_km_B=[12.449636440780385 22.654841803884356 19.8123017004622 19.43164307819934 25.311563053771305 29.703122572545567 19.737358147034957 2.890642817176608 24.9090910540963 17.043517725334432 9.010616837488607 12.80340127421111 29.12830111254279 9.601986341236486 12.994894619833348 24.124309456608803 22.586656610219148 16.691998588503346 5.973360545400725 11.40916304605187 4.522155907748604 22.915519203303 21.940705265750946 14.80655780900068 17.077970951587474 8.910824385334951 26.741532292365918];


nDrivers=25;
max_D=[167 171 145 155 218 144 180 233 165 131 157 126 152 199 163 127 197 184 219 169 236 147 236 144 149];
        

nServices=31;
S_starting_time=[380 164 576 310 529 696 50 351 403 315 694 238 182 223 439 705 494 408 430 373 16 599 38 285 695 541 465 600 566 13 409];
duration_s_min=[62 64 107 72 83 103 71 70 105 119 95 102 65 104 65 105 95 82 84 104 80 65 102 76 74 119 77 69 70 84 114];
duration_s_km=[36 39 42 37 53 34 48 47 57 57 34 40 40 34 48 34 49 33 58 58 52 43 59 60 37 51 59 34 48 31 47];
num_passangers=[45 28 76 34 28 81 65 92 46 58 65 37 28 39 26 31 22 94 30 70 81 80 42 41 50 33 20 41 38 32 40];
BM=250;
CBM=0.500000;
CEM=0.800000;    