nBuses=49;
max_busses=35;
cap_B=[41 69 24 80 136 52 44 91 102 57 96 122 94 94 58 98 98 82 117 22 138 102 20 108 91 87 53 47 71 129 107 100 115 31 94 129 90 25 138 50 121 93 47 102 71 99 105 78 33];
euros_min_B=[1.9709751186087099 7.49348910610604 1.2262746299458673 6.595489570676965 9.570923038118615 11.053473338762629 10.797150369425879 3.466420173304547 11.928798679816381 10.137408827974511 11.77037479420441 9.387695370961254 2.470049953205627 11.296621072923717 4.587816595075337 13.002958979337004 6.040267216489169 4.665882701684778 12.229373623727362 9.58284741500172 13.569973641993705 7.5470975276168994 5.752374253604998 10.41340571951537 10.63424424896237 10.233405683084705 6.263568955058447 8.610604575566883 10.94476440317248 3.065240121119494 6.999882024327389 2.92560682747917 2.0762534433892914 8.128589250475093 2.8663903673169235 10.25595748812961 8.47116640787877 4.441487500927611 2.754501837767399 14.739616809110863 2.179118599790108 1.3104917119909467 6.776901113268541 12.956761647102244 10.757709165675578 9.428148048495538 7.810672390881878 1.3515391644046721 11.687734839535858];
euros_km_B=[19.797405800427303 23.218822085153484 18.955899939351397 22.749481519644824 23.352648176067937 29.36993415252908 16.46558686184872 21.017629921281895 28.536995388344746 23.623992455626745 16.08859404686222 11.511652656806982 16.98688062506603 18.669068186542706 7.519622043313961 26.786475856135556 7.573574786839643 10.346594501097313 29.67221577175063 8.914295874763784 8.096350808277272 5.754068540971418 1.8679798655486892 19.752065773159178 17.280584366421277 22.170698613967264 21.623775531240373 15.651378965722593 15.473165572022262 2.7718375420202594 9.303068407003385 3.2819283454557957 19.613982593259152 4.055740314782605 20.80397056014812 29.27280343567119 5.757164741757309 4.5028010119061515 18.346551059517473 2.4167179384472908 29.526123960147554 15.842777271646307 16.57316738559566 3.556484632306188 24.142867272687038 26.991744883637267 25.026249921041718 25.48771495113604 4.244930228352621];


nDrivers=46;
max_D=[207 121 140 122 187 143 131 181 236 202 236 157 187 211 173 235 154 177 189 125 155 230 151 148 233 166 151 146 193 226 129 172 195 185 194 229 201 212 154 220 176 179 228 141 227 182];
        

nServices=50;
S_starting_time=[544 433 564 631 184 518 676 519 24 153 646 718 587 291 718 654 621 263 316 634 175 635 49 654 228 29 398 680 20 361 263 484 327 220 451 552 317 482 548 572 202 712 81 152 226 624 529 184 482 373];
duration_s_min=[96 109 102 87 113 98 69 98 75 108 110 105 110 60 97 102 62 115 79 85 117 62 75 79 79 81 70 105 77 63 73 62 109 120 69 99 102 102 87 85 81 93 71 102 70 98 95 73 116 89];
duration_s_km=[45 54 38 46 39 31 51 37 42 51 36 37 34 41 53 30 57 35 58 30 35 37 60 46 48 52 45 41 37 34 39 60 59 40 50 42 30 34 53 59 36 59 37 54 34 49 42 55 60 41];
num_passangers=[59 61 45 45 54 36 41 54 52 34 22 74 97 95 70 43 92 66 76 84 56 97 54 90 46 32 63 81 79 60 38 56 87 100 29 30 68 72 40 84 35 91 68 55 92 23 91 60 48 63];
BM=250;
CBM=0.500000;
CEM=0.800000;    