nBuses=50;
max_busses=43;
cap_B=[47 36 25 48 111 41 72 35 107 108 83 103 139 70 42 101 80 111 118 28 98 50 137 70 136 59 32 64 66 80 62 35 60 138 51 123 125 126 40 50 130 107 80 33 40 68 119 131 121 129];
euros_min_B=[8.10305494551715 8.931573892915111 12.874761800974015 1.1661578075446641 4.01838646715862 1.9355051667876946 5.519743280750713 4.85627899546558 10.785972493769192 8.373228659225067 14.2167680162156 2.3162885900473067 9.812070151750277 9.040203968438174 12.62994230603259 14.875500944536157 13.759875722725033 9.970419852735642 2.9267926272167353 7.6233092530421285 11.400446584920594 13.198832656229147 7.5467746593777525 2.4576037727219675 5.04153078399928 4.807100454917046 7.169183853068913 8.30366684497527 12.938096543374074 8.71299380162383 7.8045277145323695 1.215172309613328 9.974400870354252 1.6727262608147782 8.04283873879403 1.8984151901049928 10.692382629272224 14.81065519195128 7.857240651132661 5.82442637044198 5.0308354636791615 1.0830972770844596 12.83179970099426 10.570499535858183 10.65815394006744 2.4260733569925366 9.734698165951034 3.0587758107035294 9.15924373437857 6.610364259124852];
euros_km_B=[20.86094426078964 16.572256771660776 16.862580073995012 28.14701277174827 20.741535345163122 14.805123094577562 12.977601921041595 27.82605984178208 26.245037671053936 4.261819591416838 27.55978440545678 27.69054039007952 8.158382100853665 24.757264987126742 23.943990543787677 15.554620882518549 5.534640728873246 9.929946167908444 19.935035970379573 24.44153718128922 12.483084995026612 16.619897377117578 22.313424895645486 17.533112188252176 9.284497165223508 25.15398963840028 19.2893692104641 29.27954744477462 27.20197403465462 29.58050036546105 1.2988024984081084 10.193134576405631 28.38013451250689 13.832693717679412 15.82506477971988 15.934779780123574 6.536520500973338 24.89166953044613 23.86258479099762 10.906979002273308 2.5407887525463875 16.172624331343066 4.620600025608287 23.449264141938603 26.9688825352572 24.393258781686953 16.423594995498313 20.849387749058767 5.764070815098589 6.2941995371531565];


nDrivers=50;
max_D=[229 187 211 211 170 205 181 239 167 132 145 160 181 133 198 148 240 223 216 228 172 142 195 217 173 217 175 167 164 235 182 130 174 120 156 123 140 128 234 202 183 172 152 204 157 168 230 131 186 153];
        

nServices=56;
S_starting_time=[234 161 370 472 305 50 134 533 380 28 299 668 631 603 457 341 684 89 584 18 174 52 647 177 588 596 437 626 284 194 172 224 47 594 426 436 281 201 330 75 298 130 564 188 582 535 430 629 316 218 213 246 498 297 179 444];
duration_s_min=[89 89 115 75 120 90 81 109 102 99 106 67 76 100 85 87 90 74 83 80 91 110 92 67 94 83 63 119 105 71 96 83 95 62 117 84 74 106 95 100 89 113 116 104 91 67 93 74 78 68 76 118 77 67 119 107];
duration_s_km=[55 38 35 52 36 43 40 55 39 44 57 40 58 40 47 49 34 46 59 37 31 44 53 42 50 58 33 52 48 41 49 36 46 49 45 41 49 47 38 42 37 47 44 34 42 52 31 51 41 55 36 52 44 46 49 60];
num_passangers=[26 84 63 70 83 37 70 27 74 33 94 25 23 86 68 47 63 43 76 39 57 43 50 36 56 95 71 42 58 21 79 76 78 93 57 44 52 60 47 60 94 84 28 47 64 41 83 29 42 32 37 30 59 27 45 38];
BM=250;
CBM=0.500000;
CEM=0.800000;    