nBuses=30;
max_busses=26;
cap_B=[92 105 65 64 50 94 72 47 107 63 23 97 133 63 29 103 58 126 74 114 33 78 136 38 29 83 92 22 57 65];
euros_min_B=[5.7371848846047495 11.564221352655045 7.365428637768678 7.6511536954812005 10.457503227852492 9.08448577506808 3.5104802310213508 12.560085740672857 7.325933236015983 8.390400937743197 9.531863861302675 4.728427564593735 1.157676918675059 8.57756078089588 5.7885438689751 7.017611123524609 5.696651627396728 6.66439525385298 11.849623067919323 6.980035215980242 1.3062784322278158 6.498588937496251 2.792254447066643 8.392062640032773 1.9221229022593649 5.950785228431816 12.926714562033652 13.649084604362288 6.646170898023481 6.722824486474745];
euros_km_B=[18.32425513552934 24.879305390833558 2.2382377030087324 7.785714126642411 27.14208509649044 2.321775315558959 22.256183430682537 18.380200117949347 19.50665743754548 17.056118709392482 25.50182765036969 22.493713441588813 9.237347192190263 1.4966402319613907 17.488565700190726 22.1212617638282 14.751311836598175 3.536783416674002 29.898013885012123 10.31621208690154 1.4270043816771014 23.569023426900795 11.449812571116048 9.554998818187123 23.200365836750542 23.823883648065106 27.847153184581906 7.038160391479831 18.74090868059169 7.898956013041981];


nDrivers=29;
max_D=[125 239 120 152 156 221 182 188 211 228 240 127 188 197 203 217 228 197 171 201 228 202 172 144 208 149 166 158 120];
        

nServices=31;
S_starting_time=[427 556 541 689 395 711 102 496 323 92 263 49 502 408 563 339 493 120 104 162 528 64 705 189 567 585 271 192 532 592 147];
duration_s_min=[73 87 90 112 81 82 85 118 106 86 120 62 98 73 80 85 120 109 95 118 72 119 77 60 92 88 102 73 65 90 105];
duration_s_km=[55 48 58 32 48 31 37 49 30 46 48 33 48 43 38 52 35 59 48 51 45 60 36 34 55 42 57 56 60 50 34];
num_passangers=[61 58 61 72 89 75 47 79 74 98 39 59 50 86 100 100 82 72 41 92 54 52 65 34 23 83 87 86 30 97 55];
BM=250;
CBM=0.500000;
CEM=0.800000;    