nBuses=61;
max_busses=61;
cap_B=[27 58 34 136 83 29 128 85 39 111 99 138 50 24 122 83 121 49 76 113 60 111 111 117 63 64 23 116 105 78 23 47 72 101 68 37 114 69 94 138 72 51 108 24 125 78 53 115 130 102 118 136 32 32 46 74 59 54 113 60 110];
euros_min_B=[10.500760128652525 8.637844397309252 10.929925780925258 4.69611603897056 8.316327116589592 9.092084086100344 4.025905472641793 11.213511546185153 13.983677276458897 12.824784563721042 2.745289535317875 11.035563277235706 7.991452614164906 6.952509586817529 7.4816188512590625 14.566365852957066 4.903512401420759 4.623743223965912 10.212542155174907 10.370702180188466 4.052685904751149 9.506748471396694 4.366431006076155 10.994082624397276 10.361416407207503 1.1282780059055808 6.215367467065993 2.3813781220572547 2.674122163676019 14.67691946074225 8.41247506331336 14.645033532019973 7.627427490218995 11.091567191146316 7.536539566274657 10.230029702985679 14.11178581676472 4.083348556417564 7.15830916182515 8.39881929100319 11.260554892611745 11.85471311560714 6.098099694648255 8.177257109406534 12.969718466768057 3.635146469584681 4.188178313780538 4.921304009695984 4.525203558085795 14.271254925764442 4.967054629491554 12.712424149035867 3.358716105906647 10.744022283588333 1.4899940850641518 5.19604390616172 5.133136856611259 9.390463032780026 12.833914276285833 4.205146521019616 13.365498745640817];
euros_km_B=[4.417987478384571 6.328122312531664 6.3114754612543384 3.0352327158584336 19.09244069627454 14.253132819017724 19.033863136849433 25.396978120362853 22.490655044562462 7.171829946792943 8.356607916292237 24.215058279773373 19.200058894579733 18.472199404006894 9.66482200557581 16.465776328740013 25.737147856260588 7.367431327218341 29.22140265335719 6.4220096836855705 8.658315339785496 25.707773177791694 8.895953008886853 29.654950440556345 10.659819633536587 6.8148669941473194 27.33820520201263 7.907362757085926 12.495703975138856 3.186500718548806 9.952224307458481 7.759586221696088 28.388091636257776 29.01062962350094 12.665712186558919 9.499546283497454 9.570742064657262 4.295703214902129 22.92010163199334 16.295205231672213 10.52155569874918 17.810580403607247 18.505126682821526 21.951343736042205 16.322367602532886 20.112980240770263 13.883753417259367 15.972458036013528 7.67110417750046 25.64417578590143 15.16088070373859 29.97972948579071 22.601746641411612 18.55380963317838 2.0371924183595786 5.695857084223928 2.564752437232449 26.882094932630533 28.2329404038376 5.7299687379906725 20.219792272367073];


nDrivers=59;
max_D=[156 128 221 196 131 185 168 211 209 147 224 235 233 145 173 138 203 224 159 153 166 187 235 171 166 197 166 137 125 147 136 122 125 133 164 175 227 195 154 121 133 228 189 139 194 178 208 220 148 224 171 138 198 132 233 168 128 140 159];
        

nServices=65;
S_starting_time=[700 495 484 466 160 185 471 258 590 330 577 496 68 71 343 407 293 298 306 535 600 445 580 50 175 660 407 101 211 506 20 63 520 405 615 10 453 268 359 487 52 265 34 232 462 597 279 319 168 185 698 206 39 433 605 166 371 236 523 641 217 24 551 451 437];
duration_s_min=[64 80 60 74 84 85 76 78 114 66 111 103 82 70 117 70 109 61 110 104 83 62 111 61 85 103 108 101 109 67 100 71 104 120 114 103 95 104 64 113 85 95 94 101 62 80 92 95 85 112 113 117 69 91 84 87 79 112 80 105 78 77 66 80 78];
duration_s_km=[57 38 52 43 38 42 58 55 30 58 31 45 55 49 54 57 58 36 32 58 30 37 47 32 44 35 56 54 60 54 46 36 49 40 37 37 57 55 30 37 35 35 35 33 58 41 30 43 53 47 51 33 48 42 48 36 32 36 50 49 41 33 54 50 58];
num_passangers=[38 74 77 75 80 42 86 53 72 92 95 41 39 37 23 56 65 40 76 79 96 51 43 33 78 83 88 31 31 41 27 88 85 82 48 94 87 79 27 82 31 38 81 51 64 99 20 26 81 91 62 51 90 61 85 83 56 87 94 52 81 68 59 30 74];
BM=250;
CBM=0.500000;
CEM=0.800000;    