nBuses=31;
max_busses=29;
cap_B=[32 29 83 113 139 37 64 119 97 44 138 115 32 32 32 77 93 36 130 70 26 26 81 39 132 108 121 110 75 55 45];
euros_min_B=[1.1401683057727585 1.159877230066482 13.465406026297448 2.6847233613677766 1.6812067063200467 8.624891336557711 14.225343639183631 14.638540891673571 9.114703815961763 11.381686533811582 12.708694018882587 13.630840256612316 3.1028749566141585 13.780785156613824 11.498025558215485 9.261548510705357 9.349134463784196 11.019078020203017 1.3143642998935567 1.748393805651708 12.365011603990617 6.149384615480025 10.77740523084719 7.777653322166688 11.305821819047118 4.56401609925363 10.488267376569787 6.067915412995167 7.880622271607955 9.616189102745743 7.679810425353853];
euros_km_B=[20.123501558500486 1.9518597437166922 21.364250201658034 27.12635689336372 18.752103588107296 21.276434689287118 3.6903901764073965 11.45368517851661 25.75803154793172 4.2523442107618905 22.67309483995587 17.95376888105793 29.941639338433358 7.699828629271784 21.736738298752172 14.39572206805246 25.679381629442172 22.268178133377603 8.607831007334893 14.021037711587839 28.367535781643333 19.05982452248864 1.4476196669712675 9.535816488955067 18.27195463471676 26.276620374569237 4.9369298514012065 1.095683468031749 6.864535836914493 8.167347166475793 3.2066495994734625];


nDrivers=33;
max_D=[207 126 235 155 177 216 193 205 187 226 201 177 137 146 212 159 131 186 143 225 197 181 225 195 122 185 140 176 155 228 139 178 129];
        

nServices=34;
S_starting_time=[50 59 79 285 537 63 657 179 421 169 498 285 667 633 350 493 252 349 397 83 618 57 381 228 284 120 431 160 427 155 485 163 544 267];
duration_s_min=[70 74 96 111 74 109 68 88 60 120 70 69 111 72 120 84 111 75 78 115 64 62 70 82 117 107 77 83 66 120 112 60 93 83];
duration_s_km=[49 39 44 58 49 30 30 47 31 33 36 40 31 41 45 34 38 60 56 55 33 37 47 39 30 35 31 41 34 39 55 53 55 59];
num_passangers=[56 28 60 94 32 82 75 79 30 57 34 89 34 80 37 46 58 83 73 54 21 59 79 47 45 20 41 56 60 76 100 38 58 45];
BM=250;
CBM=0.500000;
CEM=0.800000;    