nBuses=46;
max_busses=38;
cap_B=[108 55 68 68 85 98 97 131 60 131 80 43 103 92 58 132 70 128 29 77 64 135 50 21 48 36 129 48 56 119 66 103 46 130 96 38 65 140 100 78 48 94 65 98 56 22];
euros_min_B=[3.5045059433162167 3.9050860620751195 4.493273204596619 5.630938022721282 12.31389729479937 9.505311750375196 12.765768177562805 4.695331521232799 9.73026272861321 11.695985486817143 12.869995996854763 13.107238126967498 12.61512907294145 7.998091175750756 5.05886397566762 10.956962581190323 13.348622601709636 9.916862536446335 12.339534164085975 6.096910199548489 12.151744290414838 4.8147315405820486 11.235474841442754 6.119957790618709 9.915887219596195 3.538209502279381 3.2415159237083775 5.992072902721592 12.961132669365629 13.691989517176214 12.774599722103417 7.099612863118294 14.113908677234493 13.454287492710648 10.44624377126077 11.479017058437584 14.23814822646821 1.6109783793945898 11.660264466543259 7.382565566174191 5.704494156675064 1.4796537036549504 4.800730131210375 13.683387168447522 8.65520556486463 14.086071515225523];
euros_km_B=[26.126166464432256 10.318302184881638 5.776152636416091 11.468112105210695 5.2893243189649395 9.812344331469845 16.977856481492005 28.431235376045397 5.3154537980280905 3.918083350534996 9.735197311812932 21.76019509301822 24.60234329839441 6.319226710831286 21.342245954961427 3.0303591345388177 19.01272458819711 26.85299919574485 24.52728702866832 8.17501417455141 12.21695960323981 15.345668956874622 25.429028884187698 9.62533608633239 4.269690542805719 14.353795711759387 15.36166907234813 1.5700191314542393 7.7328467995239585 10.775989834825504 18.67288759288065 11.603841418972387 2.7961380907878843 18.78060758529645 1.543936783215372 18.722227662345478 6.555900122405406 1.5651205667978045 9.144061772323468 21.958439028566925 22.945083686584926 20.029064300896287 25.773985632654824 5.80348455465222 26.00526116060181 11.482396744419498];


nDrivers=46;
max_D=[185 221 239 223 239 196 147 228 186 237 141 156 158 167 206 152 208 233 179 124 139 161 120 165 220 122 138 153 224 158 177 139 228 220 217 175 127 132 164 162 187 182 210 151 211 123];
        

nServices=51;
S_starting_time=[485 358 248 162 267 258 98 632 696 204 377 313 568 354 169 191 64 337 342 258 692 579 78 137 51 671 615 21 191 564 666 161 157 229 567 636 705 657 198 34 264 25 620 192 572 370 707 438 44 701 517];
duration_s_min=[107 63 75 97 114 103 80 104 100 100 83 104 75 62 80 99 100 106 93 108 74 110 114 109 72 75 67 98 87 118 117 74 67 104 117 75 74 116 98 107 104 75 107 116 94 99 116 79 113 102 97];
duration_s_km=[42 47 32 41 36 56 53 55 44 44 54 36 37 49 56 36 46 37 35 48 49 49 58 45 30 36 49 60 38 60 31 35 50 43 50 56 33 36 53 52 34 58 42 49 56 39 56 57 55 54 38];
num_passangers=[71 95 54 100 82 61 88 46 26 97 47 21 50 80 91 73 94 31 26 75 65 81 24 72 47 63 98 31 88 88 70 99 85 50 99 40 22 95 45 82 32 33 73 59 88 20 63 59 35 87 89];
BM=250;
CBM=0.500000;
CEM=0.800000;    