nBuses=53;
max_busses=57;
cap_B=[21 139 38 131 57 96 89 92 138 118 61 119 113 136 104 105 119 68 68 32 69 129 122 41 103 26 24 39 114 77 104 62 118 32 52 106 96 114 24 133 69 135 74 42 59 72 125 61 139 80 82 126 74];
euros_min_B=[7.803630412825524 5.128808003580758 8.780934754044257 9.819489559422902 1.1569168172046018 12.615263588414932 1.4068978874523974 3.5869552219201646 14.72699883524626 6.997160452821012 1.8673097116877235 13.943044753282194 2.746613007747598 2.076057619558939 2.8100525526469973 7.360854757213371 3.0730865270800947 7.00790614914607 8.546423297024464 4.447593843656722 7.16595357642394 11.515209791192833 8.929455975030956 14.913686379139838 13.470426009196697 2.733902843939248 12.055679967323462 12.370942419177346 12.84188727335084 5.409545460221126 6.686992438304778 2.014681280636668 7.750986527950919 2.6660568129947446 11.603334687632213 7.858481715438614 8.746247904314249 12.135214824272722 11.09520647880565 5.39397146095765 8.364110727722302 11.349035857391222 8.84892284800099 14.837330207747444 4.843164582347166 7.854787050652536 10.866282883804315 10.173326572226522 13.108728226141878 6.6694535025784045 7.667862214339565 5.8734188217111685 8.71681457023728];
euros_km_B=[22.96043338933729 18.29678844916038 6.164139188117266 13.559578783146918 2.5756046031604463 18.06033227307861 15.925681556094764 21.186721874236813 13.870621728304844 1.4222986468303516 21.623537853658387 26.403040800809567 9.637673428219045 29.308546214917094 8.044410311963178 24.214777157392422 2.335108659644047 20.148231308491816 5.4865868288761455 4.050070004794227 11.986526969615854 3.3900531316281963 26.467820421625948 14.323459767067975 21.663065458225322 24.821167946346034 3.024665242311962 20.681711746098674 27.72643125098589 10.08986260959366 18.883104580521596 24.893423914073953 18.537233080894357 2.657032228581217 12.449417254172644 13.5194700822152 10.368876555526334 29.44491256693159 3.9884135768845552 29.27209858895001 16.867970343156557 17.14736994024034 9.120228071222531 1.3098147637926978 17.660674196513327 18.005513977579778 25.26517831909424 26.865076128564443 9.085841693753745 3.982937992039301 2.461162231133195 5.2549889264381155 21.79853921543809];


nDrivers=58;
max_D=[229 178 215 121 182 183 159 167 150 130 146 178 221 126 219 156 219 239 169 189 197 202 134 175 135 209 176 226 129 154 226 237 227 185 120 125 198 143 205 209 208 199 221 172 232 236 232 219 181 225 230 149 133 209 212 230 132 146];
        

nServices=59;
S_starting_time=[223 504 535 67 92 440 151 51 474 701 625 373 3 708 186 267 693 246 574 692 624 268 53 210 131 481 74 194 567 279 715 400 476 30 82 527 596 464 364 175 426 515 498 254 243 109 720 282 543 238 454 703 659 665 335 304 2 278 408];
duration_s_min=[60 85 100 110 91 89 81 65 93 107 101 84 85 70 75 72 64 77 104 82 109 110 100 60 75 108 116 70 71 109 91 113 82 109 103 119 117 116 112 112 65 68 60 73 99 105 80 116 90 115 106 117 106 99 116 104 118 76 118];
duration_s_km=[31 48 51 47 34 55 40 36 59 60 44 33 35 34 57 45 51 52 30 41 37 51 42 48 47 33 34 42 39 31 35 54 49 56 42 53 44 44 35 52 43 38 45 39 49 51 54 54 43 54 33 42 46 42 48 32 31 46 31];
num_passangers=[31 95 57 96 48 80 61 60 45 80 86 30 80 59 92 79 56 82 27 25 79 48 82 23 41 91 90 73 45 40 56 51 49 53 88 61 85 72 76 77 56 27 48 85 93 100 55 93 97 87 71 21 52 39 72 23 45 68 50];
BM=250;
CBM=0.500000;
CEM=0.800000;    