nBuses=37;
max_busses=30;
cap_B=[62 102 133 89 91 53 69 104 52 43 120 101 23 132 57 124 104 70 97 88 107 37 129 82 84 137 124 71 34 57 35 125 110 118 102 85 27];
euros_min_B=[2.1063852373048215 12.835010795225713 7.236139498719927 12.776949156498024 12.939170358140997 8.677262173531375 3.8268989587728184 3.7104762673281044 5.744866815982499 9.280750489413455 8.05633956087814 12.545507697928581 4.55871640099827 13.251513291509426 10.293233903786247 8.565251717463997 7.750581070442578 9.61503393108545 4.942505400780847 11.16454206784323 14.59187439293502 10.443943829252534 9.515226086042894 10.025859443106338 5.858552987743591 14.233300524105163 14.55960231453936 9.218551792512047 12.510076319516799 1.7521440480694517 13.973203336318374 6.350697811113002 11.818404739849937 8.981404962052512 9.074464462201092 9.893856139423717 5.203710518354341];
euros_km_B=[22.494534915218768 5.342241627517408 19.190481077986394 13.063616570864424 9.130621455914069 11.713905641237282 5.832947674578907 6.60254489061598 20.900232780806334 7.000428857236545 2.793577824080782 13.030050191653364 16.820875214972432 23.018521003175994 29.904217002635402 26.539413044393317 1.3790371002749553 27.319601294184704 11.128117126489375 11.467660561531888 18.918413574805047 20.760277053675917 13.853469165659577 17.265606772521963 14.920470239531957 18.93524814309052 14.669090208800878 5.962263706054477 8.996570568552258 23.891153050460957 26.657926543315295 13.379308491606649 4.254221894506462 12.672615974897882 15.515296908462 13.101641521417765 12.549861762796851];


nDrivers=35;
max_D=[149 139 216 137 212 134 138 148 195 235 217 155 217 203 234 155 166 136 223 169 130 188 182 201 206 199 224 140 137 198 158 147 177 155 132];
        

nServices=39;
S_starting_time=[690 569 303 202 589 13 260 225 14 706 154 578 22 643 313 581 272 90 338 693 460 232 104 140 362 528 521 533 246 579 378 466 16 632 553 156 625 90 354];
duration_s_min=[115 62 76 110 60 90 74 106 64 104 88 63 102 103 116 62 66 117 79 113 105 88 70 102 75 67 87 107 85 113 108 94 103 103 100 92 107 107 76];
duration_s_km=[34 59 48 43 46 35 54 41 52 53 36 52 51 41 33 45 51 37 34 41 44 30 38 31 58 36 49 42 58 46 43 32 31 37 47 52 52 38 49];
num_passangers=[66 84 43 41 39 56 21 62 90 64 87 64 23 100 20 65 79 87 33 37 55 83 55 76 96 71 23 99 85 73 82 69 34 22 22 37 48 76 27];
BM=250;
CBM=0.500000;
CEM=0.800000;    