nBuses=30;
max_busses=20;
cap_B=[83 136 27 40 24 132 83 83 25 96 135 132 130 48 134 62 114 109 85 22 112 47 48 53 21 47 73 85 27 84];
euros_min_B=[4.919608023180806 14.080770952408587 4.168585398293642 4.107970787476603 5.739177477533643 2.6708508282714214 4.970957723321885 11.49898201473103 1.2567668183156406 4.419434531749874 3.928245327677007 2.7987257302920234 12.848917936942405 13.004903661936726 4.2543347062369605 1.976240144604279 1.8479416399275692 13.127621444827204 9.785618870757862 10.532857493434209 2.1214807945355734 7.074310723421162 3.822632461914922 11.433552797802882 2.5108202436380163 4.9225754672760225 13.374414808459447 7.641332566222477 13.638053345139888 3.773902866375515];
euros_km_B=[27.234418382611402 16.823484944372808 13.280774649811661 10.709815450299672 25.79813029390681 15.035477312234962 24.269982020216034 2.912317923041725 19.977993495109416 28.976800911702302 6.59631432246614 18.229008385863708 5.954331622231416 20.328067780692418 9.51221813552242 21.307655134641408 20.309574495677502 4.492170713245951 12.324145629407942 28.26247649530045 24.75340392840005 2.7346728764267985 6.121345915734314 26.05340509994101 2.15952221374475 11.631766873095286 11.445466780623223 4.863554028312098 18.599783644562432 23.83439591435213];


nDrivers=30;
max_D=[151 121 197 121 194 215 162 125 161 191 216 154 169 172 129 201 208 152 197 173 236 193 167 194 217 214 139 226 232 226];
        

nServices=34;
S_starting_time=[700 40 352 441 539 188 419 55 404 379 248 405 299 601 266 341 328 671 380 677 210 54 208 325 375 203 328 297 706 17 200 239 648 321];
duration_s_min=[69 62 108 99 80 63 98 89 96 86 82 115 68 96 114 70 78 95 101 118 114 61 110 114 115 83 85 81 65 107 112 89 73 106];
duration_s_km=[59 60 30 53 54 40 46 53 37 42 42 35 45 44 59 56 51 35 55 39 52 53 34 52 53 51 45 33 42 41 49 49 57 49];
num_passangers=[74 89 59 67 21 56 90 97 40 67 42 78 57 93 20 28 22 93 76 82 44 40 94 66 91 66 23 76 62 97 92 46 63 49];
BM=250;
CBM=0.500000;
CEM=0.800000;    