nBuses=49;
max_busses=46;
cap_B=[127 136 65 140 83 113 52 136 21 23 120 126 139 78 129 29 50 80 36 71 87 52 109 40 27 82 34 21 127 96 30 50 103 25 52 79 134 41 38 137 134 88 26 62 27 54 43 27 117];
euros_min_B=[2.5607058557481146 7.332792667767714 8.030891477764865 1.3509754675567636 5.8899546702194865 2.5609659941037366 1.519732292362295 8.946428228974604 4.624850830601842 1.5005660080574803 11.103980349865271 6.907728147909664 8.278467921010876 10.551824805117485 12.558952820417383 8.34863689733555 7.25777474947598 10.814839970376404 12.951720856373168 13.988495686835748 4.712728445979934 12.17797956945318 13.382183918249542 6.552950777208943 8.700125870766191 13.347854694029474 5.567214868924058 1.1483117541610246 14.32027341664304 11.217177673620826 1.3376247731601534 10.083414149000802 10.894232266363293 11.720436891003072 12.225961582242734 13.62381599611372 1.6307628561799863 3.415466112365271 1.8298890512113994 14.76977497532587 10.561742364430533 11.902488402586032 4.723158564702994 9.15360476308605 2.5353036279729344 2.2385612199162153 7.003654323958398 7.1921020081589475 5.991882738289294];
euros_km_B=[28.665181239692366 18.795271981257457 4.410840851083432 22.222291587735665 21.38426199907257 2.3153503713453563 21.464251612844627 16.915858178804967 6.764567126491925 13.566100823817637 18.34585863950029 23.96070487889707 3.4169668960158006 8.868627032762912 13.027549629467677 25.709240422962264 16.850075883709394 19.077079234079477 5.626168450801212 27.951987865290096 13.054204218078425 24.990009492138313 16.357111823958803 21.315723951052764 15.04919428125757 26.130557209419354 5.115543202474587 26.98698839070212 8.900133845448453 1.0149494974790005 10.574307388672334 16.50001632081885 9.92066341862005 27.199764247277475 25.11460231030375 24.415726066689917 28.630151321534207 14.724095505962653 17.233445863630756 27.93513152009552 14.519052952718543 26.77978565948186 14.921460694415892 7.973250100390346 9.82255634049193 5.367116941680963 5.972934170595342 20.92600702227711 7.378569941065644];


nDrivers=52;
max_D=[136 192 191 231 136 167 239 123 212 208 233 198 178 156 120 172 177 157 188 166 187 185 194 232 223 207 198 212 203 127 191 128 139 137 195 192 166 146 225 188 188 227 183 201 148 215 135 228 209 219 180 150];
        

nServices=53;
S_starting_time=[711 521 72 145 510 526 77 69 77 72 612 69 232 225 93 20 46 334 643 514 627 218 517 353 236 114 611 116 552 358 462 207 329 356 576 532 164 584 500 24 648 14 641 48 651 161 368 560 261 336 386 307 665];
duration_s_min=[68 89 108 117 61 96 103 112 72 120 77 120 76 68 65 70 61 111 69 113 102 92 108 101 115 76 114 104 107 60 68 75 92 84 100 99 60 97 61 100 104 108 64 83 72 60 112 60 87 96 71 67 64];
duration_s_km=[38 38 35 55 50 46 49 34 43 58 40 44 49 31 48 44 38 30 37 47 42 39 45 51 52 32 39 52 44 39 49 38 42 54 38 53 59 40 45 45 58 58 37 41 33 51 51 33 58 46 46 36 56];
num_passangers=[94 53 58 25 20 77 27 78 93 61 32 42 91 52 31 87 38 73 66 44 84 98 80 88 21 41 32 83 20 89 48 56 52 98 30 32 55 67 49 35 79 63 85 89 28 70 64 65 92 74 37 49 57];
BM=250;
CBM=0.500000;
CEM=0.800000;    