nBuses=40;
max_busses=40;
cap_B=[56 121 33 79 127 113 110 111 125 40 128 59 53 43 114 104 51 74 65 76 65 73 131 72 42 41 39 81 118 139 83 106 51 116 42 86 69 71 119 84];
euros_min_B=[8.792538320787115 2.767240948708676 9.341793727593139 1.8732857702085992 14.578692187611354 8.769767695859477 13.475876786654192 13.417907208660097 11.30633440540125 7.959734500283303 2.475825458521741 5.182818655743645 9.273720740918204 4.212907543175065 14.142276143236312 1.5411875150666456 14.79474275095306 14.39405772724535 2.3875938291609384 9.031176980251898 1.0131119658326821 12.036120883177466 6.112794597741059 10.251682304185035 11.777326588615205 1.7537051380007598 11.294108877209876 14.843118267630757 14.27319344448851 9.349728699550312 5.136668545826617 11.374519588140442 8.372557014812298 4.72410486860085 7.417246676779461 13.008561844445786 5.000241692193988 2.6766679641617914 3.9109253136467683 9.984875209136518];
euros_km_B=[28.799962914019765 2.698870942795301 28.648242253855024 6.780313573247662 29.537124597433227 14.57432064021652 24.242669330317064 26.602220852912044 20.410982955960232 11.421089012988464 18.55521778207322 17.88576441230228 21.528549176850905 5.9914043427652 18.87470275022906 11.554747979004183 21.50903943319185 2.471803345821294 22.06880953525272 22.325821886543515 27.92036986350838 6.705743371642002 12.36187316854218 20.4406992468814 9.329414868498528 21.795422519803196 13.5858386111863 9.525686280429346 14.434917487229903 21.56709383040384 12.501909266309326 20.30266776255971 11.27288292077202 26.016929541055916 11.709987380866648 23.603085058012525 9.98659720828552 16.139928776732376 18.70491847096848 3.5897613589729542];


nDrivers=40;
max_D=[150 135 162 147 176 135 213 143 194 129 124 166 204 192 149 128 128 208 220 145 173 178 184 144 229 182 154 222 204 224 141 186 222 123 129 172 174 228 134 186];
        

nServices=41;
S_starting_time=[625 548 379 253 697 694 41 98 577 596 327 482 443 118 350 375 422 615 236 238 480 638 277 639 391 29 603 410 205 257 202 375 260 110 521 505 79 57 585 636 244];
duration_s_min=[93 60 98 61 84 115 119 71 115 117 80 92 88 109 109 119 99 65 102 73 110 118 74 84 107 75 66 113 66 74 108 110 92 108 117 89 70 93 105 71 60];
duration_s_km=[46 44 47 54 44 45 48 56 45 57 38 37 42 35 44 44 41 51 59 44 60 49 55 34 50 44 60 33 38 53 46 33 54 31 49 36 40 57 40 51 31];
num_passangers=[30 68 22 66 60 96 21 97 71 92 35 65 38 61 85 99 80 92 31 61 78 33 21 93 58 86 83 32 42 77 21 82 26 70 59 87 99 31 72 78 47];
BM=250;
CBM=0.500000;
CEM=0.800000;    