nBuses=22;
max_busses=12;
cap_B=[96 64 105 133 137 23 43 97 99 41 123 28 120 31 35 23 89 30 79 35 99 69];
euros_min_B=[13.359825831547413 1.406758692733806 10.640324634349351 10.83047006219058 13.042360517879132 13.355700163371873 7.717855200898642 14.77088197201895 7.125640711462186 10.49578939670871 4.739037124685594 2.401347307437398 4.21048801492577 13.334441279650399 3.5611082972582135 2.343975070016741 14.863641315083234 9.131987128076897 12.007798615888992 2.7182772112334366 14.157295355518606 6.5324712773910125];
euros_km_B=[28.622780497588472 7.682912189749376 14.421086545420998 9.826974005324237 19.519452697286873 13.06358088616737 7.561947909544012 19.86412402247419 28.733737443700477 23.53409410098216 9.419564733977198 17.035613773564464 1.6941754893016434 3.351036621247253 29.784482647376624 16.100573156098775 17.878687884809757 15.2677992439095 12.961723471342093 16.101098087207085 4.605888587871727 10.335791094542273];


nDrivers=23;
max_D=[127 148 136 170 129 137 210 187 203 203 161 147 224 136 175 169 181 197 186 161 203 153 228];
        

nServices=24;
S_starting_time=[87 255 400 710 657 243 699 545 30 77 506 719 662 611 464 261 151 141 630 400 154 1 446 308];
duration_s_min=[109 85 105 77 118 73 87 72 61 120 103 86 110 80 74 69 66 63 104 82 106 108 76 70];
duration_s_km=[52 33 53 48 39 60 53 33 33 50 38 38 34 51 31 45 32 38 51 44 35 39 49 35];
num_passangers=[94 66 74 49 71 41 33 83 40 80 85 41 99 29 69 93 35 43 63 31 37 84 30 72];
BM=250;
CBM=0.500000;
CEM=0.800000;    