nBuses=27;
max_busses=25;
cap_B=[85 37 62 29 32 107 115 65 125 106 103 42 35 79 135 28 128 123 75 61 131 47 110 30 105 60 33];
euros_min_B=[13.119863531351092 13.047660248154271 2.0761759794962953 11.206861770531013 2.803696363291923 2.7578682538103587 5.236095181479137 6.91194060409094 11.489787782815386 8.066297639947756 1.4758772142248617 5.386017420041194 2.150816604513104 14.89223986715813 8.244812622168546 2.0640020761172764 5.602523688673817 5.007190592382073 5.483643103837835 6.58213242607606 3.555593912870037 2.5294522343430925 10.270115128181716 6.024240993472261 6.440736025479813 14.30886964316134 3.9565824874438364];
euros_km_B=[3.996566233228045 25.33813454575228 14.957581260078417 5.63877569232408 23.006935550007842 22.2547320420768 11.918672163411358 24.46515771876736 6.5537468140924044 2.1386983579523986 23.7917090530479 10.964577889246382 4.258122284410745 3.298866767482612 20.652118716137146 3.150080747435231 18.84481747860445 3.4494975385405344 13.834336758475096 8.538528074238988 23.33670184115727 15.246369864674472 27.496658984741046 25.880549326442036 27.40086591599214 3.774484279522137 18.35380298332866];


nDrivers=25;
max_D=[160 123 176 126 197 165 145 120 159 210 199 211 224 151 199 209 124 227 132 149 219 134 148 145 120];
        

nServices=29;
S_starting_time=[678 246 71 482 544 186 672 143 377 334 160 161 596 319 243 96 698 552 265 97 481 0 294 383 125 672 252 579 231];
duration_s_min=[65 95 100 65 64 113 90 92 78 63 93 104 119 77 87 117 67 82 81 60 80 104 107 89 82 111 69 101 113];
duration_s_km=[31 37 39 41 44 57 57 33 31 36 44 32 47 53 59 49 54 35 50 31 30 50 44 45 55 35 60 45 33];
num_passangers=[84 33 23 89 64 25 73 77 50 41 96 67 55 38 30 20 75 37 61 61 86 40 21 29 70 86 94 100 58];
BM=250;
CBM=0.500000;
CEM=0.800000;    