nBuses=22;
max_busses=23;
cap_B=[36 131 133 94 83 69 96 72 124 87 51 41 41 41 40 58 89 54 46 84 64 57];
euros_min_B=[5.510010428792532 11.145783169024341 8.675478221550245 11.569488189928927 6.939556622793262 1.8088752733700526 13.02421233434199 4.163526969071212 14.18154260113625 13.63013975039407 13.334896359639641 12.832098801371162 13.100968742837981 1.9445348289203472 12.348460677092442 13.41438534326512 6.545645671565181 10.104485889420902 7.829776120201414 10.872601896812073 4.2732351419535695 6.458702214988472];
euros_km_B=[20.123705784274474 23.207453244081236 11.087168798307747 18.22860465207132 28.44982135414782 8.042128558629374 18.534586037708728 6.307749395720709 13.701427876484168 4.826425256077754 8.184211275601118 9.233016779938453 29.538897003563743 14.490080475540996 19.337381930670436 10.824121615854999 6.469300570574889 21.970093519342548 12.66727545121423 4.874716382089428 6.811790037148944 28.11241559858297];


nDrivers=17;
max_D=[133 239 226 147 184 187 183 146 222 202 210 120 213 240 127 212 125];
        

nServices=24;
S_starting_time=[371 426 386 497 13 573 312 35 716 205 99 414 456 684 70 318 414 504 474 714 254 412 231 367];
duration_s_min=[120 82 100 66 114 103 92 77 110 120 98 80 97 60 65 106 96 79 116 101 95 73 72 105];
duration_s_km=[47 52 51 42 45 33 58 49 56 33 41 45 48 42 30 32 43 37 48 53 56 46 59 52];
num_passangers=[89 57 43 69 90 41 88 99 35 96 87 37 63 99 83 79 44 42 69 42 68 49 61 37];
BM=250;
CBM=0.500000;
CEM=0.800000;    