nBuses=28;
max_busses=32;
cap_B=[136 92 100 81 55 59 115 51 73 84 22 23 104 110 51 88 23 111 60 24 34 63 123 34 82 124 59 34];
euros_min_B=[13.078655063128775 11.807632398323387 2.157032232355067 4.440926889872425 14.538150725983154 9.20379890498053 6.563070020625732 1.663414675692085 8.152796789374582 6.927878137004663 9.246228844544058 10.192903319844266 7.366157682360807 5.080051200100499 5.981316049285224 2.871535870092145 4.833438429466377 4.445873761128692 7.208244892243284 10.746724534569626 7.026218873691521 6.557631068344592 3.099733572083661 8.803085347232917 10.030618960083036 4.408531515497137 6.958797654386315 1.1558623213468262];
euros_km_B=[16.848943642759497 21.14177254497307 26.72066968678775 16.793610698170404 12.479964667317025 23.497676534039474 18.782245058788153 22.223883341204843 10.864343137320503 5.293953202723182 24.64299469125922 8.582357062683418 13.362772783663956 14.451893422126819 7.487544594498128 18.69220674671934 20.253571467653526 12.551915284721213 15.666455382899382 16.198028640839084 26.116222158339017 13.640776710625243 19.355383489596974 20.92210161169126 29.107161250277684 2.8538923416776627 18.278685428317107 16.344495858070168];


nDrivers=28;
max_D=[165 151 139 174 128 194 225 172 132 141 173 158 176 180 197 122 137 124 162 195 125 150 165 124 235 197 237 198];
        

nServices=34;
S_starting_time=[540 490 346 287 694 289 654 207 677 380 226 237 304 575 424 690 427 146 363 685 110 408 593 337 53 207 213 336 549 179 623 325 177 39];
duration_s_min=[70 68 85 80 63 95 106 120 88 63 63 81 117 117 102 108 71 115 89 100 97 81 69 76 69 108 67 87 95 105 99 118 113 88];
duration_s_km=[55 32 41 42 42 37 41 44 40 45 38 38 58 41 44 36 60 53 32 43 52 33 32 59 46 49 40 58 40 30 59 58 31 52];
num_passangers=[22 50 27 45 83 20 95 74 31 90 86 41 39 70 69 75 76 65 24 61 89 100 72 34 37 86 87 70 69 75 76 43 54 37];
BM=250;
CBM=0.500000;
CEM=0.800000;    