nBuses=63;
max_busses=59;
cap_B=[91 137 69 42 140 23 62 38 34 77 67 122 104 112 119 30 110 90 65 123 34 78 120 108 54 46 23 99 74 89 140 109 25 40 136 99 45 123 30 100 78 118 92 105 65 48 108 27 85 92 46 76 42 113 117 105 68 54 126 92 88 132 84];
euros_min_B=[5.511909528605908 4.924399043242683 4.3382581776762565 7.348583267314302 3.0294591708980123 8.126975360541573 3.949587595444253 14.686244017854008 5.43929699190525 3.9864603901188564 9.678529383191792 8.136643728106975 12.953598918954079 2.5023859315505956 10.229953372371172 10.151500798887337 7.311195060211233 14.9115900857377 14.106055615758708 14.576827174192942 6.977347541309502 5.848837866297389 3.658856215938572 14.800132924848654 12.727234323287917 5.039869146933112 1.7889907495489838 2.8897769721603837 10.541852123980489 8.322132437313078 4.293108619365187 7.907966428951264 7.132095970077815 3.468079817785188 12.509904597117778 9.812716741777562 10.657783528406974 14.117911476870137 7.228527890997355 13.338335858763168 8.74407144836596 12.072147003836191 11.491512652499477 11.838863492882108 5.027540926731978 6.800383037684323 5.291612284768332 12.150215794187648 2.6519781814991386 4.241015990930947 5.414158507542343 7.099915915101264 13.210100789208077 12.128736121754986 3.6555234439608206 1.6232170676595385 13.141052892307577 2.8324491391176556 5.570018193862941 6.615399694124841 2.5750115497706663 13.046388560737093 13.486142857822914];
euros_km_B=[28.88451323184814 13.521954946679617 7.672005267252675 17.658129925363315 7.670110150111618 23.05127119059041 2.741384175782665 19.335272971885487 10.085625646269516 3.7680268300715465 1.0176044535585098 28.00000918273914 19.25620286723281 12.514043823006066 4.290617107936206 11.946291899783217 4.793748113419268 17.102962255009718 4.59919197165053 6.924999475630582 14.890219711888674 10.590839527888987 26.35998419003677 7.345563069540599 16.256070779712804 26.667909230476138 7.772577864738876 5.955294802868903 8.96364333632821 26.3641275396368 18.20540926204105 4.7887873487697 19.26893589192028 1.350793005588802 29.552188493309373 9.818884779505966 9.288340650277865 1.586505595680975 28.611556890114255 25.04139608560358 21.28016548291471 25.367942820247595 24.819306111238955 9.636940283781446 10.995452470377089 18.787410170899506 24.96228199255012 17.692742275693057 12.637737906315783 25.08601421752601 24.221283602096502 23.638032595336714 24.681165955574812 28.026134572200437 26.079807925874672 3.751380932330143 1.9773485700253717 9.854154198285945 1.211651559813914 20.233338794466913 25.244735675918264 12.310301886689516 13.552028067304288];


nDrivers=59;
max_D=[180 163 138 135 204 192 164 159 148 187 200 184 224 201 130 178 137 221 223 198 222 169 211 232 164 146 166 190 170 143 186 214 166 146 228 168 121 125 120 133 210 232 191 212 123 215 188 207 238 227 145 124 229 191 130 196 172 141 170];
        

nServices=66;
S_starting_time=[619 311 577 490 447 517 38 199 103 543 350 73 667 79 701 497 358 691 84 393 698 392 463 537 261 538 328 650 515 503 63 134 344 507 365 442 66 713 686 673 360 427 53 505 495 95 183 156 583 647 231 597 638 712 323 656 570 704 2 368 402 560 615 260 182 617];
duration_s_min=[78 68 82 100 106 90 75 87 64 98 69 108 105 88 81 66 104 110 108 94 68 109 104 66 69 79 108 82 115 92 83 114 116 78 114 77 112 90 93 62 81 101 117 81 70 90 79 61 111 82 111 113 60 94 93 96 75 99 75 70 109 101 70 120 66 80];
duration_s_km=[35 46 38 50 36 58 31 40 40 41 46 38 52 40 58 36 46 48 49 47 53 46 51 59 58 50 60 41 41 48 40 57 41 38 40 40 49 56 48 36 57 32 30 49 51 48 59 51 34 45 30 32 57 33 36 45 41 41 33 45 46 39 57 48 30 36];
num_passangers=[57 68 47 38 31 88 81 80 62 20 87 37 28 28 52 95 76 90 100 41 93 88 79 98 63 69 94 87 90 85 58 94 21 41 56 39 30 63 53 37 33 74 92 27 33 75 85 29 39 98 25 74 46 61 31 23 41 68 56 49 53 72 93 45 100 74];
BM=250;
CBM=0.500000;
CEM=0.800000;    