nBuses=20;
max_busses=10;
cap_B=[32 127 32 121 135 123 73 95 62 27 20 92 98 100 64 56 91 71 30 100];
euros_min_B=[14.056449197878052 8.890376802103253 5.025773504819023 1.8898327752727389 9.960430233867454 2.547083188369203 10.247070431186646 2.9260595345872185 1.9916219878520502 14.31233901097913 3.8137765674828947 8.108889769420099 1.768285152749446 4.647294699609066 9.227247114300335 8.271688708191288 7.708478007672093 3.8004015761241066 7.295355933882512 2.8160110639457354];
euros_km_B=[27.944936194464933 5.942505935879951 11.010323286776398 17.55697480778376 23.181769524464904 10.95822127288144 16.856772175592347 23.646673060450794 1.9673339702048864 9.721878428443407 15.874056024465443 27.35936259829227 17.9830437721807 15.620825008501505 23.711193239855334 28.882395529518345 3.4235194471653188 25.5567595679363 22.64192472376773 7.802074997219074];


nDrivers=19;
max_D=[157 225 146 197 127 209 160 200 201 222 129 238 136 123 172 143 231 140 143];
        

nServices=23;
S_starting_time=[11 113 40 705 257 224 596 253 689 295 633 588 60 538 609 217 276 422 422 319 621 166 49];
duration_s_min=[113 78 81 66 83 65 91 81 82 87 115 107 75 83 66 79 60 101 106 105 101 97 106];
duration_s_km=[55 53 43 44 47 36 54 38 35 46 58 42 38 52 54 30 45 57 30 31 48 57 53];
num_passangers=[82 72 53 62 34 49 74 61 39 78 70 65 53 41 75 33 62 73 25 96 59 73 54];
BM=250;
CBM=0.500000;
CEM=0.800000;    