nBuses=27;
max_busses=22;
cap_B=[23 95 120 49 60 67 34 29 105 32 115 46 34 112 32 45 26 77 116 132 35 115 139 67 60 78 115];
euros_min_B=[2.2622336715617792 10.255793509758423 5.362045280233048 6.541028333251206 8.035127689702371 14.234629308930746 4.205870074610021 9.733169866948952 12.392269829733904 12.918686705073755 7.914033355647052 2.304703272120671 9.044567327369789 10.09114679050127 9.920968263592181 13.804043102427874 12.136115862087168 11.035969550276022 7.200192239519215 3.8842882938013696 8.647401665450575 7.174349269605073 13.883449382017648 7.575144085739713 14.47093601838024 11.5789881542619 10.666576356884278];
euros_km_B=[22.594536534048675 26.522005178615682 8.053968401095315 29.588802811369778 17.57523920988453 3.3597315830965035 29.098020998157946 14.146536120882699 4.4359298765721 13.92451769389236 11.043512036996033 7.153705238916798 22.445836886345813 6.123343718977666 27.7202977743705 26.41251367965106 25.767454763915 21.330812913674656 26.988342894226985 18.61316084040544 22.857418436584656 14.260064713512254 11.293871851418706 22.384761826980757 29.015211009579055 29.686856007054175 17.92394557803075];


nDrivers=26;
max_D=[226 190 238 231 208 146 154 206 236 153 225 180 214 226 183 213 177 187 202 237 169 218 219 202 186 205];
        

nServices=28;
S_starting_time=[319 333 255 649 14 177 197 371 412 22 584 466 48 383 408 37 591 181 711 566 176 331 502 253 303 106 449 391];
duration_s_min=[88 65 75 84 71 112 69 76 87 62 104 87 74 115 75 79 94 101 77 117 113 92 115 87 79 84 104 114];
duration_s_km=[55 47 41 60 50 59 57 59 53 43 48 57 39 53 30 44 45 40 45 35 45 54 53 45 42 37 55 60];
num_passangers=[24 76 43 25 45 75 41 35 87 33 89 38 36 53 96 36 40 53 41 51 56 50 46 43 74 78 67 61];
BM=250;
CBM=0.500000;
CEM=0.800000;    