nBuses=27;
max_busses=18;
cap_B=[87 45 23 57 60 81 50 110 47 65 92 114 104 118 115 101 69 101 129 78 81 74 101 123 114 104 70];
euros_min_B=[4.488414618184798 4.841682317991958 1.8722000111776906 10.920512154041853 5.025877367104549 5.834576116836457 2.820235248804884 10.387468634594875 4.394451628627469 2.362622246161032 8.631841514145302 13.04322325297425 10.401390093461202 10.254155081275892 9.253862696982248 9.156679914567748 11.219129100620894 8.052956913105266 1.5198113291013389 9.475300624918193 2.938093098994256 7.5055969541828755 5.131491096783949 5.13773792095356 5.25562352212022 8.804934153023828 8.692342461259429];
euros_km_B=[7.471355585740498 18.535460382348163 8.393338611907328 29.97692206761019 21.807287554275028 26.897850546824298 11.582094309202521 9.26844527607286 22.834366945672567 27.29671245506076 2.4362259958234826 14.704294205653621 1.0938769465494411 16.13905332793273 14.432551365111097 2.1799394390083813 9.436982984241528 22.480808412423716 7.235528345435412 3.7826609186139963 9.871559005319257 29.63228585694537 19.404743429586308 6.337839775635245 18.93110499408608 20.385933559087093 5.238318810923826];


nDrivers=24;
max_D=[133 196 152 228 223 198 230 125 228 178 211 139 225 147 148 145 178 179 199 211 208 216 167 165];
        

nServices=28;
S_starting_time=[188 54 222 455 59 547 538 225 33 396 668 520 702 514 376 195 126 370 328 613 263 597 412 699 249 87 659 657];
duration_s_min=[93 79 98 109 82 97 107 103 64 99 71 82 105 107 79 84 102 76 63 84 77 64 111 83 77 98 68 111];
duration_s_km=[57 46 35 30 38 56 52 47 36 42 37 51 39 32 60 44 58 46 54 31 30 39 48 53 49 58 52 35];
num_passangers=[69 88 98 38 25 75 56 28 47 73 73 46 92 95 36 74 38 92 28 89 40 28 86 91 98 20 73 43];
BM=250;
CBM=0.500000;
CEM=0.800000;    