nBuses=62;
max_busses=54;
cap_B=[103 104 137 69 110 101 117 136 119 129 44 101 38 46 52 34 26 99 20 69 34 75 31 56 98 49 54 115 90 97 89 52 27 90 69 134 59 99 112 75 106 80 24 136 46 23 138 84 44 114 118 131 133 30 95 111 82 60 21 125 22 107];
euros_min_B=[2.0141102891957514 7.5709043357597094 7.8913833629077255 2.7026217203657366 9.064657603761976 12.911264549808068 4.045986414680005 5.46842534042786 12.407846853322981 6.486154104073126 14.867807520372258 1.4231056032773521 5.710315391040389 9.382428608163538 10.909243733795149 5.335692735383293 10.303152662232076 10.563013752919403 6.124368879793267 8.96264387567152 1.9128877179690247 13.348692163922586 10.51468144551515 1.8261895108022366 6.016675627959246 9.115509908601032 14.486060580679638 5.802352380414728 13.072603570956609 3.0277997320913994 5.079009955066478 14.298395865793738 6.703651061082734 5.25255383221907 14.04037356573422 9.449032290857767 14.226982792228819 3.0189956729890506 3.0583436614889585 2.2187291973579706 14.485985945881946 12.391490002336326 14.226513787967898 12.449007096199514 12.300801702945572 9.946940348049054 13.392175525433109 14.469685829180733 2.630287665847522 7.290297143716273 14.562010315404173 13.02276467758768 10.485545215519279 14.624720708162986 3.953320088842291 3.750763440486481 8.007245573426703 10.912748898713637 3.446484343405519 2.4755331745547293 2.8235227727144436 13.754183416425818];
euros_km_B=[14.778271681179433 18.410654813631005 4.758024590463128 5.179427693049248 23.399147031952303 14.52884183382721 22.491113058406494 15.235487769453202 11.604101859182549 23.47196743745061 2.106426309279936 12.208937921353959 26.532139400991948 5.293068517489098 27.34562114793817 8.236514823192234 26.7903224202687 25.650062988970205 14.73795489764165 23.777014936675425 5.184515648966378 12.644461018318319 23.398119753825885 23.270386049022523 18.970588539070043 6.7137959467822 27.157024014639465 9.345251111815283 9.072645393318565 25.12023981754124 22.690140811455773 3.2601219043663314 20.566363211671355 3.014582812871636 20.239181246743474 26.631660730789395 12.082030736668353 9.737771282830794 23.213279184352764 18.743024684884197 9.032585434875099 5.380752295957796 25.752215329173097 18.379104920081716 25.81783712967321 25.39837034447266 11.906080040797022 17.100233162486422 20.817048168021355 13.626993998214116 4.548201126334282 13.113389512609396 24.630694725880506 15.197735086263464 23.801585652319822 5.362509085221289 9.540743693253495 6.4716931246244735 1.7794112801204087 19.497296585026056 27.280407807034173 23.056738266798057];


nDrivers=65;
max_D=[153 157 216 229 204 174 175 135 177 173 123 145 200 122 161 232 150 199 236 140 166 158 148 189 198 173 205 234 167 200 178 186 186 147 127 121 217 138 202 134 133 180 161 237 223 231 204 212 134 140 134 148 213 166 208 162 212 185 127 178 214 204 135 157 222];
        

nServices=68;
S_starting_time=[235 290 654 376 480 84 454 554 183 628 283 714 657 25 596 234 218 173 455 437 339 290 624 296 34 318 35 153 545 96 541 406 46 326 213 118 173 620 683 504 440 343 629 133 352 410 265 195 308 70 60 462 434 380 412 467 1 204 247 690 102 308 35 530 95 341 568 177];
duration_s_min=[120 107 120 69 89 76 87 100 109 115 96 75 93 93 69 76 94 113 95 102 101 99 112 68 73 93 76 79 79 104 75 81 60 109 117 86 107 84 109 118 79 106 111 78 107 81 73 71 104 73 115 118 115 80 110 118 75 103 98 78 120 83 87 118 102 114 79 96];
duration_s_km=[44 54 43 34 52 56 42 46 50 48 43 41 51 43 53 33 51 33 53 40 46 50 57 57 36 36 38 33 53 60 46 47 40 43 60 53 56 45 38 59 58 37 58 47 54 36 32 58 47 43 52 36 53 51 47 36 47 32 33 33 58 52 59 57 38 31 40 35];
num_passangers=[61 63 56 24 42 27 73 56 99 31 99 86 61 50 22 56 39 32 28 86 97 55 36 29 96 66 82 91 82 64 75 50 51 72 86 70 22 31 69 35 85 43 33 67 44 86 46 24 66 82 53 90 21 32 82 33 53 27 21 75 64 78 87 76 30 93 51 39];
BM=250;
CBM=0.500000;
CEM=0.800000;    