nBuses=38;
max_busses=41;
cap_B=[91 69 127 111 60 27 83 117 42 61 57 37 54 55 136 98 91 46 116 122 58 118 29 63 80 120 82 35 32 40 65 103 53 118 92 95 23 95];
euros_min_B=[12.132122633171399 5.159843222053589 4.60998971688437 8.126221160259774 7.889797929030264 9.291432037175008 8.050091099925595 4.912231253567439 2.407107371124951 10.250362491537285 5.879870982137223 9.163441173194895 8.85376967450017 2.3906630314060733 10.051321229859404 7.13034367581501 10.654258916546016 6.636932860333792 3.600278249526106 14.41818110202565 8.429296685512874 11.138359993683872 11.523485122835833 5.1153797319277166 2.656318108978763 2.8927083293089124 14.266257820954237 11.607488426107269 9.41914421675386 8.472158168198044 9.971792876568077 14.1980225870578 5.689863464258638 7.592622536520958 7.6820864344511905 4.396027217411632 9.269057679304183 9.812671294107822];
euros_km_B=[7.3069268933748 24.753037502799163 6.131650556911479 21.232242959378784 7.646497867339523 7.751904185164263 16.013957996915206 6.255207111376292 3.7781316847269495 18.577681654433274 19.647645040593414 28.142576331276093 18.238306970858474 22.2461366518053 26.71554788571674 14.604517812898733 23.204155189471468 4.891462221717064 16.42736150711014 26.12916157541763 9.341907238049034 27.820115374551445 11.626182159411043 26.317724972877745 23.50730044925386 22.12402189640833 4.681857422503398 10.814117492451881 13.577911102540021 27.61540123534882 13.292875160760495 4.484542053233562 1.8033905013196856 4.991803806947381 6.314919733836721 21.19621228349686 20.685839808175277 21.968643102396964];


nDrivers=36;
max_D=[179 148 228 170 124 195 143 178 178 170 156 120 210 237 231 232 164 214 136 126 223 140 184 146 153 165 229 187 186 156 186 215 234 226 178 150];
        

nServices=43;
S_starting_time=[211 704 269 110 53 469 594 663 635 418 648 54 678 235 714 119 48 545 246 260 587 268 21 452 199 41 125 670 656 153 62 392 395 496 77 414 308 132 190 407 521 511 153];
duration_s_min=[81 66 63 75 72 64 108 76 108 115 60 75 101 63 63 111 97 93 105 88 100 99 63 108 94 98 120 65 102 106 71 111 66 62 104 82 67 119 102 95 65 84 61];
duration_s_km=[47 35 34 50 37 34 55 42 37 31 40 46 41 57 38 45 48 42 43 56 58 49 39 44 39 54 41 56 50 56 40 52 43 49 47 51 54 36 32 57 42 38 30];
num_passangers=[60 98 47 47 96 74 96 42 79 100 22 38 54 45 26 40 82 79 70 64 71 70 36 98 64 71 55 82 53 68 83 59 59 83 52 46 93 32 59 100 26 29 64];
BM=250;
CBM=0.500000;
CEM=0.800000;    