nBuses=41;
max_busses=33;
cap_B=[66 119 40 40 20 136 108 122 76 30 130 44 50 100 138 101 49 115 87 57 133 47 138 90 31 97 32 123 20 100 82 124 125 122 81 60 86 61 39 71 111];
euros_min_B=[12.099405941322555 3.618002786311835 5.3983263478156065 6.476266666539923 2.5778897816071984 4.430597423326743 14.421303789073262 7.8762076483379575 4.561899017000506 4.049185943898402 6.157929651036682 2.3812542355583135 3.7953221419054644 13.051653107277916 7.748976604887518 7.640964799229107 7.129963154241466 8.450814655029927 7.236069405930595 10.10247156692331 6.412471982760425 3.0382433527326818 12.487844073722423 1.8370751928034488 14.374799486529584 10.701321808010292 14.365769939490109 14.47644116574657 14.747358674919454 8.900073462183105 10.624316505637093 2.7151701290125283 11.824966188046593 14.338943108863988 2.325235825756957 10.905668517591852 11.671364788475191 2.751807565511137 11.951226460036661 5.655486697661873 6.19086447334787];
euros_km_B=[29.180915029285284 20.57822514285531 17.25520765650424 19.90848335794684 12.087436606117864 11.946005638804266 1.100219816988903 1.6552864404263805 27.693841327696873 21.61496925877584 29.249305961271613 25.783540628300948 23.18089196364058 3.805553700000944 28.970014358942223 20.98810950365655 6.443771012190753 16.83213047884064 17.80713200486077 26.627112473260176 3.7522548624289676 6.020316072843881 20.637282611379554 27.5977122150105 29.217539320289063 24.875000549899788 22.606780093368975 3.1325466431164513 25.056825770063156 5.254740329730181 18.071742896939114 4.722506579860518 1.5001850043256457 20.25618589195347 27.637890744584958 17.489295820081654 11.729306761815398 7.504073333971251 23.217920463971616 9.102167185586048 26.363665685756583];


nDrivers=42;
max_D=[168 166 204 129 175 155 150 238 145 233 211 170 147 224 149 173 185 211 239 158 150 125 181 125 138 152 176 136 122 130 233 205 190 122 218 127 232 178 156 151 128 122];
        

nServices=47;
S_starting_time=[115 446 685 338 395 108 627 605 122 237 242 435 64 419 141 374 574 497 278 683 368 31 138 576 45 255 341 135 210 622 506 49 636 358 125 30 671 685 352 601 390 253 710 678 574 217 459];
duration_s_min=[63 94 111 78 87 95 69 69 120 118 99 83 63 102 68 118 85 89 64 84 107 86 92 104 87 61 102 119 97 81 98 95 94 93 73 99 61 60 120 89 116 96 71 70 81 67 90];
duration_s_km=[49 48 37 31 36 38 30 50 44 54 36 48 37 39 30 53 49 39 41 46 31 30 34 53 37 51 59 33 48 43 44 33 52 52 55 34 34 44 34 48 54 41 55 38 31 32 33];
num_passangers=[82 32 87 51 51 75 74 70 23 62 60 62 97 65 92 91 55 95 56 36 94 96 65 92 85 59 70 21 26 93 84 59 53 88 40 56 74 66 84 24 58 29 95 57 35 62 38];
BM=250;
CBM=0.500000;
CEM=0.800000;    