nBuses=26;
max_busses=25;
cap_B=[122 42 133 132 37 85 103 104 118 118 80 97 97 100 62 117 128 25 93 129 77 48 58 79 103 94];
euros_min_B=[11.696386623741741 4.343364809048092 4.8904731767302945 14.953500757095174 7.148343701982004 4.626893563297247 11.563731639906445 6.4424146947781695 10.225175673910513 10.737167630594541 7.530267201719978 6.190997713521665 14.876822091699896 8.862449628588779 11.082814547444793 9.12673443300408 11.379684709281785 11.696966349713252 6.344687891009718 2.701743983188905 4.737502362618697 12.412892960870195 8.015464931781805 4.777405729521194 13.39290255725019 12.801679380855566];
euros_km_B=[18.243322474360788 9.32881405280575 14.980369673713037 24.803033266743526 25.936368407941067 22.829688729591815 18.144001744021047 10.324928438452538 29.803212343117853 16.617225288031477 5.389685998218862 19.910141470526746 5.785615411017982 18.4149544908263 25.792609649014977 16.40906596219169 24.931782533169386 19.764006685308722 7.080542469706496 3.935007063558237 16.092239288113802 14.225292451386657 16.551876650133927 15.521178890889434 6.544992730397506 8.95136044154388];


nDrivers=25;
max_D=[169 159 206 237 231 154 233 213 143 133 231 230 200 136 220 183 171 238 230 129 203 240 148 199 201];
        

nServices=29;
S_starting_time=[465 263 499 16 434 679 27 545 608 545 144 81 527 88 523 637 290 254 423 258 653 628 479 9 459 173 47 278 167];
duration_s_min=[67 82 99 64 68 63 120 111 85 107 86 106 67 78 69 105 113 77 65 79 107 115 113 70 113 81 100 112 66];
duration_s_km=[35 47 52 54 43 38 49 54 33 49 47 59 33 44 49 42 32 59 48 47 51 55 46 40 32 57 56 55 56];
num_passangers=[26 72 90 38 70 46 29 51 70 21 32 55 96 85 43 36 48 67 83 38 30 59 65 71 31 48 42 93 29];
BM=250;
CBM=0.500000;
CEM=0.800000;    