nBuses=41;
max_busses=37;
cap_B=[59 57 121 51 50 112 26 62 60 115 24 140 124 76 136 137 115 75 138 125 87 129 112 65 119 52 101 56 44 43 90 104 115 136 45 127 25 101 62 136 110];
euros_min_B=[5.8819088315848465 14.847676986887889 11.912233589471407 11.873608110579118 8.376989177975108 1.9732428246755132 14.028791694822552 13.187364174111035 2.472229664527064 5.209372278294653 12.548897216119736 12.386115408513518 6.083929033289127 8.658951260010067 13.960104039774734 1.8643094636028954 2.542634949105528 6.420587643210515 4.495345975670383 11.019754833336608 2.182808319914524 4.056449461357913 14.454661140434606 7.9307940344270635 4.510904507952298 14.02802878011227 3.221386995109191 7.209376311192889 2.0857218097908037 4.328567438243912 14.013831216273159 8.691961298005667 13.418862856977775 1.2055386187812194 7.25849640636981 13.925409347042402 14.43011099433569 12.973869432210858 9.38451067945863 1.3875274468203513 7.667335840380488];
euros_km_B=[5.135829340008224 21.110058261513906 6.666710902667045 12.412861548672721 28.663000842314045 15.374870754423487 21.755268096021357 1.4808324488765345 8.603781983871341 5.902942457757695 24.997966883425672 13.435381120661674 24.54699203868433 16.289038786654963 13.944008273095207 29.12765981316657 29.386394443333685 17.341203332825792 19.38488908050814 19.891451835052766 6.430749880201453 11.154039051151365 6.2405094331768725 29.596848508991926 27.339610310620184 16.08187413387946 14.6937135749178 13.247963008647199 11.530367225465426 12.222778010562639 5.489869497329651 29.039095802898903 1.9615287920917859 14.371138663273012 18.59706926272691 28.79983132602238 22.911569786515766 23.341221526551045 21.15140565272429 14.76696940915723 9.57101134698518];


nDrivers=41;
max_D=[197 191 146 200 227 194 186 127 185 197 138 173 220 143 169 145 125 211 208 214 142 188 240 162 166 204 185 183 158 180 228 155 217 209 183 172 150 135 151 153 127];
        

nServices=43;
S_starting_time=[447 262 10 244 123 82 108 553 154 167 106 102 409 175 509 86 630 719 297 540 381 162 420 171 539 121 61 175 136 336 239 455 543 604 718 419 279 221 602 531 543 40 300];
duration_s_min=[90 68 111 101 72 118 96 66 82 67 62 69 83 72 110 98 91 62 62 116 68 61 104 68 60 97 61 87 64 89 67 101 100 120 114 61 111 74 62 96 103 118 97];
duration_s_km=[34 35 45 52 50 42 38 34 47 38 34 38 38 30 51 60 46 44 31 50 54 56 35 38 59 38 34 41 31 39 48 43 32 31 33 51 59 41 32 59 56 44 56];
num_passangers=[30 45 33 58 39 43 57 77 68 49 27 47 25 66 97 61 26 61 53 92 76 66 49 63 34 79 47 35 97 97 31 31 24 92 84 58 65 87 85 42 29 85 88];
BM=250;
CBM=0.500000;
CEM=0.800000;    