nBuses=64;
max_busses=63;
cap_B=[49 34 121 82 117 140 70 38 54 85 124 126 65 80 103 96 76 92 91 96 100 116 25 93 41 81 106 58 139 36 41 85 20 21 87 78 128 26 67 137 59 73 42 140 59 139 42 79 49 41 138 53 95 22 120 120 23 122 36 82 73 48 43 126];
euros_min_B=[13.460958976624063 5.3632855374424375 4.9370916559953715 4.477858071078085 3.7331281905348046 11.030040829227964 1.2774095256622793 1.3057714958370643 9.477504540173062 6.627715697869169 10.647943939357909 8.085424078856862 7.981095469564252 5.916182772583035 10.95232793169281 13.462907993053582 8.9673061340098 6.098742010152258 14.690168595601271 3.813283407798992 5.709320518532598 2.246123275017422 12.956957812302722 12.593529483971786 14.97984766317265 8.922336100837796 10.4570359439369 14.943287308910815 3.744335819164606 11.994555194510298 12.800924966206027 2.864056290717704 1.1762402104725636 3.7417283152287277 5.068197492346008 13.273048078746825 9.084685037755387 6.650027450486847 10.53605832503101 8.383851890434183 1.6068757243574276 11.955974704147419 11.762278634434299 3.789593209360306 3.87540030026417 1.2692657689917153 8.606596247026477 8.017363426101483 7.724585461528191 5.067078328936466 1.1862288490286377 14.88375212415861 3.109586290832614 12.192086791384586 11.004500596114898 4.513123766074272 12.665946030228417 7.889566334237529 5.051210897308737 6.49079559230546 14.422552216496818 5.012334270925403 10.150044324977737 2.0265274789790384];
euros_km_B=[10.325943588475457 8.323123649290778 21.993461137750458 10.404944137187917 26.296590494540624 18.363479999810757 29.760820529634955 4.397825009162274 2.2447534104294946 16.414758926995702 9.099897613100906 15.871276126460868 11.528623295074697 19.805146980493372 20.253064353921925 19.457519221210433 20.671396523669657 15.447310759112536 25.078456533908 12.696125734949797 11.15029343552 6.106483268071917 6.536458259045333 26.9674823341979 23.038938647776455 11.431616724055132 24.015687228842978 15.529069561427601 17.076032052863134 27.938037099931083 15.881763506413954 29.077067800432754 20.608675050095723 21.54209587671244 11.669378606899352 12.967703549289714 10.726030472057136 20.39273752752423 28.909928463252825 2.595700297975735 25.910765509339125 9.857276347874699 4.352486692503309 17.94022116820725 13.329009733614134 17.927863650375738 2.359712255690574 4.670898354215623 4.159078496210025 22.578441536374033 24.44178539159587 26.020887616038515 3.535976213954713 3.1391110800548434 20.662587335443344 20.274074147450083 3.5532792219170894 10.718017014397448 22.734542774683998 13.162646122239 8.011028194034687 14.510081370437591 6.358643809563221 1.1809831496113543];


nDrivers=62;
max_D=[152 185 142 192 143 215 238 168 209 235 149 169 220 205 159 225 234 237 164 238 223 139 136 193 174 120 129 215 218 130 132 238 133 206 229 235 180 175 129 180 149 206 204 224 211 133 168 193 200 222 200 229 138 127 152 225 231 123 142 176 121 209];
        

nServices=69;
S_starting_time=[28 590 514 403 55 245 70 584 70 640 388 711 542 269 99 647 85 76 326 325 437 458 20 543 491 600 574 267 178 342 203 249 401 582 445 281 596 106 629 175 672 197 575 448 553 618 63 125 91 409 191 638 279 671 3 254 115 155 172 451 115 74 295 716 325 426 454 683 411];
duration_s_min=[119 114 78 84 93 98 83 109 94 67 79 115 106 116 107 109 109 100 66 94 64 80 85 98 110 103 80 64 63 106 88 82 106 96 90 96 80 111 94 92 112 70 91 84 67 73 109 95 107 74 64 112 84 75 86 71 113 99 94 102 104 80 113 86 80 106 115 96 79];
duration_s_km=[35 45 50 51 36 43 57 30 46 41 32 48 38 59 52 46 34 35 31 48 38 47 55 34 38 45 35 37 47 35 30 42 48 40 36 53 35 30 41 38 52 48 56 38 47 45 55 49 47 31 44 37 32 32 30 47 41 36 54 50 48 60 32 40 51 40 53 38 34];
num_passangers=[98 48 72 95 86 34 36 55 63 39 91 92 78 41 89 100 38 82 44 73 90 78 46 79 98 96 78 73 60 61 76 78 39 43 80 71 67 91 75 64 38 54 34 45 73 92 24 39 39 30 21 76 79 87 88 88 94 21 81 65 24 41 42 47 79 36 82 41 50];
BM=250;
CBM=0.500000;
CEM=0.800000;    