nBuses=64;
max_busses=60;
cap_B=[69 113 68 72 50 121 74 133 125 52 65 24 111 55 85 114 139 41 65 68 47 110 50 121 102 53 124 93 133 22 115 86 45 112 24 136 119 114 106 56 67 53 105 43 90 33 114 76 79 73 135 82 104 128 63 128 23 31 102 102 119 68 45 28];
euros_min_B=[5.91929599520037 13.07912983012373 2.119130505465956 13.744192583738773 5.097123356726641 4.010153983794105 4.273494615928252 7.237522489473729 2.23306245826324 2.730200553754229 5.549174714557291 14.699542656796915 12.94701916242495 5.290141500487357 7.088972025542675 2.0646276509771204 5.157712356123852 7.131989346152729 12.622555616021566 2.733583702934625 10.517772343914304 12.832594364593044 3.721125536243332 12.27956020586816 5.520613857987042 4.676422725111084 10.481567897023695 4.65330289615051 2.496571732487941 1.3015472267844173 4.84037730055205 4.664106848434152 8.224773275981233 9.281233172611529 14.082389935684432 8.970204046104516 12.608750218875075 9.472450832027029 2.642259802973725 14.965850501518236 3.333283817891644 10.86593836397552 11.097314147474172 9.92787118566213 5.629799927799135 6.952907628487128 1.888335406604338 14.090198002786725 8.264112565369505 7.932215299449785 7.855614373830931 8.699765369934866 10.334291147640545 6.388247713220974 8.039876165952599 6.229866651581434 13.915597738458494 13.834251210913498 7.5867914392340845 13.524652798842366 7.55248932474348 4.541439988838987 10.881943447153228 11.141646534920882];
euros_km_B=[8.913950771637221 27.063907169981785 18.196372049242665 6.787053216599608 23.861823454707235 24.010046734601154 13.11290542448983 3.0108035252163297 22.390660487944633 14.012509141942948 16.700607297929544 27.37949122934023 29.343593633133494 19.78777765895541 26.750473502449484 25.302359176164746 17.689224655197137 28.919213560457617 7.071049958601748 2.7874967477639387 9.838955264022344 1.0961762176212986 29.395442874005045 8.171370833821156 9.149540664388784 16.28170286874469 10.407163835992378 11.47854908025127 24.118902518703834 21.490536489050243 10.86659522148922 11.222615805299467 24.866197165898225 29.098108547167495 1.3023728586118462 20.32627580862305 2.0640344094595924 10.019261077294484 21.431835669430427 28.240963339460997 14.85717134686295 3.270592283474854 16.934771679583285 20.622994024579054 13.028063463473213 3.5124717219417665 24.95639654072775 7.080552982394495 5.0795025118172745 25.613367439560403 7.408508371587382 11.038647678108477 5.295992840833258 16.495943039830053 21.7214490213351 6.244320468024104 27.363024390359783 18.017668795830655 28.05830959216039 2.2376413365905368 26.74436607569668 10.73842380825336 6.876881906036361 27.390753842387547];


nDrivers=62;
max_D=[235 151 220 211 130 169 196 138 183 240 163 188 176 174 122 226 160 213 182 218 174 184 222 227 160 226 130 153 130 133 147 210 130 206 138 238 185 168 218 195 233 180 165 187 212 165 190 190 128 138 186 182 169 185 161 120 208 219 181 177 184 187];
        

nServices=68;
S_starting_time=[75 706 483 643 475 119 608 461 1 679 475 247 709 31 482 712 279 702 716 15 463 225 619 454 107 666 328 69 493 218 471 267 35 345 480 12 296 426 552 510 624 108 559 463 680 462 566 251 517 198 405 120 557 116 698 206 385 556 609 119 321 324 374 324 386 80 577 637];
duration_s_min=[117 90 77 89 63 67 109 100 107 77 64 94 117 92 79 71 74 88 76 114 60 82 74 85 69 105 61 102 90 97 71 89 77 89 76 120 64 95 99 89 72 105 61 98 80 89 94 117 97 90 70 109 90 105 63 88 95 74 76 101 113 89 104 67 75 101 91 83];
duration_s_km=[48 30 31 39 60 48 52 56 50 35 48 43 42 58 56 60 55 38 52 53 60 52 49 43 30 32 58 37 56 36 32 40 56 31 40 57 43 56 52 44 40 39 41 59 54 50 43 49 55 53 47 51 36 30 55 39 41 54 53 46 46 52 33 50 30 54 53 40];
num_passangers=[76 93 41 35 53 89 25 91 38 28 51 66 68 24 84 77 37 79 91 74 29 80 28 23 30 51 99 48 29 50 97 53 70 61 56 75 75 82 46 40 88 49 55 58 35 27 27 99 95 62 38 25 26 37 68 20 33 67 70 44 31 92 46 99 39 58 98 29];
BM=250;
CBM=0.500000;
CEM=0.800000;    