nBuses=15;
max_busses=8;
cap_B=[135 33 89 63 124 66 117 61 58 127 99 39 108 54 65];
euros_min_B=[2.0222939528687425 2.6316981688704395 1.7875799005864803 11.533676472604538 13.022385338287972 12.237055826050664 9.499600647887368 1.6261475857679633 14.61737755001346 8.088027243638772 8.088694993800068 1.286490265762631 5.199742082314819 1.8174594316790993 8.201696969457156];
euros_km_B=[1.3684541003494997 23.85226709869314 11.254164779510026 29.637423350693076 28.186555936969793 5.799559692582755 17.859562443498714 8.61730178424443 14.480553712920452 21.70266067607911 9.856957871060757 29.759710571311977 19.126723729534454 5.083740688014354 9.991809500174423];


nDrivers=14;
max_D=[209 212 177 181 165 231 138 240 154 153 145 197 237 153];
        

nServices=21;
S_starting_time=[221 446 136 7 179 719 397 412 400 167 131 79 211 483 675 235 616 443 713 188 56];
duration_s_min=[60 60 103 116 93 104 66 98 116 111 119 105 72 113 74 107 71 89 87 81 95];
duration_s_km=[48 39 31 56 47 44 33 40 55 48 55 39 39 60 37 57 43 60 43 46 60];
num_passangers=[34 93 44 46 95 85 32 68 43 98 43 48 48 55 89 48 86 34 64 98 50];
BM=250;
CBM=0.500000;
CEM=0.800000;    