nBuses=46;
max_busses=41;
cap_B=[103 126 76 65 49 34 99 51 117 114 23 81 101 137 31 43 52 95 74 22 112 115 113 47 125 138 60 73 104 52 102 97 27 33 116 115 54 132 56 75 105 35 77 79 47 32];
euros_min_B=[13.103352942950174 3.7368400914427133 6.3103092919227075 13.86654686101514 14.096377566295539 10.037316675422947 2.930366534603303 1.717963168287786 14.16194780452316 6.236015249726407 12.72621307611322 8.996728399085173 6.15901294334599 6.46865860647916 4.669012199262667 1.2574818614451035 1.4528356721351516 2.7512989145916293 3.175935199501388 14.654930861700674 14.677937011830407 3.107930807905789 11.477006840825865 14.037532270007603 2.945933121990407 2.3795029943946435 8.523243153974823 5.963524306836369 6.472188042225877 13.628254656193405 14.220657629621044 1.1811134578241942 2.6329844173286814 2.6536934484300305 6.798132113410604 13.599928397916987 10.193807275327794 8.871798976268591 1.8422032224332383 12.834664812856031 12.241581963153866 4.61895934814947 10.100399572337405 13.499357735043686 11.081924418570145 14.425806139719654];
euros_km_B=[1.4003775445732398 23.821459603903676 10.826923337526196 13.322307630284733 18.336620178642832 4.640841061925582 6.067030298701707 26.566573957754848 10.167344986276332 21.19660748714532 25.77949163375773 11.293913087318712 14.980028340825656 15.2246991884243 20.306611739214688 11.849609096420583 17.415360872230327 25.739552060752292 23.47360491714092 2.5211835551808384 10.810073293360983 4.737823861043417 17.697634708666254 3.137579715782384 11.054041871838262 19.196621195167978 24.569555908335033 22.86856043032601 2.4441313018295032 23.578999325046446 1.8214367510325402 21.3196371655922 8.166593889036479 8.561364688454415 29.966896022138453 17.44387588841438 17.599713573216967 13.874638919006111 12.410973216493671 19.872890438757906 19.345273222888878 1.6090655034480181 21.859176328077968 18.826047945871732 8.662037790300094 21.653404223753814];


nDrivers=44;
max_D=[205 128 162 154 142 192 168 185 159 186 160 203 132 238 137 234 162 226 182 235 183 147 158 182 198 137 123 143 223 154 178 234 131 196 128 147 219 131 121 219 232 121 135 125];
        

nServices=50;
S_starting_time=[366 468 339 207 98 622 63 584 596 139 611 68 58 160 86 307 198 349 587 385 318 340 538 457 433 607 290 548 39 153 530 605 215 653 548 551 681 17 52 211 112 214 587 321 602 148 14 165 60 556];
duration_s_min=[107 107 89 75 70 68 95 81 67 64 81 86 81 113 91 120 79 101 99 72 62 93 109 75 99 107 71 104 94 63 86 109 103 91 77 113 72 97 89 95 88 94 102 65 107 106 105 79 106 78];
duration_s_km=[44 32 41 36 38 59 33 46 35 46 49 59 34 49 56 59 51 33 55 47 34 31 56 55 55 48 49 56 42 36 31 32 47 33 47 49 34 37 59 43 38 53 39 41 47 37 54 34 34 42];
num_passangers=[21 99 31 27 47 23 43 61 50 70 62 36 48 74 32 79 88 37 23 43 79 54 41 72 34 65 63 92 70 69 42 61 43 93 21 28 65 41 70 91 69 43 30 74 30 89 22 58 97 55];
BM=250;
CBM=0.500000;
CEM=0.800000;    