nBuses=54;
max_busses=48;
cap_B=[110 56 129 64 64 97 95 33 64 32 91 132 54 31 94 79 62 29 106 131 62 81 130 86 98 27 50 110 67 60 91 42 64 138 92 40 31 98 103 89 99 80 71 136 119 42 31 109 62 106 79 74 71 106];
euros_min_B=[4.9976477629634015 1.4372945764074825 6.406218584783267 4.350529691884068 11.270004610669726 13.8147532253969 1.8093963556279438 5.738240201595588 14.762935277284535 14.071687520049208 3.3950717136497692 12.874334574672352 14.632822168201793 10.034818900067442 3.203363790475465 7.701341981475112 4.361916358726219 12.725910778170226 6.2921250217715645 14.962606311156696 13.730344443868146 3.0380077572605564 8.515752008551832 1.8358969993401042 13.651155651993445 3.001524178297092 13.770747026653893 9.179417237171409 14.609915929704227 9.413410982830317 5.2758405214387905 3.9706174451962655 13.812019587600012 4.992155851021366 5.18179904910061 3.7274498455868295 3.1885261246168426 11.553328681461739 13.374062430552392 11.757032901990618 5.90179942278931 14.687925280808294 1.685099251699113 14.6353197423375 14.338542534888191 13.448066467811557 12.019882156090404 5.1269083102113555 14.267862261965591 13.218912174264196 10.976603638982699 6.42862098077476 3.7206949153642848 8.76439072922797];
euros_km_B=[1.9337378445348015 15.300411710540754 26.685816768612277 29.106227276939755 19.443504762466837 24.574838461219624 27.616640829495523 25.681807929242847 10.169398437713454 18.03304510374669 26.256145427369738 11.819694681421398 22.68366620496536 25.215505615655754 19.928960515969504 18.890735186739605 25.12650645458168 10.886751588394977 5.025921422242971 12.694712664578159 23.818547505496173 7.301681082607404 13.780603999426358 2.405290553618166 12.540618930837613 21.667282109198453 10.479229904544328 14.523922214267246 8.530594712720294 18.156130510806435 12.528316112553107 29.476421826589608 21.621430956318367 15.839414123645183 13.792146923552263 15.255880105355788 22.729857618299306 4.7020019298071265 6.588556928320438 23.318447621862145 7.718387942749976 20.060785596221496 1.0660421899123844 18.083571111340845 5.212403045404548 20.11254370613184 18.825820493651786 6.843882202793047 26.043950590821744 21.962394458209868 16.923943079624 5.121566302162899 22.750016275974954 27.304123127090456];


nDrivers=52;
max_D=[161 237 214 216 152 151 147 147 200 137 156 187 175 139 237 151 127 170 231 227 238 149 170 178 168 140 240 201 184 164 150 127 177 221 180 131 207 223 172 193 223 223 143 198 222 165 121 160 164 150 219 160];
        

nServices=57;
S_starting_time=[413 187 610 269 217 10 209 235 233 716 325 45 139 367 147 299 628 330 224 466 169 511 407 250 405 659 585 253 686 242 537 465 488 168 489 433 388 619 451 416 91 668 164 127 79 204 587 205 113 203 565 451 184 34 581 20 607];
duration_s_min=[93 62 70 116 78 92 107 98 84 104 100 81 66 99 86 72 60 94 86 62 99 85 65 64 110 115 104 97 112 63 89 70 93 107 76 77 74 85 72 107 68 95 84 88 90 97 66 114 108 70 117 89 118 61 114 88 75];
duration_s_km=[60 39 52 40 32 53 44 54 49 31 47 56 39 53 45 50 44 47 58 48 44 39 42 53 51 35 37 51 32 37 53 56 41 40 59 30 39 49 55 40 59 32 49 34 41 32 30 49 53 39 51 33 58 33 44 33 58];
num_passangers=[74 45 60 55 43 32 66 49 73 46 97 74 64 64 77 56 99 20 59 61 39 66 34 42 77 87 58 85 92 97 82 70 83 67 97 84 97 61 50 35 90 99 66 41 62 24 79 83 36 23 88 85 71 29 22 87 78];
BM=250;
CBM=0.500000;
CEM=0.800000;    