nBuses=29;
max_busses=27;
cap_B=[43 122 103 121 134 103 58 72 99 83 57 95 27 70 20 105 119 73 69 68 126 100 41 72 101 21 77 73 74];
euros_min_B=[7.170972715522837 7.369025873450953 13.790416604834325 1.2741950671299138 4.17950468375596 5.627619423343376 1.4773533720843455 1.036378669542324 9.66453305956772 7.0647254415848115 8.072912730046529 7.2174037178470964 9.630449642513453 2.5620805866924874 6.77778164439832 2.8345098540455496 14.168571974424609 9.058114272824746 9.733944188844196 4.964571190293236 9.005767457851281 11.014354198535017 5.0969895813718775 3.0181411462055707 4.020521557045124 7.483411606884338 10.13307748482511 7.3732024417350654 4.81912561038578];
euros_km_B=[3.2162969260071264 28.700791309557275 28.59596187521315 1.8437040359814945 19.306625478562758 13.608903337253714 13.149899064566467 6.782020034172545 3.4664412948720527 20.859207615122553 22.33347917180787 13.173912221464766 6.474438089109514 7.180859620369423 16.3496652995045 5.234720527320727 24.37456898252796 13.313636705903633 25.7082892416707 28.574891870618146 24.481287072756242 4.829985554168259 10.424554649317011 19.653531791362294 28.90815124203938 3.681702891684649 29.968451750016033 16.205910910441474 22.513688587482378];


nDrivers=27;
max_D=[174 175 156 144 181 210 145 210 224 199 206 221 121 139 146 210 159 124 212 135 202 128 229 121 239 205 171];
        

nServices=30;
S_starting_time=[277 457 214 424 243 265 684 261 284 491 599 623 119 435 334 270 420 211 580 324 407 458 618 339 492 533 53 191 86 168];
duration_s_min=[107 86 79 106 82 110 82 82 88 60 84 68 95 64 75 111 71 61 91 82 61 92 65 110 108 103 119 85 120 102];
duration_s_km=[44 60 31 38 49 35 57 44 36 48 45 45 56 58 58 46 49 37 40 46 50 50 53 44 42 35 59 34 31 30];
num_passangers=[63 69 53 44 86 62 47 78 71 71 37 27 27 58 76 30 76 22 92 62 94 85 84 85 59 31 41 31 53 60];
BM=250;
CBM=0.500000;
CEM=0.800000;    