nBuses=34;
max_busses=27;
cap_B=[74 101 57 25 41 51 60 29 104 60 27 101 108 96 132 70 69 42 93 128 82 61 122 123 110 114 81 28 45 81 61 21 83 26];
euros_min_B=[4.991189015967915 11.83890417276113 12.846795190247938 2.9197731201247317 1.8663439864406344 11.259354806042172 13.958736868482182 11.918503933350284 12.68004719126136 10.172546468629893 6.758234986882181 10.971429698256085 10.299715840393826 4.470650291234126 10.99585254126099 14.283567538537387 14.880174960950486 14.196673236351923 3.257605100860506 4.124630596437613 12.477347054876425 14.62693729877247 1.0498698038425753 13.673263201981605 13.689171628503171 11.4695081030317 7.946754117610752 14.37995248440904 11.801450638560572 7.1692446897816655 12.94137234407916 13.158548464656727 2.1225678155903163 4.858132365897499];
euros_km_B=[24.845359966347658 25.63610345510167 1.5680978297685209 12.301829343406967 22.92199077391913 9.723009524452879 16.750176092742628 21.60065232655316 11.945617645697665 9.918705734975406 22.410200317403568 1.1535878887655304 8.500389611211133 16.999283824831714 7.7905939781178795 27.961122682164923 23.87225061129768 13.205809886873634 20.553235658642155 20.725550615148183 26.541151198736085 15.51881585088289 3.116168005830823 17.85983369573901 26.612874479692742 4.2939713994164155 14.080050947351207 13.420165614161032 18.099936035597235 8.39393938308814 9.19196295953401 6.377449359906352 22.303918109822447 1.7041621962098372];


nDrivers=33;
max_D=[169 204 201 144 137 216 152 132 175 125 167 225 135 140 223 166 140 239 232 235 125 198 135 191 193 131 199 199 202 126 208 185 192];
        

nServices=35;
S_starting_time=[448 245 222 637 627 262 561 343 303 79 475 97 194 543 575 172 322 22 130 154 268 107 280 434 693 255 79 629 544 80 691 162 569 484 151];
duration_s_min=[84 66 79 81 64 98 113 104 119 105 68 75 92 74 106 84 105 109 109 99 106 106 63 97 104 79 93 119 100 119 108 116 117 99 72];
duration_s_km=[49 38 50 49 37 44 30 51 46 31 43 37 38 46 54 41 58 51 32 42 60 54 56 55 50 38 46 36 30 30 49 42 46 40 53];
num_passangers=[38 40 73 62 79 32 94 34 91 23 65 25 82 82 62 53 29 84 68 87 38 99 36 86 33 43 41 93 22 36 75 78 86 64 100];
BM=250;
CBM=0.500000;
CEM=0.800000;    