nBuses=35;
max_busses=28;
cap_B=[124 80 65 25 60 109 21 131 132 76 139 134 111 42 71 29 25 37 66 35 83 70 93 64 91 75 107 114 76 103 41 135 62 105 100];
euros_min_B=[4.826420924832546 9.84160608823188 4.164943198307294 9.21839392950552 4.035022326919105 9.393514733555273 6.509431386440632 12.176710555111622 10.076708920728544 12.018971399769974 13.475315265189925 9.536141999949661 4.412392910844615 8.027246470097142 11.007246353649961 8.587039403324635 14.623512561724045 7.640720661537067 2.1929933899934078 1.0549945061939467 10.703668255335014 12.700994405400712 10.506083259985903 10.132650230225469 14.85196899089868 12.578694575211395 8.554550187325669 1.0570137234644295 11.23538450658325 10.655652738224996 2.315506041936656 12.529325636245332 7.366643523145692 1.674301946875496 9.141661701337156];
euros_km_B=[13.864095030857419 15.015327598317592 19.976364697311965 7.1774572793345515 18.030810066736922 7.685522856049028 18.99450638964746 15.849025118998462 10.282957125996107 16.792443760399728 5.782058376739777 12.290668520115295 23.077178517344354 11.213616159974192 22.562365530745637 19.93712934754528 23.084571092953123 16.683220256101635 12.056782664459062 17.673265128552877 9.66611567720625 7.8124190864360985 18.395246711954016 7.476859889985204 27.926299533212305 27.658926520770265 7.179227769513786 5.407933083238717 28.126148721629665 6.266529546384061 2.176310436181717 26.01701938108576 19.356645688435098 11.179683695900518 16.543845389153084];


nDrivers=36;
max_D=[223 195 185 238 170 189 222 220 187 185 236 143 157 223 171 142 144 157 225 142 147 232 216 232 126 139 201 128 232 219 226 201 165 180 170 209];
        

nServices=40;
S_starting_time=[373 406 92 56 218 486 642 278 165 238 623 709 367 714 34 188 439 177 284 405 315 720 270 629 522 592 645 222 454 75 157 464 71 544 709 422 624 565 254 519];
duration_s_min=[87 82 102 86 82 95 70 120 70 73 83 98 78 63 66 93 62 108 61 70 101 78 113 60 67 118 119 76 102 104 96 96 115 90 66 73 78 65 95 90];
duration_s_km=[30 46 56 31 37 40 31 57 47 39 34 46 45 41 43 36 60 30 36 41 40 50 33 32 42 59 50 40 54 54 41 31 44 32 48 37 52 57 32 34];
num_passangers=[45 48 45 23 95 35 43 24 62 83 36 48 79 85 33 68 59 44 88 34 55 98 54 48 100 94 57 98 53 69 56 77 49 60 69 47 81 35 33 33];
BM=250;
CBM=0.500000;
CEM=0.800000;    