nBuses=43;
max_busses=42;
cap_B=[98 70 37 108 27 64 53 43 41 32 29 30 24 33 136 43 27 85 137 121 51 60 66 63 80 96 25 42 75 75 71 89 140 70 100 99 64 25 55 104 45 105 66];
euros_min_B=[2.581384999943978 12.63435624705474 12.881030593754103 8.300123195135123 9.3983750240904 11.838742814575598 8.98345327426846 7.918204256018497 1.3218899579299102 6.141398094944407 5.504988394301841 4.360109189819665 7.573631982979692 13.978696708289462 4.8421882907820795 7.555471172872609 10.363136985543294 8.15256085901694 5.474898926915166 1.6429303005509883 12.454867102149365 14.569431617060403 1.511598713498912 9.78641012099936 13.258732619951862 10.653010727410912 10.57345573251163 9.472806848064739 14.364983619142565 11.395087922902524 2.86266426089261 8.70839407683259 14.49088611198219 7.0135698772598705 11.715737861092077 10.381116014182584 9.245629048460088 13.272473759167568 8.932068936111929 2.7997416843436786 10.600661990752227 7.960074112889681 13.55452082003157];
euros_km_B=[22.636331199336304 9.348322813209887 1.4507138918440141 4.648957619838665 24.75632200231559 22.451918759191926 29.27251857860391 15.13338751255472 26.84133049518772 10.04884043041774 9.17430937377194 16.437691375160902 4.364883093732688 22.059289494754047 6.254992963134374 7.812660835818106 14.884565499406282 18.5786116865663 22.242955301199718 10.493434277314988 19.71479668017989 18.89167494727495 15.924541050040798 27.337860000347572 6.518625162490413 16.351938595050864 23.247567241377386 25.903140016246518 6.979506197179504 27.88741862090122 8.496920831526811 24.19369747087337 19.20547475432837 2.31634258936152 3.990858292263154 28.576074790412964 29.249877436763363 20.381603508720485 10.875954085458915 19.072707335388206 25.402294193444533 26.30300611038423 27.645731426816152];


nDrivers=46;
max_D=[151 205 137 182 126 158 200 180 232 234 142 122 162 205 219 146 188 158 231 197 138 207 227 220 152 189 240 179 215 200 159 124 228 145 181 140 154 151 135 164 164 189 163 126 161 182];
        

nServices=50;
S_starting_time=[112 630 547 101 629 663 560 643 323 494 661 124 406 272 280 211 547 27 89 450 229 90 439 254 378 692 602 608 267 569 717 30 454 158 412 373 271 134 585 178 11 408 327 412 458 299 474 423 626 519];
duration_s_min=[104 63 81 90 113 72 108 64 84 77 88 114 63 89 79 115 79 116 106 63 93 97 111 82 81 96 98 82 74 88 72 88 112 117 114 85 76 111 83 97 74 62 65 99 83 105 88 112 71 97];
duration_s_km=[49 33 50 57 46 37 49 49 48 55 52 54 32 59 38 38 34 32 38 45 44 56 33 31 46 39 42 52 41 49 32 58 33 40 45 49 41 53 43 45 36 59 56 47 58 60 54 52 32 49];
num_passangers=[54 37 44 93 21 71 74 23 76 29 49 91 61 23 51 44 77 90 40 51 41 83 86 43 25 36 99 88 78 99 89 100 92 87 60 40 49 64 56 29 60 74 82 88 23 80 52 56 74 62];
BM=250;
CBM=0.500000;
CEM=0.800000;    