nBuses=60;
max_busses=49;
cap_B=[139 66 126 57 93 121 103 79 45 89 74 47 125 129 96 95 75 43 90 74 107 109 134 79 134 115 93 109 75 60 72 123 110 60 58 123 125 133 40 114 32 34 65 102 101 53 27 54 58 41 29 69 130 65 45 118 127 38 59 69];
euros_min_B=[6.17334949170738 4.212151216878182 4.046813926286812 2.0576877396525504 9.825504380019387 4.963193884594724 2.5263849095463558 12.496279431576696 7.547817020541863 14.859602130052524 1.739509159637354 9.289338216648202 1.588042119509327 9.417015603094809 4.105735998748495 1.4050180738122344 4.350574167476776 5.209846945164602 14.274100855347443 4.640433922244279 1.7051494520483874 6.659648785791562 1.269200361605804 11.512993464144348 11.874974779984418 4.611555477391309 6.6147142103330445 4.622329955638457 8.889554610800005 6.349001560904667 11.189079055865122 5.543890447339973 9.305439403732898 12.654298231675552 8.212139911446496 14.794000225264595 3.5830530898914907 4.109377458469712 2.8440754450598504 13.472796115693319 7.361766251821631 11.67853201960925 12.795903171047625 1.4149817840235348 3.02977043138337 11.016707910920575 3.540410831972231 5.191752653251507 9.227113984062743 10.731331845375133 8.123742020449097 2.436541500176257 1.4727203501976132 9.32107458144936 1.1782972861141126 3.175917616948128 7.361025384818772 8.35520722310354 6.56141079101935 2.751050557962208];
euros_km_B=[17.90454070927996 6.999544802533477 19.972128925976808 23.351838876728483 18.06292299182141 7.300243244024311 7.6700333668243665 13.619016672221575 14.527198267793194 14.237335235742487 4.15125632506747 11.57208506941392 16.140033947434986 20.448555204412422 6.8484323063136285 5.176328277489032 29.982904475214212 4.181703455953558 6.917911426917609 15.036823508551954 19.933576009851194 10.32811880941161 8.489421508637571 27.947621074896947 11.778621660021356 25.206055710254688 25.397063596579837 3.9111816392451435 22.868381132266375 25.00396841108934 14.825951031760313 29.835122133145003 14.388646670848045 8.658807571269914 17.56406016530734 15.316388960992953 17.21357105953716 22.455959724083183 23.744576376879362 23.085027010854457 25.37931736956831 27.205677635585992 22.023494995692026 16.026402564222828 4.5191219601268084 14.04597349436658 15.687474883118963 7.763042149728306 21.168956831594816 3.0482998030955963 18.493776180980245 28.491250765047216 8.262747882371032 9.413086489397951 21.850918995798196 5.552488096020669 28.83767521944811 29.424246532200367 25.611995340693817 1.3904769430761252];


nDrivers=59;
max_D=[140 177 236 160 137 205 122 140 201 172 196 125 197 206 121 125 150 237 218 191 127 169 200 186 206 198 153 221 142 176 171 239 125 231 224 137 204 142 154 240 228 137 230 213 129 211 120 166 140 137 131 187 189 208 188 156 165 146 160];
        

nServices=62;
S_starting_time=[34 109 172 48 456 357 310 392 532 534 538 631 193 214 190 436 245 257 235 280 2 550 1 38 668 482 1 562 642 667 450 55 129 198 39 484 389 101 402 204 75 354 265 683 409 327 681 565 281 669 136 495 351 509 375 45 643 12 34 34 484 148];
duration_s_min=[69 60 65 67 87 66 62 100 109 76 70 64 87 87 78 77 73 106 97 115 109 91 90 82 82 108 98 117 90 89 74 66 82 74 70 66 98 79 96 99 77 76 94 68 78 107 105 107 76 62 71 83 77 67 93 91 93 87 85 89 107 114];
duration_s_km=[44 43 54 41 43 38 32 53 56 49 57 56 47 53 49 30 37 38 59 51 49 56 44 37 34 43 33 40 47 48 32 59 31 42 45 47 39 48 60 52 52 39 42 52 51 43 36 51 46 49 59 47 43 43 46 57 31 31 33 46 56 30];
num_passangers=[55 74 34 56 93 20 63 44 28 90 27 56 23 74 65 61 58 25 57 77 74 20 88 39 98 77 52 78 87 28 80 59 67 38 80 28 57 64 55 51 63 83 35 90 30 54 50 44 70 28 50 43 78 22 67 99 71 60 62 94 42 20];
BM=250;
CBM=0.500000;
CEM=0.800000;    