nBuses=30;
max_busses=29;
cap_B=[130 123 30 62 68 131 106 70 58 63 72 47 94 57 60 51 114 33 77 86 24 20 23 74 136 74 33 87 111 59];
euros_min_B=[9.23956300661939 6.4351727645721795 14.575455969653305 6.4163406617291265 4.207480554831897 7.889103347484866 10.191828786980803 12.71452270676842 14.777101188662362 4.839970934224372 12.381623736855715 3.606669305882881 12.528313192744651 8.195880211068285 13.643823711277719 12.479532416474026 6.600921778969644 5.880045747082083 13.79418456028641 1.43730498618822 14.785046551205646 10.66824990402716 10.740541295506983 3.957668836998647 5.361270639435785 10.474590226904837 11.388654406580434 3.6187060123875865 10.632206008257157 9.904503605558451];
euros_km_B=[13.559887264360444 15.206642674293139 21.674256100070433 12.931482024196105 13.840693531533462 27.9673554375914 29.52458124119691 10.90533837991501 6.780768404405506 9.231949351232158 13.643819363590271 1.924011839119325 18.234680499529716 27.572857681309703 25.648673402755897 13.446792136247272 13.223296196376053 12.125500487060812 15.121306473411124 15.955097772434236 7.540247766213259 17.704402480793107 29.901624271164774 26.946088900482806 2.349386291445419 4.0074930034983245 4.716327660093453 27.13070180622271 29.649346363922724 11.192382638449569];


nDrivers=24;
max_D=[239 222 187 159 220 217 148 236 198 147 226 192 190 225 213 144 151 196 144 227 176 198 160 180];
        

nServices=31;
S_starting_time=[580 235 325 329 277 710 199 615 503 619 632 384 561 488 3 360 256 272 510 97 584 568 458 162 533 486 283 251 396 532 688];
duration_s_min=[68 114 62 70 69 77 102 89 64 109 79 114 63 119 101 71 98 71 112 99 87 101 104 104 72 100 114 74 97 110 118];
duration_s_km=[58 35 55 32 52 42 43 36 38 54 40 35 36 39 30 32 47 41 52 35 52 44 45 48 46 47 55 42 39 49 37];
num_passangers=[59 22 44 81 97 76 80 32 69 53 83 21 33 29 81 55 98 97 39 84 70 66 22 100 63 81 91 82 95 41 81];
BM=250;
CBM=0.500000;
CEM=0.800000;    