nBuses=39;
max_busses=32;
cap_B=[25 32 49 112 117 127 117 83 117 138 42 96 75 96 36 73 88 42 113 107 77 36 26 101 46 86 31 132 91 102 37 139 110 40 99 117 70 120 115];
euros_min_B=[12.883677472743951 1.9621539299561424 9.136449656885388 1.6177293331862515 8.842698219265934 3.549674098552516 2.1653177759631226 8.243405611469655 9.894539228320262 10.59077173915671 9.747444557982575 2.5327473912666756 9.55194377074633 2.743915744628005 3.565674890386502 14.758515808673886 8.935372757048011 1.4267388757318262 4.7508050025488355 11.079009478464833 10.045234308449116 7.910046131383885 1.1401634797169593 3.5711262736391713 4.811070684375505 5.233783662941142 3.495093012158811 13.074141728995954 9.267770113879124 4.597254973534007 12.239073326323568 9.93749625158738 1.3068916847020813 12.326084519974767 8.056120992962775 5.798902756058988 14.046144668609285 4.313180642252005 5.814761328069534];
euros_km_B=[21.57363005281771 15.960113469768626 7.243422240464538 1.5346712137222063 19.67568643623921 17.0050047864766 12.842018146193283 5.766648988147588 7.226076676296186 10.301671436613946 21.85075337268235 22.610583644611513 7.280483059827256 19.99780689112152 4.416684191870713 26.62473646253185 29.312558386591338 13.103003170684246 12.457354941725686 11.944899486796086 16.867017898033033 8.621703155981873 11.202349169411935 21.22290750854011 9.896507553418068 11.145720633894033 12.748245207449296 2.787970119911249 26.64540088493085 17.030377516667567 20.943421554465978 21.248670158024147 10.65765133085515 16.67278182058663 16.625716638481165 17.289033049769273 1.6368209696950653 18.066152533347413 26.23860997987397];


nDrivers=40;
max_D=[184 132 213 126 164 165 120 137 186 151 128 123 202 215 130 128 237 215 124 182 166 182 228 237 120 178 199 172 183 217 148 180 164 163 154 210 136 142 189 173];
        

nServices=44;
S_starting_time=[375 178 470 59 91 222 571 208 573 368 387 102 609 300 450 224 126 637 701 68 177 200 302 440 42 331 559 478 523 86 492 301 333 74 52 7 697 340 167 689 187 138 79 173];
duration_s_min=[78 100 118 64 101 77 118 120 90 83 64 74 114 111 64 73 68 102 90 67 108 98 98 61 96 107 67 112 100 68 110 67 75 65 106 87 68 104 92 66 117 117 99 77];
duration_s_km=[43 38 41 51 47 39 60 54 30 58 35 55 57 52 45 56 40 35 53 57 54 46 46 53 41 57 40 45 43 47 37 32 57 57 36 34 33 50 50 46 44 53 58 30];
num_passangers=[56 26 45 99 30 44 79 78 64 63 38 93 88 83 97 57 98 88 34 52 27 77 37 80 45 62 27 70 64 36 93 67 72 73 34 94 97 100 84 67 70 84 93 82];
BM=250;
CBM=0.500000;
CEM=0.800000;    