nBuses=30;
max_busses=19;
cap_B=[132 20 43 35 49 64 114 132 81 98 73 38 80 56 132 51 101 42 95 72 36 87 131 72 35 58 31 138 120 116];
euros_min_B=[10.972444605075248 11.076021692710329 5.980586500262811 3.3302666019526406 14.13040626312022 11.828971754600433 1.9824093936649492 6.392263190177478 1.2133191847175142 6.286899799001468 1.8848796280092603 12.092782290050394 7.978571530687262 1.4963679238868606 12.600551467397452 8.871240858755801 5.893857884219783 12.924090135718478 4.018016064759784 10.402671374436208 5.17387701194638 8.001052637370318 13.036779172410501 1.1284726704625687 13.461487485106222 3.636112525130189 4.290350404241804 10.132073871775038 13.594708897467243 4.605291362888059];
euros_km_B=[6.000641554505361 29.788422399874268 19.241017423738636 23.00973456895806 22.453814347372948 13.858508561693453 21.58691357517982 17.0829958406508 16.785127997446054 19.477888192796172 14.962800725110553 4.619471006013563 8.185372462406564 23.478210556932492 21.257332366272102 13.877223811362827 24.176870760440583 29.223146651477947 23.570295514093864 9.314863165385706 27.815115390160376 11.940066302250033 29.929521434133402 26.95019095751874 6.226830086135342 23.862826156444765 16.011990425910955 22.625627178003477 19.63091693672633 8.716218463298288];


nDrivers=29;
max_D=[208 213 213 144 175 228 177 188 166 230 126 188 124 212 221 192 140 155 188 236 206 204 184 208 146 163 171 170 130];
        

nServices=31;
S_starting_time=[646 338 252 495 395 277 233 637 438 588 10 563 461 63 149 198 234 687 74 263 24 74 191 593 322 504 16 704 571 329 281];
duration_s_min=[113 93 92 112 71 84 115 90 73 91 99 111 63 84 86 110 115 84 67 87 67 96 109 96 92 101 95 107 98 81 66];
duration_s_km=[48 48 30 35 46 36 53 55 58 56 55 58 32 40 58 52 35 57 32 34 30 44 38 45 47 52 42 43 37 42 31];
num_passangers=[25 89 58 67 69 50 58 56 70 24 76 91 84 49 72 62 72 85 31 49 29 72 79 94 65 37 99 81 88 60 41];
BM=250;
CBM=0.500000;
CEM=0.800000;    