nBuses=59;
max_busses=62;
cap_B=[100 41 92 114 27 44 63 35 126 92 132 92 39 25 76 83 33 114 45 102 96 20 31 117 110 131 112 73 57 108 68 33 69 25 102 60 54 51 55 124 87 61 55 48 72 63 129 127 48 129 139 121 113 133 137 26 59 132 34];
euros_min_B=[3.7833902888403985 5.452162965278665 9.947373968907616 4.679297308562196 13.6332661854105 11.507334874323375 14.922622575927676 13.333343521088848 5.4376003021102965 11.50358128601977 13.262581990196495 6.271583113676399 5.54896408590245 8.22256294675397 12.546849095209726 2.7347960974038914 7.330021137740488 13.025629438576598 5.367439724679562 6.690848889614153 14.423346791607072 6.526121395948291 6.157062510604023 13.33051507968991 2.600620310810563 14.154943751522454 4.956142513678065 12.868948265440071 11.531136997200129 12.125625808193833 8.768082921810283 12.571560855900334 8.827805806926285 12.186180927559958 8.687927299322656 12.926582325228939 7.991347544852166 9.672324171961067 7.665584114095184 7.134802613184406 10.270470320342977 11.172644377140518 7.131183154231943 4.244059880277184 8.649018758698592 5.298256229247597 12.21035895645438 4.351471860363871 10.780884917420043 5.543408689082607 12.518039679998068 9.329606718401484 5.631098528629783 4.637866473728943 14.3672059548039 8.441047165042054 5.598013358000983 6.330372663432183 2.0932577701542936];
euros_km_B=[4.481296078542096 18.088444863129695 3.96210646644003 16.569424249714086 6.247302394180148 4.735250274660728 6.676658139027615 14.241097238277291 22.363845126451125 27.011950406278817 24.125469018879077 4.278703159103241 29.91462639290477 15.865715367006 13.533025689144967 18.286779980599526 23.94581380398855 22.815171833700173 7.896095473948147 5.297151635459344 3.4840274374213145 29.3395190898452 4.241748107355599 4.290249315361681 9.626950962968374 22.392672472404993 7.76124105448025 26.384970357953577 7.128965540378135 5.0644066239111165 10.803951959059175 19.96496363515972 5.948911904847024 22.411880256410864 29.85814425342123 19.175373427997645 6.575165771813901 20.41726707969414 21.547819441536028 12.348039006707808 2.504089881965675 2.4281772849515146 17.08372148611764 25.45630593195583 24.567144624862784 22.254985808971902 5.7905915480182175 23.08237218171504 10.604696791762532 16.78840542391017 18.718692065465245 14.623837785634686 3.9326423581158156 7.737854489994132 10.583291450990767 5.691817735607581 29.482485320104317 11.375395408312945 26.181219225364956];


nDrivers=57;
max_D=[202 212 131 200 134 218 179 233 122 214 198 180 193 198 231 207 192 127 159 136 159 156 124 130 200 209 181 158 175 197 196 121 157 129 157 217 206 121 216 179 183 155 220 240 234 159 193 128 205 225 167 138 204 221 161 225 226];
        

nServices=64;
S_starting_time=[255 572 116 164 73 110 492 395 512 580 556 303 17 324 338 642 379 206 603 8 162 669 328 679 539 545 380 150 378 472 648 140 43 174 226 458 646 435 118 1 657 585 162 463 176 330 41 18 261 409 617 323 583 243 567 160 415 505 388 175 294 183 68 362];
duration_s_min=[114 91 96 103 108 86 79 109 73 85 79 101 96 81 82 67 85 72 72 95 95 119 104 118 88 79 74 81 102 106 112 84 85 80 109 79 90 86 83 99 67 64 71 114 71 73 71 83 76 80 117 115 67 96 70 78 80 71 73 81 82 119 63 101];
duration_s_km=[35 38 39 31 59 50 38 59 53 47 58 37 55 53 38 55 52 46 33 58 48 39 45 34 36 42 41 49 56 50 46 47 51 40 32 45 49 53 42 39 60 33 54 52 43 48 35 46 37 34 50 44 55 55 41 43 34 33 43 52 54 49 41 41];
num_passangers=[94 71 22 88 49 37 45 76 35 63 97 49 78 79 79 65 76 31 67 36 23 87 25 77 27 86 56 50 43 60 56 52 72 46 29 57 43 56 74 58 28 26 21 96 45 79 48 66 38 77 74 45 29 20 69 23 90 73 55 40 54 73 20 55];
BM=250;
CBM=0.500000;
CEM=0.800000;    