nBuses=59;
max_busses=57;
cap_B=[108 72 95 103 53 102 129 75 33 107 140 63 139 123 83 82 112 133 80 46 66 137 122 28 34 58 61 110 21 51 56 89 130 95 39 104 52 91 21 113 58 35 116 139 48 66 122 92 45 21 95 36 111 46 62 54 68 91 64];
euros_min_B=[6.880863656465806 4.36453364298786 7.57794857811687 8.461819947293645 11.287958771101815 8.141994162470771 11.447490315603948 5.405218274866998 6.567581840770428 5.137451044493699 12.186308994676923 10.420992948478142 9.238124835543369 14.712490239787833 14.049348639993095 8.181750011758051 6.98018230096677 8.699245004544338 6.252617082773667 4.085191684513567 5.88504870335902 10.759416635086867 6.938399206908707 8.686783165443703 1.8931057224966772 9.261274473725287 6.79167152000433 1.8365648329161035 11.336988688404407 13.43074996747874 3.8167710896160094 14.13221976675689 14.623212557447939 12.584768775055196 8.465666125621434 4.098625305624226 12.2467499952947 14.280396807601406 11.046758508325416 12.2899229921114 6.9163849960122405 14.781386549472726 1.7302967959375293 3.994383688874338 13.101595867041153 8.067311186052383 1.9303024396333242 9.68465278013867 9.315485407314519 9.792214696164804 11.24968274525541 8.144464444538237 9.640837868208187 8.480130064041413 6.568057026765473 2.2463210605242407 7.865499623445853 10.476309863543806 4.399508114055694];
euros_km_B=[14.28957557413313 3.4302583700355824 14.808636483076974 15.4286570450244 16.275211261545447 7.877635890397143 26.0501468579511 24.7377683501124 3.9243344487873615 20.575872938076234 19.927114754783442 8.886120659360737 1.8188700389973045 25.339468553015813 8.138806781939472 26.32594827352432 1.2619355949812259 24.80626800097275 29.132490220337527 5.071963702273963 29.78589383666441 20.444912172670545 27.790732838828387 27.413790955540918 3.215528174559461 5.526256376449912 3.694204950923427 8.541513096701841 26.866560763097507 17.91131154752775 13.196918989147445 23.858720512307457 28.778745053715433 11.65242843662018 29.672475015088892 15.948843549750698 24.845879864594085 22.575069900941795 26.190897772327855 5.387848622852142 12.882573607563558 9.144952422026481 2.6520539335261284 1.510383003967224 8.66043501948884 6.84058107767425 7.079922570801189 17.79635339504475 1.1967010565964267 27.891606293305916 25.892702319452155 22.147112578475976 20.24778820326231 11.51745177887417 21.73991160963287 28.096939123533623 25.865487647533513 4.479270958024983 5.873191339639122];


nDrivers=57;
max_D=[177 223 162 129 177 219 188 142 224 122 234 176 199 216 135 222 143 162 153 155 233 169 240 223 173 162 133 166 204 186 159 213 208 193 164 167 239 232 183 209 239 167 238 162 237 154 131 218 202 188 128 207 126 137 238 220 181];
        

nServices=62;
S_starting_time=[259 234 366 512 527 158 18 288 433 102 264 675 316 661 258 544 173 274 321 683 577 140 214 442 558 216 201 104 323 708 634 428 68 60 390 238 86 99 629 173 203 87 507 426 202 697 363 705 560 653 503 218 73 336 351 658 247 611 147 651 387 5];
duration_s_min=[77 68 90 60 119 89 105 89 86 79 92 104 87 106 114 91 61 70 78 88 70 72 99 72 111 64 119 78 100 118 108 64 69 76 117 87 63 117 90 108 108 70 92 119 69 113 78 112 97 71 74 94 100 116 95 77 101 117 68 68 63 69];
duration_s_km=[53 35 45 53 45 39 32 38 50 39 54 42 42 35 44 36 32 44 46 40 48 32 38 34 44 55 50 60 48 43 43 38 31 31 55 56 40 37 41 46 54 56 39 45 55 30 32 43 34 56 33 37 58 32 58 38 40 35 57 37 44 60];
num_passangers=[75 78 86 61 77 21 40 96 34 54 72 97 51 93 63 82 96 90 39 81 73 41 84 34 54 45 83 88 97 92 83 77 84 70 79 52 38 93 57 80 49 41 82 52 28 44 34 99 28 45 69 90 54 54 41 65 45 93 60 29 35 67];
BM=250;
CBM=0.500000;
CEM=0.800000;    