/*********************************************
 * OPL 12.6.0.0 Data
 * Author: marcepv
 * Creation Date: Jan 7, 2019 at 11:44:51 AM
 *********************************************/
nBuses=15;
max_busses=25;
cap_B=[135 123 111 116 106 101 135 137 124 118 100 108 109 101 106];
euros_min_B=[7.244275423041254 2.2599146968706987 12.434926970907991 7.916945995071098 12.383102044742055 8.29168878095136 10.4453957519566 10.005144247356174 6.8493222068606725 1.5750693613693245 6.875685819417293 1.1044394707623624 8.551364088593331 6.509748539282357 4.139535952757524];
euros_km_B=[3.0371679497689925 25.506959847971906 23.325754992689625 12.810355065699198 20.422114181141605 20.447237755209017 5.535149254692775 28.592580172730365 8.783207307727716 19.93248081929704 23.06271507351019 27.941155999847588 13.257534229572009 11.467928949823067 12.794627506142843];


nDrivers=15;
max_D=[130 214 226 152 133 186 125 195 186 172 162 206 138 164 157];
        

nServices=20;
S_starting_time=[751 4426 3724 1819 4107 924 4160 786 907 2332 4215 448 4642 2040 716 2152 1804 3526 1768 1740];
duration_s_min=[91 99 114 61 107 107 74 91 63 77 96 69 115 119 81 106 109 94 68 72];
duration_s_km=[44 44 58 58 51 36 48 55 34 60 35 52 33 37 51 34 45 38 50 40];
num_passangers=[42 87 75 48 89 82 44 39 36 22 41 87 56 71 86 27 46 44 60 44];
BM=250;
CBM=0.500000;
CEM=0.800000; 